

----------------------------------------------------
STRUCTURE by Pritchard, Stephens and Donnelly (2000)
     and Falush, Stephens and Pritchard (2003)
       Code by Pritchard, Falush and Hubisz
             Version 2.3.4 (Jul 2012)
----------------------------------------------------



Command line arguments:   bin/structure -m "/Users/johnmola/Desktop/rpbbfeb27/rpbbstructure/rpbb20k100k/mainparams" -e "/Users/johnmola/Desktop/rpbbfeb27/rpbbstructure/rpbb20k100k/extraparams" 
Input File:    /Users/johnmola/Desktop/rpbbfeb27/rpbbstructure/project_data

Run parameters:
   231 individuals
   13 loci
   9 populations assumed
   20000 Burn-in period
   100000 Reps


--------------------------------------------
Proportion of membership of each pre-defined
 population in each of the 9 clusters

Given    Inferred Clusters                                                 Number of
 Pop       1      2      3      4      5      6      7      8      9      Individuals

  1:     0.033  0.014  0.017  0.028  0.728  0.031  0.045  0.059  0.045       21
  2:     0.103  0.014  0.128  0.223  0.019  0.118  0.169  0.111  0.115        7
  3:     0.097  0.026  0.090  0.183  0.063  0.065  0.146  0.165  0.165        7
  4:     0.108  0.063  0.081  0.059  0.048  0.158  0.147  0.140  0.196        8
  5:     0.173  0.026  0.013  0.079  0.040  0.178  0.185  0.141  0.166        4
  6:     0.073  0.080  0.067  0.200  0.033  0.087  0.161  0.152  0.146       35
  7:     0.106  0.029  0.040  0.154  0.061  0.087  0.252  0.116  0.155       40
  8:     0.098  0.093  0.067  0.137  0.042  0.089  0.146  0.167  0.161       19
  9:     0.097  0.026  0.039  0.071  0.220  0.069  0.152  0.137  0.190        4
 10:     0.173  0.159  0.103  0.196  0.022  0.121  0.052  0.104  0.071       11
 11:     0.049  0.013  0.556  0.019  0.126  0.043  0.066  0.049  0.079        8
 12:     0.181  0.292  0.055  0.074  0.032  0.193  0.075  0.047  0.051       60
 13:     0.088  0.019  0.021  0.094  0.041  0.067  0.174  0.265  0.232        7
--------------------------------------------

Allele-freq. divergence among pops (Net nucleotide distance),
computed using point estimates of P.

      1       2       3       4       5       6       7       8       9      
 1      -    0.0275  0.0394  0.0285  0.0322  0.0025  0.0119  0.0171  0.0159  
 2   0.0275     -    0.0631  0.0463  0.0465  0.0293  0.0349  0.0357  0.0361  
 3   0.0394  0.0631     -    0.0559  0.0666  0.0399  0.0405  0.0452  0.0438  
 4   0.0285  0.0463  0.0559     -    0.0412  0.0299  0.0237  0.0286  0.0301  
 5   0.0322  0.0465  0.0666  0.0412     -    0.0305  0.0307  0.0370  0.0367  
 6   0.0025  0.0293  0.0399  0.0299  0.0305     -    0.0125  0.0176  0.0161  
 7   0.0119  0.0349  0.0405  0.0237  0.0307  0.0125     -    0.0122  0.0104  
 8   0.0171  0.0357  0.0452  0.0286  0.0370  0.0176  0.0122     -    0.0017  
 9   0.0159  0.0361  0.0438  0.0301  0.0367  0.0161  0.0104  0.0017     -    

Average distances (expected heterozygosity) between individuals in same cluster:
cluster  1  : 0.6799 
cluster  2  : 0.6743 
cluster  3  : 0.6319 
cluster  4  : 0.6830 
cluster  5  : 0.6839 
cluster  6  : 0.6816 
cluster  7  : 0.6752 
cluster  8  : 0.6778 
cluster  9  : 0.6816 

--------------------------------------------
Estimated Ln Prob of Data   = -9925.9
Mean value of ln likelihood = -9216.8
Variance of ln likelihood   = 1418.3
Mean value of alpha         = 0.0549

Mean value of Fst_1         = 0.0912
Mean value of Fst_2         = 0.1040
Mean value of Fst_3         = 0.1960
Mean value of Fst_4         = 0.0962
Mean value of Fst_5         = 0.0960
Mean value of Fst_6         = 0.0890
Mean value of Fst_7         = 0.0706
Mean value of Fst_8         = 0.1061
Mean value of Fst_9         = 0.0948


Inferred ancestry of individuals:
        Label (%Miss) Pop:  Inferred clusters
  1  BAFF014    (0)    1 :  0.010 0.006 0.008 0.011 0.893 0.016 0.016 0.022 0.017 
  2  BAFF379    (0)    2 :  0.192 0.013 0.066 0.057 0.014 0.213 0.249 0.083 0.111 
  3  BAFF212    (0)    3 :  0.057 0.055 0.018 0.240 0.023 0.075 0.321 0.129 0.083 
  4  BAFF018    (0)    4 :  0.190 0.017 0.074 0.015 0.008 0.361 0.261 0.011 0.063 
  5  BAFF247    (0)    4 :  0.178 0.014 0.012 0.056 0.008 0.247 0.286 0.031 0.168 
  6  BAFF024    (0)    5 :  0.028 0.050 0.017 0.169 0.022 0.086 0.075 0.217 0.337 
  7  BAFF088    (0)    6 :  0.035 0.032 0.030 0.703 0.012 0.047 0.068 0.046 0.027 
  8  BAFF429    (0)    6 :  0.113 0.011 0.041 0.079 0.017 0.137 0.138 0.333 0.129 
  9  BAFF087    (7)    7 :  0.006 0.006 0.006 0.948 0.007 0.007 0.008 0.007 0.006 
 10  BAFF225    (0)    7 :  0.031 0.020 0.010 0.344 0.034 0.039 0.230 0.125 0.167 
 11  BAFF195    (0)    8 :  0.074 0.014 0.453 0.093 0.044 0.071 0.061 0.075 0.114 
 12  BAFF238    (0)    9 :  0.083 0.032 0.022 0.038 0.089 0.055 0.108 0.273 0.299 
 13  BAFF019    (0)   10 :  0.042 0.713 0.027 0.036 0.027 0.061 0.029 0.050 0.014 
 14  BAFF175    (0)   10 :  0.316 0.043 0.030 0.150 0.012 0.180 0.062 0.105 0.101 
 15  BAFF156    (0)   11 :  0.007 0.007 0.953 0.006 0.005 0.007 0.006 0.005 0.005 
 16  BAFF301    (0)   11 :  0.016 0.022 0.010 0.018 0.812 0.023 0.028 0.038 0.033 
 17  BAFF141    (0)   12 :  0.261 0.005 0.006 0.007 0.052 0.443 0.179 0.007 0.040 
 18  BAFF302    (0)   12 :  0.044 0.040 0.017 0.028 0.025 0.065 0.162 0.216 0.402 
 19  BAFF290    (0)    1 :  0.050 0.013 0.007 0.013 0.718 0.055 0.042 0.060 0.041 
 20  BAFF498    (0)    6 :  0.034 0.053 0.084 0.053 0.183 0.056 0.300 0.102 0.134 
 21  BAFF455    (0)    7 :  0.184 0.020 0.020 0.582 0.020 0.059 0.026 0.051 0.037 
 22  BAFF203    (7)    8 :  0.052 0.013 0.018 0.584 0.010 0.084 0.082 0.126 0.029 
 23  BAFF056    (0)   12 :  0.019 0.801 0.005 0.009 0.019 0.022 0.076 0.023 0.027 
 24  BAFF327    (0)   12 :  0.280 0.067 0.023 0.031 0.039 0.504 0.014 0.020 0.024 
 25  BAFF255    (0)    1 :  0.013 0.007 0.006 0.009 0.911 0.010 0.016 0.014 0.014 
 26  BAFF256    (0)    1 :  0.007 0.013 0.004 0.010 0.932 0.007 0.007 0.010 0.009 
 27  BAFF257    (0)    1 :  0.007 0.005 0.004 0.008 0.950 0.006 0.006 0.007 0.006 
 28  BAFF260    (0)    1 :  0.007 0.007 0.004 0.019 0.924 0.007 0.008 0.011 0.011 
 29  BAFF259    (0)    1 :  0.009 0.015 0.007 0.007 0.928 0.010 0.008 0.009 0.008 
 30  BAFF261    (0)    1 :  0.012 0.008 0.007 0.010 0.921 0.010 0.014 0.009 0.009 
 31  BAFF274    (0)    1 :  0.021 0.015 0.011 0.029 0.802 0.021 0.045 0.020 0.035 
 32  BAFF262    (0)    1 :  0.018 0.009 0.009 0.032 0.878 0.023 0.011 0.012 0.009 
 33  BAFF294    (0)    1 :  0.009 0.008 0.008 0.043 0.894 0.010 0.010 0.011 0.009 
 34  BAFF292    (0)    1 :  0.023 0.010 0.015 0.009 0.513 0.030 0.015 0.229 0.155 
 35  BAFF296    (0)    1 :  0.014 0.014 0.014 0.008 0.554 0.016 0.020 0.219 0.141 
 36  BAFF295    (0)    1 :  0.068 0.012 0.008 0.027 0.691 0.044 0.020 0.086 0.045 
 37  BAFF298    (0)    1 :  0.013 0.022 0.010 0.011 0.855 0.020 0.031 0.017 0.021 
 38  BAFF299    (0)    1 :  0.007 0.031 0.015 0.010 0.905 0.009 0.006 0.010 0.007 
 39  BAFF375    (0)   13 :  0.009 0.007 0.006 0.010 0.010 0.008 0.009 0.490 0.451 
 40  BAFF376    (0)   13 :  0.027 0.023 0.008 0.054 0.015 0.018 0.023 0.444 0.388 
 41  BAFF377    (0)   13 :  0.008 0.007 0.007 0.008 0.012 0.007 0.009 0.488 0.454 
 42  BAFF022    (0)    5 :  0.228 0.009 0.016 0.027 0.077 0.257 0.118 0.160 0.108 
 43  BAFF021    (0)    5 :  0.361 0.012 0.008 0.037 0.030 0.319 0.059 0.108 0.066 
 44  BAFF499    (0)    6 :  0.132 0.668 0.019 0.016 0.007 0.057 0.027 0.033 0.041 
 45  BAFF204    (0)    8 :  0.080 0.044 0.011 0.024 0.009 0.119 0.487 0.044 0.182 
 46  BAFF068    (0)   12 :  0.025 0.784 0.011 0.007 0.082 0.024 0.028 0.017 0.021 
 47  BAFF336    (0)   12 :  0.054 0.531 0.138 0.026 0.013 0.084 0.108 0.022 0.024 
 48  BAFF447    (0)    7 :  0.060 0.012 0.022 0.029 0.007 0.026 0.483 0.053 0.309 
 49  BAFF457    (0)    7 :  0.055 0.009 0.033 0.012 0.027 0.024 0.387 0.090 0.363 
 50  BAFF448    (0)    7 :  0.068 0.007 0.022 0.480 0.054 0.035 0.210 0.038 0.084 
 51  BAFF465    (0)    7 :  0.103 0.010 0.012 0.786 0.013 0.015 0.029 0.013 0.019 
 52  BAFF194    (0)    8 :  0.025 0.012 0.030 0.039 0.027 0.086 0.114 0.294 0.374 
 53  BAFF199    (0)    8 :  0.166 0.016 0.049 0.013 0.018 0.119 0.421 0.100 0.099 
 54  BAFF500    (0)    6 :  0.038 0.084 0.009 0.098 0.198 0.056 0.280 0.145 0.092 
 55  BAFF206    (0)    8 :  0.299 0.053 0.012 0.096 0.035 0.241 0.038 0.127 0.098 
 56  BAFF069    (0)   12 :  0.016 0.873 0.018 0.013 0.008 0.019 0.017 0.016 0.020 
 57  BAFF330    (0)   12 :  0.058 0.027 0.094 0.472 0.017 0.099 0.129 0.083 0.021 
 58  BAFF239    (0)   10 :  0.352 0.256 0.124 0.017 0.017 0.183 0.025 0.016 0.009 
 59  BAFF241    (0)   10 :  0.292 0.370 0.099 0.009 0.021 0.148 0.030 0.023 0.010 
 60  BAFF157    (0)   11 :  0.007 0.005 0.950 0.006 0.005 0.007 0.006 0.007 0.008 
 61  BAFF161    (0)   11 :  0.005 0.005 0.958 0.005 0.004 0.005 0.006 0.005 0.005 
 62  BAFF160    (0)   11 :  0.007 0.005 0.953 0.007 0.004 0.006 0.006 0.006 0.006 
 63  BAFF008    (0)   12 :  0.062 0.161 0.015 0.503 0.034 0.040 0.101 0.043 0.040 
 64  BAFF013    (0)   12 :  0.073 0.014 0.018 0.708 0.012 0.083 0.029 0.041 0.023 
 65  BAFF407    (0)   12 :  0.022 0.874 0.013 0.011 0.010 0.028 0.017 0.014 0.011 
 66  BAFF503    (0)    6 :  0.025 0.496 0.077 0.068 0.007 0.102 0.054 0.145 0.026 
 67  BAFF449    (0)    7 :  0.269 0.026 0.009 0.347 0.011 0.253 0.024 0.047 0.014 
 68  BAFF207    (0)    8 :  0.032 0.545 0.005 0.043 0.015 0.053 0.055 0.093 0.160 
 69  BAFF070    (0)   12 :  0.030 0.858 0.009 0.014 0.009 0.042 0.014 0.012 0.012 
 70  BAFF335    (0)   12 :  0.368 0.019 0.011 0.012 0.009 0.549 0.011 0.010 0.011 
 71  BAFF507    (0)    6 :  0.019 0.008 0.028 0.016 0.038 0.084 0.078 0.294 0.435 
 72  BAFF450    (0)    7 :  0.054 0.043 0.088 0.023 0.123 0.054 0.180 0.229 0.206 
 73  BAFF209    (7)    8 :  0.152 0.024 0.124 0.149 0.024 0.112 0.043 0.202 0.170 
 74  BAFF072    (0)   12 :  0.457 0.031 0.209 0.015 0.010 0.211 0.036 0.016 0.014 
 75  BAFF339    (0)   12 :  0.071 0.256 0.012 0.012 0.012 0.070 0.151 0.191 0.224 
 76  BAFF508    (0)    6 :  0.056 0.018 0.433 0.021 0.057 0.075 0.270 0.030 0.041 
 77  BAFF451    (0)    7 :  0.128 0.023 0.022 0.054 0.010 0.056 0.259 0.121 0.326 
 78  BAFF210    (0)    8 :  0.029 0.459 0.007 0.085 0.072 0.033 0.084 0.116 0.116 
 79  BAFF139    (0)   12 :  0.204 0.013 0.048 0.021 0.034 0.096 0.216 0.104 0.264 
 80  BAFF341    (0)   12 :  0.193 0.015 0.067 0.030 0.018 0.124 0.333 0.125 0.096 
 81  BAFF509    (0)    6 :  0.065 0.039 0.011 0.561 0.065 0.095 0.026 0.099 0.038 
 82  BAFF453    (0)    7 :  0.050 0.050 0.014 0.042 0.009 0.043 0.043 0.396 0.352 
 83  BAFF389    (0)    8 :  0.015 0.006 0.231 0.020 0.016 0.015 0.008 0.335 0.355 
 84  BAFF163    (0)   12 :  0.023 0.885 0.017 0.011 0.004 0.031 0.007 0.014 0.009 
 85  BAFF344    (7)   12 :  0.271 0.172 0.047 0.027 0.010 0.335 0.031 0.064 0.045 
 86  BAFF510    (0)    6 :  0.045 0.034 0.069 0.266 0.011 0.079 0.076 0.175 0.245 
 87  BAFF456    (0)    7 :  0.072 0.040 0.012 0.011 0.017 0.051 0.276 0.136 0.385 
 88  BAFF390    (0)    8 :  0.007 0.005 0.010 0.006 0.006 0.012 0.007 0.500 0.446 
 89  BAFF142    (0)   12 :  0.265 0.032 0.019 0.010 0.196 0.313 0.117 0.011 0.037 
 90  BAFF363    (7)   12 :  0.019 0.872 0.024 0.011 0.007 0.039 0.010 0.010 0.008 
 91  BAFF517    (0)    6 :  0.049 0.028 0.027 0.021 0.007 0.094 0.122 0.268 0.384 
 92  BAFF458    (0)    7 :  0.070 0.028 0.015 0.050 0.039 0.079 0.487 0.191 0.041 
 93  BAFF391    (0)    8 :  0.116 0.311 0.014 0.047 0.141 0.106 0.117 0.054 0.093 
 94  BAFF149    (0)   12 :  0.413 0.032 0.029 0.010 0.011 0.357 0.049 0.051 0.047 
 95  BAFF366    (7)   12 :  0.445 0.019 0.034 0.007 0.010 0.298 0.063 0.033 0.093 
 96  BAFF512    (0)    6 :  0.032 0.046 0.023 0.064 0.137 0.037 0.363 0.094 0.205 
 97  BAFF460    (0)    7 :  0.240 0.016 0.015 0.012 0.016 0.348 0.181 0.029 0.144 
 98  BAFF138    (0)   12 :  0.370 0.017 0.019 0.007 0.015 0.521 0.022 0.013 0.016 
 99  BAFF374    (0)   12 :  0.022 0.277 0.060 0.475 0.039 0.044 0.020 0.043 0.019 
100  BAFF015    (0)    1 :  0.016 0.009 0.007 0.009 0.895 0.021 0.017 0.016 0.010 
101  BAFF380    (0)    2 :  0.078 0.033 0.266 0.117 0.011 0.174 0.105 0.161 0.055 
102  BAFF216    (0)    3 :  0.037 0.026 0.017 0.084 0.036 0.090 0.181 0.327 0.203 
103  BAFF017    (0)    4 :  0.037 0.020 0.006 0.008 0.015 0.097 0.037 0.368 0.412 
104  BAFF245    (0)    4 :  0.256 0.031 0.011 0.082 0.099 0.212 0.092 0.127 0.090 
105  BAFF378    (7)   13 :  0.059 0.012 0.017 0.015 0.197 0.045 0.423 0.122 0.110 
106  BAFF023    (0)    5 :  0.075 0.031 0.012 0.085 0.029 0.050 0.486 0.078 0.153 
107  BAFF079    (0)    6 :  0.144 0.046 0.033 0.100 0.041 0.168 0.058 0.225 0.184 
108  BAFF435    (0)    6 :  0.075 0.018 0.016 0.015 0.008 0.045 0.674 0.033 0.115 
109  BAFF174    (7)    7 :  0.025 0.019 0.014 0.027 0.007 0.041 0.042 0.484 0.341 
110  BAFF226    (0)    7 :  0.145 0.009 0.019 0.012 0.012 0.032 0.366 0.084 0.319 
111  BAFF190    (0)    8 :  0.161 0.076 0.044 0.240 0.016 0.119 0.162 0.164 0.017 
112  BAFF243    (0)    9 :  0.135 0.007 0.088 0.038 0.059 0.087 0.081 0.216 0.289 
113  BAFF177    (0)   10 :  0.045 0.009 0.024 0.570 0.030 0.085 0.025 0.138 0.074 
114  BAFF364    (7)   11 :  0.026 0.027 0.574 0.079 0.011 0.039 0.160 0.036 0.047 
115  BAFF305    (0)   12 :  0.331 0.018 0.011 0.011 0.020 0.540 0.016 0.031 0.022 
116  BAFF513    (0)    6 :  0.042 0.023 0.021 0.394 0.053 0.093 0.087 0.203 0.085 
117  BAFF462    (0)    7 :  0.080 0.055 0.022 0.089 0.372 0.056 0.225 0.082 0.019 
118  BAFF143    (0)   12 :  0.315 0.086 0.066 0.069 0.008 0.288 0.055 0.041 0.073 
119  BAFF403    (0)   12 :  0.009 0.927 0.011 0.009 0.007 0.010 0.009 0.009 0.008 
120  BAFF514    (0)    6 :  0.072 0.167 0.011 0.506 0.008 0.061 0.080 0.071 0.024 
121  BAFF463    (0)    7 :  0.093 0.004 0.010 0.862 0.006 0.006 0.006 0.007 0.006 
122  BAFF137    (0)   12 :  0.490 0.009 0.010 0.097 0.009 0.322 0.015 0.038 0.010 
123  BAFF404    (0)   12 :  0.011 0.896 0.020 0.009 0.015 0.014 0.014 0.011 0.010 
124  BAFF515    (0)    6 :  0.103 0.042 0.033 0.307 0.022 0.145 0.111 0.099 0.137 
125  BAFF144    (0)   12 :  0.072 0.077 0.217 0.116 0.013 0.124 0.233 0.127 0.022 
126  BAFF405    (7)   12 :  0.274 0.017 0.083 0.027 0.027 0.504 0.039 0.016 0.013 
127  BAFF518    (0)    6 :  0.179 0.383 0.022 0.015 0.010 0.166 0.126 0.039 0.061 
128  BAFF467    (0)    7 :  0.146 0.025 0.012 0.061 0.015 0.117 0.311 0.190 0.123 
129  BAFF145    (0)   12 :  0.189 0.011 0.406 0.028 0.075 0.126 0.084 0.036 0.044 
130  BAFF406    (0)   12 :  0.049 0.357 0.380 0.055 0.009 0.074 0.030 0.021 0.027 
131  BAFF519    (0)    6 :  0.064 0.014 0.015 0.054 0.012 0.084 0.151 0.309 0.299 
132  BAFF471    (0)    7 :  0.192 0.028 0.023 0.092 0.069 0.228 0.153 0.114 0.101 
133  BAFF136    (0)   12 :  0.088 0.649 0.009 0.032 0.006 0.131 0.009 0.050 0.028 
134  BAFF520    (7)    6 :  0.061 0.063 0.016 0.040 0.027 0.067 0.462 0.166 0.099 
135  BAFF472    (0)    7 :  0.108 0.019 0.082 0.147 0.023 0.098 0.287 0.166 0.071 
136  BAFF165    (0)   12 :  0.324 0.051 0.010 0.023 0.046 0.258 0.093 0.035 0.161 
137  BAFF408    (0)   12 :  0.407 0.081 0.056 0.015 0.031 0.300 0.053 0.029 0.027 
138  BAFF522    (0)    6 :  0.068 0.048 0.020 0.439 0.028 0.136 0.069 0.166 0.026 
139  BAFF475    (0)    7 :  0.080 0.047 0.021 0.046 0.008 0.103 0.215 0.160 0.320 
140  BAFF140    (0)   12 :  0.240 0.024 0.042 0.159 0.017 0.382 0.025 0.059 0.052 
141  BAFF409    (0)   12 :  0.019 0.749 0.013 0.060 0.096 0.017 0.013 0.018 0.014 
142  BAFF523    (0)    6 :  0.041 0.009 0.099 0.309 0.015 0.053 0.245 0.188 0.041 
143  BAFF476    (0)    7 :  0.061 0.028 0.258 0.016 0.009 0.072 0.150 0.149 0.256 
144  BAFF147    (0)   12 :  0.389 0.164 0.016 0.050 0.015 0.290 0.023 0.033 0.022 
145  BAFF410    (0)   12 :  0.105 0.522 0.010 0.008 0.015 0.187 0.026 0.059 0.069 
146  BAFF477    (0)    7 :  0.126 0.007 0.012 0.019 0.077 0.077 0.328 0.105 0.248 
147  BAFF411    (0)   12 :  0.058 0.080 0.067 0.017 0.421 0.058 0.064 0.140 0.096 
148  BAFF486    (7)    7 :  0.066 0.006 0.007 0.008 0.008 0.014 0.705 0.016 0.170 
149  BAFF412    (7)   12 :  0.023 0.697 0.031 0.093 0.042 0.033 0.026 0.023 0.031 
150  BAFF258    (0)    1 :  0.037 0.028 0.065 0.210 0.184 0.055 0.218 0.150 0.055 
151  BAFF392    (0)    2 :  0.034 0.006 0.150 0.479 0.005 0.091 0.043 0.178 0.013 
152  BAFF217    (0)    3 :  0.118 0.020 0.035 0.013 0.011 0.058 0.102 0.321 0.323 
153  BAFF016    (0)    4 :  0.047 0.045 0.129 0.012 0.005 0.104 0.051 0.218 0.389 
154  BAFF246    (0)    4 :  0.029 0.029 0.040 0.084 0.011 0.064 0.078 0.272 0.394 
155  BAFF381    (0)   13 :  0.262 0.032 0.011 0.034 0.011 0.148 0.285 0.054 0.162 
156  BAFF078    (0)    6 :  0.369 0.037 0.321 0.018 0.006 0.192 0.025 0.020 0.012 
157  BAFF481    (0)    6 :  0.141 0.037 0.014 0.037 0.026 0.146 0.391 0.114 0.093 
158  BAFF436    (0)    7 :  0.075 0.047 0.045 0.296 0.087 0.115 0.069 0.171 0.095 
159  BAFF191    (0)    8 :  0.076 0.020 0.013 0.113 0.010 0.074 0.059 0.368 0.267 
160  BAFF382    (0)    9 :  0.088 0.051 0.040 0.180 0.008 0.058 0.387 0.040 0.149 
161  BAFF178    (0)   10 :  0.020 0.061 0.008 0.595 0.010 0.039 0.019 0.145 0.103 
162  BAFF159    (7)   11 :  0.018 0.015 0.020 0.012 0.011 0.064 0.198 0.245 0.417 
163  BAFF365    (7)   11 :  0.306 0.017 0.030 0.017 0.158 0.193 0.119 0.047 0.114 
164  BAFF007    (0)   12 :  0.136 0.027 0.100 0.043 0.056 0.146 0.242 0.116 0.133 
165  BAFF304    (7)   12 :  0.349 0.066 0.065 0.014 0.011 0.322 0.095 0.021 0.056 
166  BAFF487    (0)    7 :  0.033 0.030 0.087 0.096 0.021 0.067 0.426 0.158 0.082 
167  BAFF415    (0)   12 :  0.141 0.537 0.024 0.036 0.061 0.087 0.037 0.028 0.049 
168  BAFF488    (0)    7 :  0.077 0.015 0.015 0.011 0.577 0.057 0.072 0.093 0.083 
169  BAFF417    (0)   12 :  0.201 0.334 0.015 0.036 0.015 0.292 0.059 0.022 0.026 
170  BAFF489    (0)    7 :  0.205 0.037 0.062 0.048 0.008 0.146 0.306 0.090 0.098 
171  BAFF426    (0)   12 :  0.065 0.814 0.008 0.028 0.017 0.027 0.016 0.012 0.013 
172  BAFF490    (7)    7 :  0.031 0.012 0.136 0.050 0.022 0.042 0.429 0.086 0.192 
173  BAFF491    (0)    7 :  0.046 0.008 0.055 0.203 0.044 0.039 0.487 0.041 0.078 
174  BAFF492    (0)    7 :  0.090 0.013 0.009 0.018 0.007 0.034 0.673 0.031 0.125 
175  BAFF493    (0)    7 :  0.056 0.034 0.016 0.088 0.448 0.044 0.205 0.082 0.026 
176  BAFF506    (0)    7 :  0.052 0.016 0.026 0.039 0.102 0.050 0.481 0.192 0.042 
177  BAFF393    (0)    2 :  0.082 0.010 0.286 0.013 0.026 0.088 0.370 0.049 0.076 
178  BAFF218    (0)    3 :  0.074 0.028 0.019 0.104 0.050 0.080 0.205 0.186 0.255 
179  BAFF254    (0)    4 :  0.100 0.012 0.362 0.018 0.033 0.130 0.295 0.021 0.030 
180  BAFF385    (0)   13 :  0.160 0.038 0.034 0.143 0.026 0.111 0.353 0.106 0.030 
181  BAFF076    (0)    6 :  0.009 0.012 0.014 0.911 0.010 0.010 0.012 0.013 0.009 
182  BAFF482    (0)    6 :  0.079 0.066 0.014 0.136 0.009 0.131 0.345 0.063 0.156 
183  BAFF437    (0)    7 :  0.264 0.012 0.006 0.023 0.020 0.234 0.166 0.048 0.226 
184  BAFF192    (0)    8 :  0.067 0.017 0.150 0.455 0.017 0.082 0.075 0.064 0.073 
185  BAFF383    (0)    9 :  0.083 0.013 0.006 0.028 0.725 0.074 0.032 0.017 0.022 
186  BAFF180    (0)   10 :  0.033 0.115 0.011 0.225 0.009 0.043 0.050 0.273 0.241 
187  BAFF048    (7)   12 :  0.063 0.010 0.365 0.030 0.043 0.189 0.085 0.163 0.052 
188  BAFF306    (0)   12 :  0.306 0.027 0.017 0.043 0.012 0.425 0.063 0.055 0.053 
189  BAFF394    (0)    2 :  0.112 0.019 0.112 0.064 0.058 0.164 0.067 0.177 0.226 
190  BAFF219    (0)    3 :  0.219 0.012 0.014 0.034 0.008 0.093 0.192 0.161 0.267 
191  BAFF388    (0)    4 :  0.026 0.337 0.014 0.196 0.203 0.044 0.078 0.075 0.026 
192  BAFF386    (7)   13 :  0.092 0.014 0.063 0.392 0.018 0.128 0.113 0.148 0.032 
193  BAFF084    (0)    6 :  0.029 0.010 0.572 0.012 0.012 0.050 0.241 0.022 0.052 
194  BAFF483    (0)    6 :  0.116 0.109 0.010 0.330 0.032 0.137 0.103 0.085 0.077 
195  BAFF438   (15)    7 :  0.290 0.033 0.111 0.077 0.015 0.185 0.204 0.026 0.059 
196  BAFF193    (0)    8 :  0.053 0.017 0.019 0.080 0.308 0.029 0.378 0.049 0.067 
197  BAFF183    (0)   10 :  0.116 0.032 0.039 0.014 0.056 0.163 0.160 0.268 0.153 
198  BAFF153    (0)   12 :  0.448 0.015 0.013 0.012 0.008 0.469 0.013 0.009 0.012 
199  BAFF307    (0)   12 :  0.242 0.018 0.087 0.020 0.011 0.396 0.159 0.037 0.029 
200  BAFF397    (0)    2 :  0.171 0.009 0.012 0.005 0.008 0.073 0.305 0.099 0.318 
201  BAFF220    (0)    3 :  0.049 0.012 0.124 0.748 0.011 0.010 0.014 0.017 0.015 
202  BAFF095    (0)    6 :  0.018 0.019 0.009 0.738 0.043 0.036 0.045 0.071 0.020 
203  BAFF494    (0)    6 :  0.049 0.029 0.028 0.613 0.007 0.033 0.139 0.043 0.059 
204  BAFF439    (0)    7 :  0.251 0.197 0.012 0.013 0.009 0.134 0.152 0.099 0.133 
205  BAFF182    (0)   10 :  0.123 0.113 0.059 0.486 0.030 0.089 0.019 0.051 0.031 
206  BAFF054    (0)   12 :  0.018 0.913 0.010 0.009 0.007 0.019 0.009 0.007 0.009 
207  BAFF308    (0)   12 :  0.513 0.014 0.017 0.014 0.014 0.317 0.056 0.027 0.028 
208  BAFF266    (0)    1 :  0.053 0.046 0.110 0.024 0.150 0.047 0.314 0.121 0.135 
209  BAFF398    (7)    2 :  0.053 0.005 0.006 0.822 0.013 0.020 0.047 0.026 0.007 
210  BAFF221    (0)    3 :  0.122 0.027 0.404 0.059 0.305 0.053 0.008 0.013 0.009 
211  BAFF090    (0)    6 :  0.213 0.109 0.103 0.031 0.014 0.201 0.196 0.116 0.017 
212  BAFF495    (0)    6 :  0.013 0.013 0.008 0.012 0.008 0.031 0.028 0.428 0.460 
213  BAFF459    (0)    7 :  0.048 0.013 0.085 0.015 0.007 0.074 0.136 0.217 0.404 
214  BAFF197    (0)    8 :  0.318 0.055 0.014 0.018 0.014 0.157 0.128 0.113 0.184 
215  BAFF188    (0)   10 :  0.497 0.027 0.072 0.020 0.014 0.294 0.025 0.026 0.026 
216  BAFF051    (0)   12 :  0.095 0.272 0.014 0.052 0.027 0.074 0.244 0.141 0.082 
217  BAFF309    (0)   12 :  0.074 0.015 0.026 0.074 0.011 0.089 0.549 0.038 0.123 
218  BAFF269    (0)    1 :  0.282 0.009 0.011 0.034 0.055 0.187 0.101 0.150 0.171 
219  BAFF077    (0)    6 :  0.008 0.011 0.090 0.006 0.010 0.052 0.076 0.307 0.441 
220  BAFF496    (0)    6 :  0.009 0.008 0.005 0.008 0.012 0.010 0.021 0.472 0.456 
221  BAFF443    (0)    7 :  0.109 0.088 0.013 0.041 0.067 0.145 0.320 0.122 0.094 
222  BAFF198    (0)    8 :  0.077 0.036 0.024 0.161 0.008 0.092 0.176 0.260 0.166 
223  BAFF053    (0)   12 :  0.542 0.026 0.013 0.008 0.019 0.303 0.031 0.026 0.033 
224  BAFF310    (0)   12 :  0.065 0.639 0.033 0.013 0.008 0.145 0.035 0.030 0.034 
225  BAFF282    (0)    1 :  0.025 0.016 0.016 0.055 0.740 0.040 0.022 0.047 0.038 
226  BAFF497    (0)    6 :  0.024 0.015 0.013 0.014 0.012 0.067 0.156 0.298 0.401 
227  BAFF466    (0)    7 :  0.090 0.033 0.135 0.050 0.014 0.164 0.353 0.112 0.050 
228  BAFF200    (7)    8 :  0.057 0.054 0.042 0.333 0.013 0.090 0.277 0.094 0.040 
229  BAFF240    (0)   10 :  0.063 0.009 0.639 0.036 0.014 0.050 0.123 0.048 0.019 
230  BAFF055    (0)   12 :  0.084 0.719 0.011 0.031 0.017 0.090 0.019 0.013 0.017 
231  BAFF311    (7)   12 :  0.038 0.008 0.075 0.645 0.037 0.076 0.012 0.090 0.019 


Estimated Allele Frequencies in each cluster
First column gives estimated ancestral frequencies


Locus 1 : btern01 
9 alleles
0.0% missing data
   1   (0.138) 0.127 0.032 0.097 0.133 0.117 0.187 0.141 0.171 0.189 
   2   (0.017) 0.004 0.004 0.004 0.004 0.027 0.005 0.011 0.007 0.006 
   3   (0.166) 0.210 0.091 0.154 0.161 0.066 0.171 0.176 0.179 0.234 
   4   (0.210) 0.191 0.179 0.251 0.192 0.203 0.178 0.224 0.239 0.221 
   5   (0.286) 0.327 0.326 0.369 0.125 0.441 0.338 0.354 0.223 0.207 
   6   (0.075) 0.083 0.338 0.029 0.045 0.032 0.073 0.032 0.062 0.063 
   7   (0.053) 0.038 0.020 0.081 0.278 0.083 0.027 0.025 0.034 0.014 
   8   (0.017) 0.007 0.003 0.002 0.003 0.023 0.006 0.004 0.016 0.011 
   9   (0.039) 0.012 0.007 0.014 0.058 0.007 0.016 0.033 0.069 0.055 

Locus 2 : bt28 
5 alleles
0.0% missing data
   1   (0.664) 0.683 0.718 0.671 0.563 0.773 0.721 0.670 0.680 0.722 
   2   (0.152) 0.157 0.096 0.054 0.177 0.167 0.127 0.126 0.169 0.120 
   3   (0.148) 0.147 0.179 0.257 0.253 0.040 0.134 0.173 0.107 0.091 
   4   (0.025) 0.011 0.004 0.017 0.005 0.006 0.015 0.028 0.042 0.064 
   5   (0.011) 0.003 0.002 0.002 0.003 0.014 0.003 0.002 0.003 0.003 

Locus 3 : b96 
8 alleles
0.9% missing data
   1   (0.332) 0.409 0.323 0.208 0.361 0.359 0.389 0.298 0.279 0.308 
   2   (0.481) 0.425 0.504 0.586 0.512 0.434 0.425 0.616 0.646 0.607 
   3   (0.045) 0.046 0.049 0.062 0.030 0.011 0.073 0.034 0.015 0.021 
   4   (0.015) 0.003 0.003 0.101 0.003 0.004 0.003 0.006 0.004 0.004 
   5   (0.051) 0.046 0.030 0.011 0.049 0.026 0.049 0.023 0.027 0.029 
   6   (0.025) 0.010 0.005 0.009 0.033 0.094 0.015 0.006 0.009 0.005 
   7   (0.038) 0.057 0.007 0.020 0.009 0.069 0.042 0.014 0.018 0.023 
   8   (0.013) 0.003 0.079 0.003 0.003 0.003 0.003 0.003 0.002 0.002 

Locus 4 : bt30 
12 alleles
0.9% missing data
   1   (0.113) 0.100 0.106 0.036 0.181 0.276 0.088 0.127 0.074 0.054 
   2   (0.287) 0.304 0.300 0.180 0.286 0.280 0.296 0.363 0.312 0.323 
   3   (0.070) 0.054 0.022 0.064 0.031 0.017 0.045 0.189 0.092 0.147 
   4   (0.185) 0.214 0.233 0.174 0.182 0.105 0.237 0.153 0.231 0.174 
   5   (0.013) 0.004 0.003 0.002 0.016 0.003 0.005 0.006 0.005 0.004 
   6   (0.105) 0.072 0.058 0.039 0.220 0.111 0.078 0.065 0.112 0.126 
   7   (0.032) 0.055 0.015 0.017 0.009 0.022 0.031 0.016 0.014 0.015 
   8   (0.052) 0.054 0.067 0.075 0.011 0.045 0.049 0.027 0.014 0.026 
   9   (0.102) 0.114 0.186 0.405 0.044 0.067 0.147 0.043 0.128 0.118 
  10   (0.012) 0.003 0.002 0.002 0.002 0.068 0.002 0.002 0.003 0.002 
  11   (0.017) 0.022 0.004 0.002 0.015 0.003 0.019 0.005 0.006 0.004 
  12   (0.012) 0.004 0.002 0.002 0.002 0.002 0.003 0.004 0.008 0.007 

Locus 5 : btms0081 
3 alleles
0.9% missing data
   1   (0.497) 0.417 0.308 0.688 0.668 0.588 0.443 0.580 0.431 0.451 
   2   (0.353) 0.389 0.485 0.257 0.236 0.219 0.401 0.338 0.406 0.398 
   3   (0.150) 0.194 0.207 0.055 0.096 0.193 0.156 0.083 0.163 0.152 

Locus 6 : btms0066 
24 alleles
0.0% missing data
   1   (0.269) 0.312 0.394 0.136 0.341 0.386 0.304 0.321 0.222 0.215 
   2   (0.015) 0.003 0.003 0.003 0.003 0.060 0.004 0.005 0.016 0.010 
   3   (0.032) 0.075 0.009 0.009 0.016 0.006 0.104 0.030 0.014 0.014 
   4   (0.154) 0.124 0.124 0.041 0.164 0.056 0.154 0.240 0.360 0.311 
   5   (0.094) 0.158 0.101 0.028 0.041 0.022 0.169 0.148 0.085 0.115 
   6   (0.051) 0.061 0.015 0.154 0.199 0.011 0.043 0.019 0.043 0.036 
   7   (0.019) 0.004 0.003 0.003 0.061 0.016 0.004 0.008 0.004 0.004 
   8   (0.052) 0.030 0.036 0.035 0.017 0.080 0.030 0.038 0.057 0.076 
   9   (0.019) 0.025 0.005 0.329 0.008 0.003 0.014 0.009 0.004 0.005 
  10   (0.029) 0.008 0.005 0.034 0.007 0.148 0.009 0.036 0.009 0.015 
  11   (0.020) 0.006 0.013 0.004 0.007 0.152 0.006 0.005 0.010 0.007 
  12   (0.036) 0.030 0.015 0.013 0.007 0.007 0.024 0.035 0.089 0.106 
  13   (0.025) 0.027 0.015 0.018 0.029 0.005 0.015 0.016 0.006 0.008 
  14   (0.021) 0.005 0.047 0.075 0.004 0.004 0.006 0.007 0.005 0.004 
  15   (0.020) 0.021 0.003 0.003 0.004 0.004 0.013 0.025 0.011 0.026 
  16   (0.028) 0.017 0.092 0.041 0.022 0.006 0.029 0.012 0.021 0.009 
  17   (0.023) 0.050 0.030 0.046 0.008 0.010 0.024 0.010 0.006 0.006 
  18   (0.010) 0.002 0.034 0.001 0.002 0.002 0.002 0.002 0.002 0.002 
  19   (0.012) 0.023 0.003 0.002 0.003 0.002 0.022 0.003 0.003 0.002 
  20   (0.022) 0.007 0.014 0.008 0.025 0.007 0.010 0.010 0.015 0.015 
  21   (0.017) 0.005 0.004 0.008 0.024 0.005 0.006 0.009 0.007 0.004 
  22   (0.012) 0.003 0.002 0.004 0.006 0.002 0.003 0.006 0.005 0.003 
  23   (0.010) 0.003 0.032 0.001 0.002 0.002 0.003 0.002 0.002 0.002 
  24   (0.009) 0.002 0.002 0.003 0.002 0.004 0.002 0.006 0.003 0.003 

Locus 7 : btms0083 
31 alleles
3.0% missing data
   1   (0.017) 0.007 0.003 0.011 0.004 0.230 0.004 0.004 0.003 0.003 
   2   (0.024) 0.022 0.005 0.010 0.005 0.104 0.030 0.018 0.006 0.006 
   3   (0.031) 0.013 0.010 0.136 0.070 0.006 0.014 0.017 0.015 0.012 
   4   (0.040) 0.031 0.011 0.028 0.036 0.058 0.026 0.055 0.023 0.018 
   5   (0.203) 0.223 0.273 0.126 0.372 0.226 0.235 0.229 0.189 0.162 
   6   (0.020) 0.009 0.004 0.008 0.014 0.005 0.015 0.021 0.021 0.010 
   7   (0.063) 0.160 0.134 0.061 0.021 0.017 0.102 0.093 0.027 0.042 
   8   (0.033) 0.101 0.012 0.008 0.008 0.014 0.074 0.038 0.017 0.037 
   9   (0.035) 0.032 0.007 0.009 0.041 0.008 0.038 0.031 0.044 0.028 
  10   (0.024) 0.012 0.020 0.007 0.120 0.008 0.020 0.011 0.016 0.009 
  11   (0.055) 0.049 0.010 0.394 0.016 0.014 0.048 0.071 0.081 0.110 
  12   (0.019) 0.007 0.004 0.003 0.006 0.037 0.006 0.012 0.010 0.009 
  13   (0.051) 0.058 0.081 0.026 0.021 0.010 0.072 0.031 0.060 0.091 
  14   (0.029) 0.028 0.005 0.007 0.008 0.006 0.024 0.111 0.045 0.081 
  15   (0.027) 0.013 0.006 0.007 0.022 0.019 0.023 0.012 0.044 0.046 
  16   (0.026) 0.011 0.005 0.021 0.045 0.032 0.016 0.035 0.031 0.015 
  17   (0.026) 0.015 0.005 0.010 0.009 0.051 0.013 0.010 0.188 0.151 
  18   (0.055) 0.038 0.121 0.017 0.036 0.038 0.037 0.062 0.039 0.029 
  19   (0.024) 0.008 0.118 0.004 0.005 0.011 0.008 0.012 0.010 0.007 
  20   (0.023) 0.055 0.053 0.004 0.005 0.004 0.089 0.010 0.006 0.007 
  21   (0.008) 0.001 0.001 0.001 0.002 0.034 0.002 0.002 0.002 0.001 
  22   (0.010) 0.002 0.002 0.002 0.002 0.021 0.003 0.003 0.010 0.006 
  23   (0.013) 0.011 0.002 0.003 0.003 0.014 0.008 0.007 0.008 0.009 
  24   (0.010) 0.002 0.014 0.002 0.002 0.003 0.002 0.002 0.002 0.002 
  25   (0.029) 0.035 0.006 0.005 0.101 0.006 0.029 0.036 0.008 0.013 
  26   (0.016) 0.004 0.003 0.013 0.005 0.003 0.010 0.011 0.034 0.044 
  27   (0.030) 0.025 0.037 0.010 0.008 0.006 0.025 0.017 0.038 0.029 
  28   (0.021) 0.007 0.004 0.059 0.007 0.005 0.008 0.020 0.010 0.009 
  29   (0.014) 0.004 0.002 0.004 0.004 0.005 0.004 0.015 0.007 0.005 
  30   (0.014) 0.008 0.038 0.002 0.003 0.003 0.007 0.003 0.003 0.003 
  31   (0.011) 0.006 0.002 0.002 0.002 0.003 0.005 0.003 0.004 0.004 

Locus 8 : b126 
16 alleles
0.0% missing data
   1   (0.041) 0.030 0.013 0.012 0.063 0.043 0.028 0.018 0.025 0.028 
   2   (0.050) 0.049 0.009 0.011 0.014 0.133 0.040 0.037 0.052 0.059 
   3   (0.323) 0.442 0.383 0.590 0.255 0.187 0.310 0.380 0.392 0.369 
   4   (0.028) 0.014 0.006 0.005 0.016 0.007 0.022 0.027 0.049 0.053 
   5   (0.071) 0.048 0.053 0.027 0.125 0.022 0.047 0.151 0.075 0.064 
   6   (0.063) 0.097 0.155 0.014 0.017 0.014 0.134 0.081 0.042 0.075 
   7   (0.108) 0.104 0.150 0.210 0.201 0.022 0.159 0.074 0.077 0.082 
   8   (0.032) 0.012 0.078 0.012 0.008 0.008 0.018 0.015 0.027 0.034 
   9   (0.011) 0.002 0.002 0.001 0.048 0.002 0.002 0.002 0.002 0.002 
  10   (0.039) 0.021 0.044 0.022 0.070 0.026 0.033 0.021 0.049 0.018 
  11   (0.089) 0.074 0.022 0.066 0.035 0.407 0.111 0.106 0.076 0.072 
  12   (0.029) 0.024 0.030 0.004 0.006 0.023 0.033 0.029 0.007 0.013 
  13   (0.065) 0.047 0.047 0.010 0.094 0.097 0.031 0.038 0.087 0.083 
  14   (0.022) 0.009 0.005 0.004 0.010 0.004 0.013 0.012 0.032 0.037 
  15   (0.014) 0.020 0.003 0.002 0.009 0.003 0.016 0.003 0.004 0.003 
  16   (0.014) 0.006 0.003 0.009 0.030 0.003 0.003 0.006 0.004 0.007 

Locus 9 : btms0062 
34 alleles
0.0% missing data
   1   (0.033) 0.015 0.009 0.035 0.022 0.081 0.026 0.042 0.034 0.013 
   2   (0.044) 0.029 0.013 0.018 0.041 0.105 0.030 0.032 0.147 0.139 
   3   (0.083) 0.177 0.054 0.050 0.029 0.091 0.201 0.101 0.063 0.057 
   4   (0.096) 0.052 0.209 0.193 0.258 0.054 0.062 0.117 0.080 0.097 
   5   (0.047) 0.067 0.011 0.069 0.040 0.015 0.081 0.172 0.025 0.040 
   6   (0.027) 0.028 0.006 0.014 0.015 0.007 0.032 0.023 0.018 0.022 
   7   (0.015) 0.006 0.003 0.002 0.005 0.003 0.007 0.014 0.004 0.007 
   8   (0.022) 0.035 0.004 0.003 0.005 0.005 0.028 0.032 0.018 0.041 
   9   (0.043) 0.017 0.021 0.074 0.025 0.020 0.029 0.045 0.065 0.085 
  10   (0.059) 0.038 0.067 0.014 0.056 0.041 0.034 0.080 0.045 0.053 
  11   (0.058) 0.095 0.032 0.292 0.161 0.015 0.055 0.048 0.054 0.041 
  12   (0.038) 0.031 0.026 0.016 0.054 0.008 0.044 0.017 0.189 0.141 
  13   (0.047) 0.049 0.018 0.016 0.129 0.027 0.056 0.025 0.031 0.029 
  14   (0.044) 0.033 0.288 0.009 0.012 0.011 0.051 0.037 0.033 0.036 
  15   (0.016) 0.082 0.004 0.003 0.004 0.003 0.054 0.005 0.004 0.005 
  16   (0.019) 0.016 0.008 0.076 0.004 0.004 0.014 0.007 0.004 0.004 
  17   (0.020) 0.005 0.004 0.003 0.013 0.161 0.005 0.007 0.010 0.007 
  18   (0.014) 0.005 0.002 0.007 0.027 0.003 0.006 0.004 0.008 0.004 
  19   (0.047) 0.021 0.096 0.008 0.017 0.085 0.021 0.030 0.051 0.050 
  20   (0.009) 0.002 0.001 0.001 0.002 0.035 0.002 0.002 0.002 0.001 
  21   (0.034) 0.015 0.006 0.007 0.021 0.051 0.017 0.031 0.032 0.040 
  22   (0.019) 0.015 0.004 0.003 0.003 0.105 0.016 0.007 0.004 0.006 
  23   (0.012) 0.003 0.002 0.002 0.003 0.026 0.003 0.007 0.003 0.003 
  24   (0.019) 0.007 0.009 0.003 0.005 0.004 0.007 0.032 0.013 0.032 
  25   (0.012) 0.004 0.003 0.002 0.003 0.009 0.004 0.012 0.006 0.005 
  26   (0.025) 0.065 0.030 0.025 0.016 0.008 0.038 0.037 0.028 0.011 
  27   (0.018) 0.044 0.005 0.028 0.011 0.003 0.024 0.005 0.004 0.004 
  28   (0.009) 0.014 0.001 0.001 0.002 0.002 0.021 0.002 0.002 0.002 
  29   (0.014) 0.004 0.003 0.015 0.003 0.005 0.005 0.009 0.007 0.006 
  30   (0.011) 0.003 0.032 0.002 0.002 0.002 0.003 0.002 0.002 0.002 
  31   (0.011) 0.009 0.002 0.002 0.002 0.002 0.010 0.009 0.003 0.006 
  32   (0.009) 0.003 0.002 0.004 0.008 0.002 0.003 0.003 0.003 0.003 
  33   (0.011) 0.006 0.002 0.002 0.002 0.003 0.005 0.003 0.004 0.004 
  34   (0.011) 0.004 0.024 0.003 0.002 0.002 0.007 0.003 0.003 0.003 

Locus 10 : btern02 
25 alleles
4.8% missing data
   1   (0.103) 0.126 0.042 0.228 0.067 0.135 0.185 0.064 0.150 0.140 
   2   (0.010) 0.002 0.002 0.002 0.002 0.017 0.002 0.002 0.002 0.002 
   3   (0.083) 0.080 0.025 0.041 0.145 0.027 0.098 0.131 0.101 0.120 
   4   (0.052) 0.054 0.095 0.010 0.172 0.014 0.032 0.030 0.062 0.049 
   5   (0.023) 0.013 0.005 0.033 0.031 0.012 0.012 0.031 0.013 0.019 
   6   (0.043) 0.038 0.019 0.107 0.017 0.015 0.040 0.127 0.041 0.027 
   7   (0.033) 0.025 0.146 0.006 0.033 0.006 0.020 0.015 0.014 0.015 
   8   (0.037) 0.029 0.007 0.019 0.012 0.107 0.034 0.040 0.022 0.018 
   9   (0.068) 0.168 0.035 0.037 0.110 0.064 0.177 0.045 0.042 0.029 
  10   (0.033) 0.020 0.006 0.007 0.015 0.007 0.011 0.090 0.066 0.086 
  11   (0.061) 0.097 0.060 0.019 0.024 0.017 0.077 0.059 0.074 0.091 
  12   (0.036) 0.019 0.007 0.017 0.010 0.142 0.015 0.021 0.057 0.050 
  13   (0.052) 0.024 0.059 0.020 0.070 0.056 0.025 0.032 0.041 0.044 
  14   (0.050) 0.038 0.131 0.020 0.032 0.170 0.038 0.018 0.046 0.041 
  15   (0.010) 0.002 0.001 0.186 0.002 0.002 0.002 0.002 0.002 0.002 
  16   (0.047) 0.028 0.048 0.013 0.014 0.051 0.027 0.059 0.040 0.053 
  17   (0.028) 0.012 0.048 0.025 0.022 0.006 0.021 0.037 0.020 0.017 
  18   (0.047) 0.026 0.177 0.017 0.022 0.011 0.032 0.041 0.067 0.080 
  19   (0.037) 0.092 0.008 0.068 0.048 0.007 0.053 0.035 0.038 0.017 
  20   (0.039) 0.033 0.008 0.007 0.087 0.048 0.024 0.043 0.025 0.037 
  21   (0.025) 0.013 0.009 0.006 0.006 0.044 0.012 0.018 0.022 0.021 
  22   (0.013) 0.004 0.006 0.002 0.003 0.015 0.004 0.005 0.008 0.007 
  23   (0.028) 0.036 0.006 0.011 0.028 0.017 0.035 0.014 0.030 0.020 
  24   (0.030) 0.016 0.045 0.098 0.014 0.006 0.020 0.036 0.010 0.009 
  25   (0.013) 0.005 0.005 0.003 0.014 0.003 0.005 0.006 0.007 0.006 

Locus 11 : btms0086 
3 alleles
0.0% missing data
   1   (0.842) 0.908 0.924 0.971 0.714 0.780 0.899 0.823 0.842 0.846 
   2   (0.136) 0.068 0.069 0.026 0.282 0.205 0.066 0.165 0.153 0.148 
   3   (0.022) 0.025 0.007 0.003 0.004 0.015 0.035 0.012 0.005 0.006 

Locus 12 : bl13 
3 alleles
0.0% missing data
   1   (0.071) 0.032 0.352 0.019 0.033 0.231 0.031 0.036 0.029 0.032 
   2   (0.830) 0.870 0.590 0.681 0.873 0.750 0.849 0.879 0.905 0.894 
   3   (0.099) 0.097 0.058 0.300 0.094 0.019 0.120 0.085 0.066 0.073 

Locus 13 : btms0059 
9 alleles
0.0% missing data
   1   (0.343) 0.455 0.293 0.458 0.319 0.350 0.502 0.358 0.253 0.259 
   2   (0.107) 0.063 0.019 0.241 0.030 0.115 0.079 0.120 0.241 0.257 
   3   (0.064) 0.052 0.117 0.026 0.033 0.129 0.052 0.025 0.030 0.030 
   4   (0.055) 0.037 0.021 0.012 0.109 0.044 0.034 0.036 0.029 0.030 
   5   (0.080) 0.076 0.038 0.036 0.028 0.035 0.069 0.142 0.066 0.083 
   6   (0.300) 0.288 0.503 0.212 0.467 0.315 0.235 0.284 0.335 0.298 
   7   (0.016) 0.006 0.003 0.007 0.003 0.003 0.010 0.006 0.025 0.029 
   8   (0.023) 0.018 0.004 0.006 0.008 0.006 0.014 0.025 0.014 0.009 
   9   (0.011) 0.004 0.002 0.002 0.002 0.003 0.005 0.004 0.006 0.004 

Values of parameters used in structure:
DATAFILE=/Users/johnmola/Desktop/rpbbfeb27/rpbbstructure/project_data,	OUTFILE=/Users/johnmola/Desktop/rpbbfeb27/rpbbstructure/rpbb20k100k/Results/rpbb20k100k_run_81,	NUMINDS=231,	NUMLOCI=13,	MISSING=-9,	LABEL=1,	POPDATA=1,	POPFLAG=0,	PHENOTYPE=0,	EXTRACOLS=0,	MAXPOPS=9,	BURNIN=20000,	NUMREPS=100000,	USEPOPINFO=0,	INFERALPHA=1,	INFERLAMBDA=0,	POPSPECIFICLAMBDA=0,	POPALPHAS=0,	COMPUTEPROB=1,	NOADMIX=0,	ADMBURNIN=2500,	UPDATEFREQ=1,	PRINTLIKES=0,	INTERMEDSAVE=0,	PRINTKLD=0,	PRINTNET=0,	PRINTLAMBDA=0,	ANCESTDIST=0,	NUMBOXES=1000,	ANCESTPINT=0.90000,	GENSBACK=2,	MIGRPRIOR=0.05000,	PRINTQHAT=0,	PRINTQSUM=0,	ALPHA=1.0000,	FREQSCORR=1,	FPRIORMEAN=0.0100,	FPRIORSD=0.0500,	ONEFST=0,	LAMBDA=1.0000,	UNIFPRIORALPHA=1,	ALPHAMAX=10.0000,	ALPHAPRIORA=1.0000,	ALPHAPRIORB=2.0000,	ALPHAPROPSD=0.0250,	STARTATPOPINFO=0,	RANDOMIZE=1,	LINKAGE=0,	METROFREQ=10,	REPORTHITRATE=0,	MARKOVPHASE=-1,	PHASED=0,	PLOIDY=2,	PHASEINFO=0	LOCPRIOR=0, 	LOCPRIORINIT=1.000000, 	LOCDATA=0, 	LOCISPOP=0, 	LOCPRIORSTEP=0.100000, 	MAXLOCPRIOR=20.000000, 	SEED=1677522859,	
[STRAT parameters]:    NUMSIMSTATS=1000,	PHENOTYPECOL=-9,	POOLFREQ=10,	LOCUSxONLY=0,	EMERROR=0.00100,	MISSINGPHENO=-9,	