

----------------------------------------------------
STRUCTURE by Pritchard, Stephens and Donnelly (2000)
     and Falush, Stephens and Pritchard (2003)
       Code by Pritchard, Falush and Hubisz
             Version 2.3.4 (Jul 2012)
----------------------------------------------------



Command line arguments:   bin/structure -m "/Users/johnmola/Desktop/rpbbfeb27/rpbbstructure/rpbb20k100k/mainparams" -e "/Users/johnmola/Desktop/rpbbfeb27/rpbbstructure/rpbb20k100k/extraparams" 
Input File:    /Users/johnmola/Desktop/rpbbfeb27/rpbbstructure/project_data

Run parameters:
   231 individuals
   13 loci
   7 populations assumed
   20000 Burn-in period
   100000 Reps


--------------------------------------------
Proportion of membership of each pre-defined
 population in each of the 7 clusters

Given    Inferred Clusters                                   Number of
 Pop       1      2      3      4      5      6      7      Individuals

  1:     0.017  0.799  0.060  0.014  0.042  0.032  0.037       21
  2:     0.203  0.020  0.216  0.015  0.311  0.117  0.118        7
  3:     0.074  0.086  0.243  0.032  0.218  0.264  0.084        7
  4:     0.136  0.053  0.164  0.068  0.074  0.319  0.187        8
  5:     0.017  0.051  0.247  0.024  0.074  0.210  0.377        4
  6:     0.108  0.036  0.207  0.104  0.250  0.226  0.068       35
  7:     0.067  0.077  0.342  0.040  0.187  0.165  0.122       40
  8:     0.080  0.057  0.161  0.101  0.197  0.287  0.117       19
  9:     0.038  0.247  0.252  0.035  0.040  0.320  0.070        4
 10:     0.158  0.030  0.057  0.240  0.236  0.131  0.147       11
 11:     0.596  0.140  0.105  0.013  0.017  0.059  0.069        8
 12:     0.094  0.042  0.090  0.317  0.090  0.042  0.326       60
 13:     0.042  0.042  0.232  0.027  0.161  0.410  0.085        7
--------------------------------------------

Allele-freq. divergence among pops (Net nucleotide distance),
computed using point estimates of P.

      1       2       3       4       5       6       7      
 1      -    0.0433  0.0247  0.0418  0.0354  0.0324  0.0286  
 2   0.0433     -    0.0258  0.0400  0.0330  0.0365  0.0301  
 3   0.0247  0.0258     -    0.0315  0.0191  0.0158  0.0192  
 4   0.0418  0.0400  0.0315     -    0.0376  0.0375  0.0308  
 5   0.0354  0.0330  0.0191  0.0376     -    0.0290  0.0313  
 6   0.0324  0.0365  0.0158  0.0375  0.0290     -    0.0279  
 7   0.0286  0.0301  0.0192  0.0308  0.0313  0.0279     -    

Average distances (expected heterozygosity) between individuals in same cluster:
cluster  1  : 0.6509 
cluster  2  : 0.6863 
cluster  3  : 0.6833 
cluster  4  : 0.6758 
cluster  5  : 0.6850 
cluster  6  : 0.6765 
cluster  7  : 0.6739 

--------------------------------------------
Estimated Ln Prob of Data   = -9969.6
Mean value of ln likelihood = -9407.7
Variance of ln likelihood   = 1123.8
Mean value of alpha         = 0.0521

Mean value of Fst_1         = 0.1176
Mean value of Fst_2         = 0.0786
Mean value of Fst_3         = 0.0477
Mean value of Fst_4         = 0.0928
Mean value of Fst_5         = 0.0719
Mean value of Fst_6         = 0.0745
Mean value of Fst_7         = 0.0534


Inferred ancestry of individuals:
        Label (%Miss) Pop:  Inferred clusters
  1  BAFF014    (0)    1 :  0.009 0.932 0.017 0.006 0.010 0.015 0.010 
  2  BAFF379    (0)    2 :  0.127 0.015 0.446 0.011 0.050 0.073 0.278 
  3  BAFF212    (0)    3 :  0.037 0.025 0.504 0.052 0.305 0.041 0.037 
  4  BAFF018    (0)    4 :  0.235 0.009 0.319 0.020 0.021 0.011 0.385 
  5  BAFF247    (0)    4 :  0.021 0.008 0.434 0.012 0.045 0.017 0.463 
  6  BAFF024    (0)    5 :  0.013 0.020 0.076 0.044 0.190 0.629 0.028 
  7  BAFF088    (0)    6 :  0.035 0.011 0.074 0.034 0.783 0.024 0.040 
  8  BAFF429    (0)    6 :  0.060 0.018 0.171 0.013 0.145 0.430 0.162 
  9  BAFF087    (7)    7 :  0.006 0.008 0.009 0.006 0.959 0.006 0.006 
 10  BAFF225    (0)    7 :  0.012 0.036 0.305 0.017 0.358 0.251 0.021 
 11  BAFF195    (0)    8 :  0.576 0.046 0.083 0.012 0.077 0.107 0.100 
 12  BAFF238    (0)    9 :  0.027 0.096 0.098 0.039 0.036 0.657 0.047 
 13  BAFF019    (0)   10 :  0.035 0.025 0.020 0.817 0.069 0.013 0.022 
 14  BAFF175    (0)   10 :  0.046 0.013 0.108 0.069 0.188 0.218 0.358 
 15  BAFF156    (0)   11 :  0.968 0.004 0.005 0.006 0.005 0.005 0.006 
 16  BAFF301    (0)   11 :  0.013 0.867 0.024 0.021 0.018 0.039 0.017 
 17  BAFF141    (0)   12 :  0.032 0.172 0.108 0.007 0.007 0.006 0.669 
 18  BAFF302    (0)   12 :  0.018 0.028 0.470 0.050 0.026 0.368 0.040 
 19  BAFF290    (0)    1 :  0.008 0.844 0.035 0.013 0.018 0.021 0.062 
 20  BAFF498    (0)    6 :  0.085 0.229 0.397 0.060 0.067 0.138 0.025 
 21  BAFF455    (0)    7 :  0.024 0.023 0.038 0.028 0.761 0.085 0.041 
 22  BAFF203    (7)    8 :  0.013 0.009 0.037 0.011 0.872 0.023 0.036 
 23  BAFF056    (0)   12 :  0.006 0.017 0.111 0.821 0.009 0.020 0.015 
 24  BAFF327    (0)   12 :  0.035 0.061 0.021 0.142 0.030 0.017 0.695 
 25  BAFF255    (0)    1 :  0.006 0.947 0.013 0.007 0.008 0.009 0.010 
 26  BAFF256    (0)    1 :  0.005 0.952 0.007 0.011 0.010 0.008 0.007 
 27  BAFF257    (0)    1 :  0.005 0.964 0.006 0.005 0.007 0.006 0.006 
 28  BAFF260    (0)    1 :  0.005 0.946 0.009 0.007 0.015 0.011 0.007 
 29  BAFF259    (0)    1 :  0.009 0.945 0.007 0.015 0.008 0.008 0.008 
 30  BAFF261    (0)    1 :  0.007 0.946 0.014 0.008 0.008 0.007 0.010 
 31  BAFF274    (0)    1 :  0.012 0.850 0.052 0.014 0.027 0.022 0.023 
 32  BAFF262    (0)    1 :  0.010 0.909 0.010 0.008 0.032 0.009 0.024 
 33  BAFF294    (0)    1 :  0.008 0.926 0.008 0.008 0.035 0.008 0.008 
 34  BAFF292    (0)    1 :  0.012 0.817 0.012 0.010 0.008 0.122 0.018 
 35  BAFF296    (0)    1 :  0.014 0.851 0.018 0.013 0.008 0.081 0.014 
 36  BAFF295    (0)    1 :  0.010 0.876 0.020 0.011 0.019 0.023 0.041 
 37  BAFF298    (0)    1 :  0.011 0.893 0.027 0.018 0.013 0.021 0.018 
 38  BAFF299    (0)    1 :  0.009 0.933 0.006 0.028 0.012 0.006 0.006 
 39  BAFF375    (0)   13 :  0.008 0.018 0.014 0.010 0.013 0.930 0.009 
 40  BAFF376    (0)   13 :  0.010 0.018 0.035 0.028 0.052 0.839 0.018 
 41  BAFF377    (0)   13 :  0.007 0.015 0.011 0.008 0.009 0.941 0.008 
 42  BAFF022    (0)    5 :  0.030 0.127 0.101 0.011 0.032 0.108 0.591 
 43  BAFF021    (0)    5 :  0.009 0.031 0.028 0.012 0.030 0.032 0.857 
 44  BAFF499    (0)    6 :  0.036 0.008 0.033 0.820 0.015 0.045 0.043 
 45  BAFF204    (0)    8 :  0.017 0.009 0.733 0.042 0.023 0.097 0.080 
 46  BAFF068    (0)   12 :  0.011 0.076 0.040 0.831 0.008 0.011 0.023 
 47  BAFF336    (0)   12 :  0.266 0.014 0.082 0.526 0.034 0.019 0.060 
 48  BAFF447    (0)    7 :  0.027 0.008 0.823 0.012 0.024 0.085 0.021 
 49  BAFF457    (0)    7 :  0.042 0.032 0.581 0.009 0.013 0.279 0.044 
 50  BAFF448    (0)    7 :  0.034 0.069 0.453 0.007 0.372 0.025 0.039 
 51  BAFF465    (0)    7 :  0.017 0.015 0.054 0.010 0.876 0.012 0.017 
 52  BAFF194    (0)    8 :  0.025 0.034 0.133 0.012 0.052 0.700 0.044 
 53  BAFF199    (0)    8 :  0.213 0.019 0.463 0.020 0.019 0.104 0.162 
 54  BAFF500    (0)    6 :  0.009 0.200 0.501 0.074 0.110 0.095 0.011 
 55  BAFF206    (0)    8 :  0.015 0.060 0.030 0.058 0.098 0.131 0.608 
 56  BAFF069    (0)   12 :  0.021 0.009 0.011 0.911 0.014 0.018 0.015 
 57  BAFF330    (0)   12 :  0.187 0.018 0.052 0.027 0.640 0.022 0.055 
 58  BAFF239    (0)   10 :  0.208 0.025 0.021 0.528 0.020 0.011 0.186 
 59  BAFF241    (0)   10 :  0.173 0.033 0.018 0.706 0.011 0.014 0.045 
 60  BAFF157    (0)   11 :  0.961 0.005 0.007 0.006 0.006 0.008 0.007 
 61  BAFF161    (0)   11 :  0.968 0.004 0.006 0.006 0.006 0.006 0.005 
 62  BAFF160    (0)   11 :  0.960 0.005 0.007 0.006 0.008 0.007 0.008 
 63  BAFF008    (0)   12 :  0.019 0.046 0.183 0.135 0.552 0.021 0.044 
 64  BAFF013    (0)   12 :  0.031 0.011 0.027 0.013 0.822 0.023 0.074 
 65  BAFF407    (0)   12 :  0.021 0.009 0.013 0.913 0.014 0.012 0.018 
 66  BAFF503    (0)    6 :  0.084 0.006 0.028 0.775 0.084 0.013 0.010 
 67  BAFF449    (0)    7 :  0.010 0.011 0.020 0.024 0.346 0.014 0.574 
 68  BAFF207    (0)    8 :  0.005 0.013 0.029 0.634 0.042 0.256 0.022 
 69  BAFF070    (0)   12 :  0.009 0.009 0.013 0.916 0.012 0.013 0.028 
 70  BAFF335    (0)   12 :  0.015 0.009 0.013 0.021 0.011 0.008 0.924 
 71  BAFF507    (0)    6 :  0.021 0.045 0.182 0.008 0.012 0.718 0.014 
 72  BAFF450    (0)    7 :  0.239 0.224 0.130 0.049 0.035 0.275 0.048 
 73  BAFF209    (7)    8 :  0.060 0.034 0.031 0.029 0.199 0.480 0.166 
 74  BAFF072    (0)   12 :  0.443 0.011 0.038 0.032 0.020 0.012 0.444 
 75  BAFF339    (0)   12 :  0.020 0.013 0.176 0.397 0.013 0.300 0.082 
 76  BAFF508    (0)    6 :  0.839 0.055 0.047 0.013 0.011 0.011 0.024 
 77  BAFF451    (0)    7 :  0.023 0.011 0.406 0.028 0.083 0.254 0.196 
 78  BAFF210    (0)    8 :  0.011 0.086 0.154 0.446 0.100 0.187 0.017 
 79  BAFF139    (0)   12 :  0.043 0.064 0.352 0.014 0.032 0.278 0.217 
 80  BAFF341    (0)   12 :  0.185 0.024 0.468 0.027 0.062 0.113 0.121 
 81  BAFF509    (0)    6 :  0.009 0.055 0.035 0.045 0.673 0.087 0.097 
 82  BAFF453    (0)    7 :  0.016 0.009 0.049 0.117 0.075 0.677 0.057 
 83  BAFF389    (0)    8 :  0.112 0.029 0.008 0.007 0.018 0.808 0.018 
 84  BAFF163    (0)   12 :  0.010 0.004 0.005 0.960 0.008 0.007 0.005 
 85  BAFF344    (7)   12 :  0.047 0.009 0.031 0.259 0.027 0.058 0.569 
 86  BAFF510    (0)    6 :  0.083 0.012 0.168 0.033 0.314 0.332 0.058 
 87  BAFF456    (0)    7 :  0.013 0.021 0.410 0.040 0.012 0.423 0.081 
 88  BAFF390    (0)    8 :  0.008 0.006 0.006 0.006 0.006 0.962 0.006 
 89  BAFF142    (0)   12 :  0.063 0.294 0.081 0.081 0.012 0.010 0.460 
 90  BAFF363    (7)   12 :  0.032 0.007 0.009 0.915 0.010 0.008 0.019 
 91  BAFF517    (0)    6 :  0.015 0.008 0.152 0.031 0.020 0.670 0.104 
 92  BAFF458    (0)    7 :  0.048 0.056 0.650 0.037 0.135 0.034 0.039 
 93  BAFF391    (0)    8 :  0.021 0.206 0.261 0.326 0.029 0.026 0.131 
 94  BAFF149    (0)   12 :  0.031 0.013 0.030 0.028 0.012 0.030 0.856 
 95  BAFF366    (7)   12 :  0.018 0.009 0.036 0.015 0.006 0.064 0.852 
 96  BAFF512    (0)    6 :  0.026 0.145 0.619 0.037 0.090 0.065 0.017 
 97  BAFF460    (0)    7 :  0.019 0.015 0.238 0.014 0.010 0.033 0.671 
 98  BAFF138    (0)   12 :  0.022 0.017 0.014 0.020 0.007 0.013 0.907 
 99  BAFF374    (0)   12 :  0.052 0.041 0.015 0.293 0.555 0.027 0.019 
100  BAFF015    (0)    1 :  0.010 0.934 0.014 0.011 0.010 0.009 0.012 
101  BAFF380    (0)    2 :  0.644 0.014 0.057 0.039 0.180 0.026 0.040 
102  BAFF216    (0)    3 :  0.021 0.042 0.365 0.030 0.131 0.377 0.033 
103  BAFF017    (0)    4 :  0.007 0.019 0.126 0.021 0.008 0.814 0.005 
104  BAFF245    (0)    4 :  0.012 0.127 0.116 0.036 0.144 0.108 0.456 
105  BAFF378    (7)   13 :  0.030 0.171 0.711 0.010 0.014 0.040 0.024 
106  BAFF023    (0)    5 :  0.015 0.026 0.783 0.031 0.043 0.073 0.031 
107  BAFF079    (0)    6 :  0.034 0.039 0.099 0.046 0.126 0.489 0.166 
108  BAFF435    (0)    6 :  0.046 0.009 0.811 0.023 0.029 0.050 0.031 
109  BAFF174    (7)    7 :  0.024 0.008 0.042 0.036 0.053 0.817 0.021 
110  BAFF226    (0)    7 :  0.017 0.014 0.726 0.008 0.009 0.146 0.081 
111  BAFF190    (0)    8 :  0.071 0.018 0.075 0.068 0.654 0.017 0.097 
112  BAFF243    (0)    9 :  0.069 0.049 0.186 0.006 0.024 0.575 0.090 
113  BAFF177    (0)   10 :  0.026 0.033 0.024 0.010 0.661 0.173 0.073 
114  BAFF364    (7)   11 :  0.828 0.011 0.051 0.017 0.064 0.018 0.011 
115  BAFF305    (0)   12 :  0.017 0.022 0.014 0.026 0.013 0.024 0.883 
116  BAFF513    (0)    6 :  0.027 0.060 0.105 0.019 0.691 0.072 0.025 
117  BAFF462    (0)    7 :  0.064 0.478 0.140 0.090 0.196 0.017 0.015 
118  BAFF143    (0)   12 :  0.047 0.007 0.070 0.068 0.048 0.069 0.692 
119  BAFF403    (0)   12 :  0.011 0.007 0.008 0.949 0.009 0.008 0.008 
120  BAFF514    (0)    6 :  0.023 0.008 0.058 0.296 0.564 0.028 0.024 
121  BAFF463    (0)    7 :  0.008 0.006 0.009 0.005 0.962 0.006 0.005 
122  BAFF137    (0)   12 :  0.012 0.010 0.016 0.008 0.114 0.010 0.830 
123  BAFF404    (0)   12 :  0.025 0.013 0.011 0.924 0.009 0.010 0.009 
124  BAFF515    (0)    6 :  0.056 0.024 0.224 0.036 0.353 0.159 0.149 
125  BAFF144    (0)   12 :  0.467 0.014 0.125 0.058 0.250 0.021 0.065 
126  BAFF405    (7)   12 :  0.248 0.037 0.040 0.024 0.048 0.011 0.593 
127  BAFF518    (0)    6 :  0.027 0.013 0.110 0.525 0.013 0.032 0.279 
128  BAFF467    (0)    7 :  0.029 0.021 0.585 0.042 0.116 0.174 0.035 
129  BAFF145    (0)   12 :  0.562 0.067 0.070 0.011 0.021 0.022 0.247 
130  BAFF406    (0)   12 :  0.550 0.008 0.018 0.291 0.044 0.033 0.056 
131  BAFF519    (0)    6 :  0.019 0.015 0.205 0.015 0.059 0.613 0.074 
132  BAFF471    (0)    7 :  0.052 0.090 0.207 0.029 0.168 0.085 0.370 
133  BAFF136    (0)   12 :  0.010 0.006 0.009 0.730 0.043 0.045 0.158 
134  BAFF520    (7)    6 :  0.030 0.033 0.542 0.080 0.110 0.164 0.042 
135  BAFF472    (0)    7 :  0.210 0.031 0.249 0.038 0.335 0.086 0.051 
136  BAFF165    (0)   12 :  0.009 0.044 0.048 0.046 0.018 0.034 0.802 
137  BAFF408    (0)   12 :  0.145 0.038 0.032 0.085 0.017 0.021 0.662 
138  BAFF522    (0)    6 :  0.030 0.027 0.028 0.039 0.806 0.024 0.046 
139  BAFF475    (0)    7 :  0.029 0.009 0.200 0.050 0.049 0.596 0.067 
140  BAFF140    (0)   12 :  0.067 0.021 0.030 0.034 0.234 0.087 0.526 
141  BAFF409    (0)   12 :  0.012 0.107 0.016 0.776 0.060 0.013 0.016 
142  BAFF523    (0)    6 :  0.125 0.015 0.160 0.009 0.647 0.031 0.013 
143  BAFF476    (0)    7 :  0.181 0.010 0.274 0.028 0.012 0.449 0.046 
144  BAFF147    (0)   12 :  0.022 0.014 0.024 0.160 0.058 0.021 0.700 
145  BAFF410    (0)   12 :  0.015 0.017 0.026 0.644 0.009 0.066 0.223 
146  BAFF477    (0)    7 :  0.015 0.082 0.594 0.007 0.013 0.081 0.208 
147  BAFF411    (0)   12 :  0.084 0.636 0.083 0.091 0.014 0.028 0.065 
148  BAFF486    (7)    7 :  0.012 0.008 0.931 0.007 0.005 0.026 0.011 
149  BAFF412    (7)   12 :  0.019 0.042 0.029 0.769 0.091 0.028 0.022 
150  BAFF258    (0)    1 :  0.064 0.219 0.142 0.023 0.512 0.020 0.020 
151  BAFF392    (0)    2 :  0.022 0.005 0.006 0.006 0.939 0.015 0.007 
152  BAFF217    (0)    3 :  0.039 0.014 0.104 0.019 0.012 0.729 0.082 
153  BAFF016    (0)    4 :  0.100 0.005 0.048 0.032 0.010 0.753 0.052 
154  BAFF246    (0)    4 :  0.032 0.010 0.057 0.022 0.050 0.809 0.019 
155  BAFF381    (0)   13 :  0.015 0.011 0.447 0.036 0.022 0.055 0.414 
156  BAFF078    (0)    6 :  0.621 0.007 0.017 0.044 0.022 0.011 0.278 
157  BAFF481    (0)    6 :  0.020 0.029 0.565 0.050 0.051 0.087 0.197 
158  BAFF436    (0)    7 :  0.057 0.107 0.053 0.052 0.501 0.168 0.061 
159  BAFF191    (0)    8 :  0.012 0.010 0.047 0.020 0.116 0.758 0.036 
160  BAFF382    (0)    9 :  0.048 0.009 0.701 0.081 0.075 0.039 0.047 
161  BAFF178    (0)   10 :  0.009 0.010 0.014 0.058 0.663 0.223 0.022 
162  BAFF159    (7)   11 :  0.010 0.014 0.594 0.027 0.015 0.317 0.022 
163  BAFF365    (7)   11 :  0.057 0.210 0.149 0.019 0.017 0.071 0.476 
164  BAFF007    (0)   12 :  0.197 0.083 0.314 0.028 0.047 0.095 0.236 
165  BAFF304    (7)   12 :  0.196 0.012 0.090 0.079 0.013 0.014 0.597 
166  BAFF487    (0)    7 :  0.171 0.025 0.588 0.029 0.107 0.064 0.016 
167  BAFF415    (0)   12 :  0.022 0.070 0.055 0.537 0.036 0.024 0.256 
168  BAFF488    (0)    7 :  0.020 0.679 0.118 0.014 0.015 0.084 0.070 
169  BAFF417    (0)   12 :  0.029 0.018 0.089 0.365 0.038 0.020 0.443 
170  BAFF489    (0)    7 :  0.123 0.008 0.472 0.036 0.062 0.030 0.269 
171  BAFF426    (0)   12 :  0.008 0.016 0.015 0.913 0.021 0.012 0.015 
172  BAFF490    (7)    7 :  0.223 0.023 0.495 0.012 0.079 0.147 0.022 
173  BAFF491    (0)    7 :  0.109 0.050 0.518 0.009 0.240 0.042 0.032 
174  BAFF492    (0)    7 :  0.020 0.008 0.846 0.019 0.022 0.067 0.019 
175  BAFF493    (0)    7 :  0.031 0.556 0.159 0.041 0.151 0.029 0.033 
176  BAFF506    (0)    7 :  0.075 0.153 0.577 0.018 0.120 0.043 0.015 
177  BAFF393    (0)    2 :  0.484 0.028 0.316 0.010 0.015 0.051 0.095 
178  BAFF218    (0)    3 :  0.026 0.066 0.298 0.023 0.070 0.433 0.084 
179  BAFF254    (0)    4 :  0.659 0.045 0.147 0.013 0.024 0.012 0.100 
180  BAFF385    (0)   13 :  0.159 0.041 0.333 0.079 0.295 0.035 0.058 
181  BAFF076    (0)    6 :  0.014 0.010 0.011 0.011 0.937 0.009 0.008 
182  BAFF482    (0)    6 :  0.020 0.008 0.741 0.055 0.077 0.020 0.079 
183  BAFF437    (0)    7 :  0.007 0.023 0.077 0.011 0.027 0.025 0.830 
184  BAFF192    (0)    8 :  0.221 0.021 0.050 0.015 0.481 0.126 0.085 
185  BAFF383    (0)    9 :  0.008 0.832 0.022 0.011 0.023 0.008 0.095 
186  BAFF180    (0)   10 :  0.014 0.008 0.042 0.141 0.284 0.498 0.012 
187  BAFF048    (7)   12 :  0.796 0.048 0.025 0.011 0.071 0.018 0.030 
188  BAFF306    (0)   12 :  0.022 0.012 0.096 0.030 0.053 0.091 0.696 
189  BAFF394    (0)    2 :  0.110 0.056 0.059 0.022 0.050 0.548 0.155 
190  BAFF219    (0)    3 :  0.017 0.009 0.407 0.014 0.028 0.251 0.274 
191  BAFF388    (0)    4 :  0.018 0.203 0.065 0.387 0.288 0.024 0.014 
192  BAFF386    (7)   13 :  0.067 0.021 0.073 0.020 0.726 0.027 0.066 
193  BAFF084    (0)    6 :  0.845 0.010 0.090 0.009 0.010 0.023 0.013 
194  BAFF483    (0)    6 :  0.013 0.033 0.117 0.130 0.372 0.152 0.183 
195  BAFF438   (15)    7 :  0.285 0.018 0.205 0.045 0.074 0.038 0.334 
196  BAFF193    (0)    8 :  0.027 0.437 0.378 0.019 0.082 0.035 0.022 
197  BAFF183    (0)   10 :  0.223 0.126 0.262 0.099 0.044 0.198 0.047 
198  BAFF153    (0)   12 :  0.016 0.007 0.009 0.014 0.011 0.008 0.935 
199  BAFF307    (0)   12 :  0.213 0.012 0.142 0.023 0.027 0.030 0.553 
200  BAFF397    (0)    2 :  0.025 0.009 0.607 0.011 0.005 0.100 0.242 
201  BAFF220    (0)    3 :  0.060 0.008 0.012 0.008 0.896 0.008 0.008 
202  BAFF095    (0)    6 :  0.010 0.053 0.016 0.014 0.872 0.020 0.015 
203  BAFF494    (0)    6 :  0.037 0.007 0.317 0.026 0.555 0.043 0.016 
204  BAFF439    (0)    7 :  0.020 0.010 0.219 0.414 0.015 0.133 0.189 
205  BAFF182    (0)   10 :  0.108 0.027 0.024 0.142 0.582 0.047 0.069 
206  BAFF054    (0)   12 :  0.009 0.007 0.009 0.943 0.008 0.006 0.018 
207  BAFF308    (0)   12 :  0.028 0.017 0.103 0.017 0.020 0.011 0.804 
208  BAFF266    (0)    1 :  0.114 0.127 0.621 0.042 0.023 0.040 0.032 
209  BAFF398    (7)    2 :  0.006 0.013 0.022 0.005 0.941 0.005 0.006 
210  BAFF221    (0)    3 :  0.316 0.437 0.011 0.074 0.085 0.010 0.067 
211  BAFF090    (0)    6 :  0.445 0.017 0.124 0.238 0.079 0.020 0.076 
212  BAFF495    (0)    6 :  0.007 0.008 0.041 0.009 0.008 0.918 0.008 
213  BAFF459    (0)    7 :  0.049 0.007 0.156 0.014 0.014 0.718 0.042 
214  BAFF197    (0)    8 :  0.013 0.016 0.178 0.079 0.022 0.168 0.525 
215  BAFF188    (0)   10 :  0.100 0.018 0.036 0.057 0.018 0.021 0.750 
216  BAFF051    (0)   12 :  0.015 0.025 0.471 0.369 0.055 0.033 0.033 
217  BAFF309    (0)   12 :  0.030 0.011 0.810 0.014 0.057 0.036 0.041 
218  BAFF269    (0)    1 :  0.014 0.122 0.197 0.011 0.043 0.194 0.420 
219  BAFF077    (0)    6 :  0.024 0.013 0.121 0.013 0.007 0.813 0.010 
220  BAFF496    (0)    6 :  0.006 0.014 0.037 0.010 0.009 0.915 0.009 
221  BAFF443    (0)    7 :  0.033 0.090 0.564 0.113 0.048 0.039 0.113 
222  BAFF198    (0)    8 :  0.046 0.010 0.172 0.067 0.281 0.398 0.026 
223  BAFF053    (0)   12 :  0.024 0.019 0.027 0.039 0.010 0.027 0.854 
224  BAFF310    (0)   12 :  0.024 0.010 0.041 0.822 0.009 0.017 0.078 
225  BAFF282    (0)    1 :  0.019 0.849 0.018 0.016 0.047 0.025 0.025 
226  BAFF497    (0)    6 :  0.013 0.012 0.314 0.015 0.014 0.606 0.026 
227  BAFF466    (0)    7 :  0.295 0.016 0.504 0.035 0.045 0.043 0.061 
228  BAFF200    (7)    8 :  0.060 0.012 0.191 0.047 0.571 0.072 0.046 
229  BAFF240    (0)   10 :  0.801 0.014 0.061 0.009 0.058 0.023 0.034 
230  BAFF055    (0)   12 :  0.012 0.020 0.017 0.742 0.029 0.011 0.169 
231  BAFF311    (7)   12 :  0.018 0.025 0.012 0.007 0.878 0.022 0.038 


Estimated Allele Frequencies in each cluster
First column gives estimated ancestral frequencies


Locus 1 : btern01 
9 alleles
0.0% missing data
   1   (0.140) 0.146 0.115 0.130 0.037 0.140 0.196 0.169 
   2   (0.017) 0.004 0.024 0.015 0.003 0.004 0.004 0.004 
   3   (0.164) 0.132 0.073 0.219 0.096 0.129 0.222 0.201 
   4   (0.213) 0.253 0.212 0.215 0.178 0.182 0.234 0.188 
   5   (0.291) 0.371 0.422 0.342 0.330 0.170 0.168 0.345 
   6   (0.072) 0.032 0.034 0.031 0.327 0.045 0.083 0.057 
   7   (0.050) 0.043 0.082 0.018 0.020 0.267 0.014 0.019 
   8   (0.016) 0.003 0.032 0.005 0.003 0.003 0.006 0.008 
   9   (0.035) 0.018 0.007 0.024 0.006 0.060 0.074 0.009 

Locus 2 : bt28 
5 alleles
0.0% missing data
   1   (0.665) 0.654 0.772 0.652 0.716 0.583 0.709 0.739 
   2   (0.154) 0.067 0.161 0.129 0.104 0.174 0.151 0.150 
   3   (0.143) 0.270 0.045 0.168 0.173 0.236 0.078 0.098 
   4   (0.027) 0.007 0.007 0.048 0.005 0.005 0.060 0.010 
   5   (0.011) 0.002 0.014 0.003 0.002 0.002 0.002 0.003 

Locus 3 : b96 
8 alleles
0.9% missing data
   1   (0.329) 0.207 0.351 0.320 0.322 0.347 0.292 0.457 
   2   (0.481) 0.603 0.463 0.580 0.520 0.532 0.632 0.340 
   3   (0.047) 0.084 0.012 0.036 0.041 0.026 0.014 0.059 
   4   (0.016) 0.067 0.004 0.008 0.003 0.003 0.003 0.004 
   5   (0.050) 0.012 0.026 0.032 0.031 0.045 0.027 0.054 
   6   (0.026) 0.007 0.082 0.006 0.005 0.036 0.005 0.013 
   7   (0.037) 0.018 0.060 0.015 0.007 0.008 0.026 0.071 
   8   (0.013) 0.002 0.003 0.003 0.071 0.003 0.002 0.003 

Locus 4 : bt30 
12 alleles
0.9% missing data
   1   (0.111) 0.049 0.249 0.129 0.115 0.182 0.042 0.067 
   2   (0.287) 0.270 0.290 0.347 0.282 0.264 0.315 0.296 
   3   (0.068) 0.078 0.017 0.205 0.029 0.025 0.117 0.036 
   4   (0.184) 0.228 0.120 0.136 0.239 0.228 0.193 0.216 
   5   (0.014) 0.003 0.003 0.008 0.003 0.015 0.004 0.004 
   6   (0.099) 0.037 0.099 0.065 0.057 0.206 0.148 0.072 
   7   (0.034) 0.018 0.022 0.020 0.024 0.010 0.015 0.041 
   8   (0.052) 0.051 0.043 0.031 0.057 0.011 0.015 0.076 
   9   (0.110) 0.260 0.090 0.048 0.184 0.041 0.134 0.155 
  10   (0.012) 0.002 0.061 0.003 0.002 0.002 0.002 0.003 
  11   (0.018) 0.003 0.004 0.005 0.004 0.014 0.005 0.031 
  12   (0.011) 0.002 0.002 0.003 0.002 0.002 0.010 0.003 

Locus 5 : btms0081 
3 alleles
0.9% missing data
   1   (0.497) 0.575 0.582 0.580 0.311 0.638 0.447 0.407 
   2   (0.353) 0.342 0.230 0.334 0.459 0.266 0.386 0.431 
   3   (0.150) 0.084 0.188 0.085 0.230 0.096 0.167 0.162 

Locus 6 : btms0066 
24 alleles
0.0% missing data
   1   (0.267) 0.201 0.385 0.313 0.371 0.342 0.178 0.302 
   2   (0.014) 0.004 0.065 0.004 0.003 0.003 0.006 0.003 
   3   (0.033) 0.017 0.007 0.036 0.009 0.019 0.009 0.109 
   4   (0.147) 0.068 0.062 0.254 0.131 0.192 0.362 0.106 
   5   (0.091) 0.042 0.029 0.137 0.113 0.041 0.103 0.206 
   6   (0.056) 0.095 0.013 0.023 0.019 0.181 0.051 0.048 
   7   (0.018) 0.004 0.016 0.008 0.003 0.047 0.003 0.004 
   8   (0.055) 0.033 0.076 0.043 0.033 0.017 0.083 0.032 
   9   (0.021) 0.253 0.004 0.006 0.004 0.007 0.004 0.015 
  10   (0.031) 0.045 0.135 0.026 0.005 0.007 0.009 0.007 
  11   (0.018) 0.004 0.140 0.005 0.011 0.008 0.004 0.005 
  12   (0.036) 0.010 0.008 0.042 0.017 0.007 0.121 0.030 
  13   (0.026) 0.033 0.006 0.014 0.016 0.021 0.005 0.016 
  14   (0.021) 0.061 0.004 0.006 0.039 0.005 0.004 0.005 
  15   (0.022) 0.004 0.006 0.032 0.004 0.004 0.014 0.024 
  16   (0.029) 0.063 0.007 0.008 0.093 0.024 0.006 0.014 
  17   (0.023) 0.035 0.014 0.012 0.049 0.006 0.004 0.019 
  18   (0.011) 0.002 0.002 0.002 0.030 0.002 0.002 0.002 
  19   (0.011) 0.002 0.002 0.002 0.002 0.003 0.002 0.033 
  20   (0.021) 0.007 0.007 0.008 0.013 0.025 0.022 0.006 
  21   (0.013) 0.010 0.005 0.005 0.003 0.027 0.002 0.003 
  22   (0.012) 0.004 0.002 0.004 0.002 0.010 0.002 0.003 
  23   (0.013) 0.002 0.002 0.003 0.029 0.002 0.002 0.004 
  24   (0.011) 0.003 0.004 0.008 0.002 0.002 0.002 0.003 

Locus 7 : btms0083 
31 alleles
3.0% missing data
   1   (0.013) 0.006 0.202 0.003 0.002 0.003 0.002 0.004 
   2   (0.025) 0.017 0.097 0.010 0.005 0.005 0.004 0.029 
   3   (0.030) 0.092 0.006 0.017 0.008 0.071 0.009 0.012 
   4   (0.040) 0.038 0.054 0.057 0.011 0.033 0.014 0.020 
   5   (0.193) 0.184 0.213 0.214 0.260 0.349 0.154 0.230 
   6   (0.019) 0.021 0.006 0.022 0.005 0.021 0.006 0.005 
   7   (0.067) 0.093 0.023 0.086 0.163 0.023 0.037 0.087 
   8   (0.033) 0.012 0.016 0.040 0.012 0.008 0.011 0.143 
   9   (0.037) 0.009 0.008 0.037 0.007 0.045 0.041 0.037 
  10   (0.028) 0.007 0.008 0.010 0.023 0.108 0.012 0.016 
  11   (0.048) 0.302 0.014 0.070 0.009 0.015 0.128 0.036 
  12   (0.019) 0.004 0.035 0.011 0.004 0.006 0.011 0.005 
  13   (0.045) 0.023 0.010 0.027 0.073 0.019 0.108 0.080 
  14   (0.031) 0.015 0.007 0.134 0.006 0.009 0.052 0.021 
  15   (0.031) 0.010 0.024 0.017 0.007 0.024 0.055 0.013 
  16   (0.027) 0.011 0.034 0.029 0.005 0.079 0.007 0.007 
  17   (0.031) 0.008 0.076 0.011 0.006 0.010 0.187 0.019 
  18   (0.055) 0.024 0.039 0.052 0.114 0.045 0.025 0.039 
  19   (0.019) 0.004 0.011 0.014 0.105 0.004 0.003 0.005 
  20   (0.026) 0.006 0.005 0.013 0.053 0.007 0.006 0.087 
  21   (0.012) 0.002 0.031 0.003 0.002 0.002 0.002 0.003 
  22   (0.012) 0.003 0.027 0.003 0.002 0.002 0.003 0.003 
  23   (0.017) 0.003 0.019 0.009 0.003 0.004 0.008 0.011 
  24   (0.012) 0.002 0.003 0.003 0.013 0.002 0.002 0.003 
  25   (0.032) 0.007 0.007 0.046 0.006 0.075 0.007 0.031 
  26   (0.015) 0.004 0.003 0.011 0.003 0.005 0.060 0.005 
  27   (0.028) 0.011 0.006 0.016 0.053 0.008 0.030 0.025 
  28   (0.016) 0.074 0.005 0.007 0.003 0.006 0.005 0.004 
  29   (0.013) 0.005 0.004 0.018 0.002 0.003 0.003 0.003 
  30   (0.015) 0.003 0.003 0.003 0.034 0.003 0.003 0.011 
  31   (0.010) 0.002 0.004 0.004 0.002 0.002 0.004 0.007 

Locus 8 : b126 
16 alleles
0.0% missing data
   1   (0.042) 0.008 0.040 0.020 0.012 0.059 0.030 0.038 
   2   (0.050) 0.011 0.122 0.034 0.008 0.014 0.063 0.067 
   3   (0.320) 0.539 0.223 0.375 0.399 0.274 0.369 0.345 
   4   (0.027) 0.006 0.008 0.042 0.006 0.012 0.063 0.009 
   5   (0.074) 0.045 0.026 0.129 0.057 0.129 0.066 0.034 
   6   (0.063) 0.020 0.016 0.101 0.153 0.016 0.034 0.146 
   7   (0.106) 0.205 0.023 0.070 0.131 0.177 0.093 0.131 
   8   (0.029) 0.006 0.007 0.015 0.073 0.007 0.042 0.013 
   9   (0.011) 0.002 0.002 0.002 0.002 0.038 0.002 0.003 
  10   (0.041) 0.011 0.026 0.014 0.051 0.107 0.026 0.015 
  11   (0.095) 0.118 0.369 0.109 0.026 0.034 0.055 0.090 
  12   (0.029) 0.006 0.028 0.027 0.028 0.006 0.007 0.031 
  13   (0.067) 0.012 0.099 0.042 0.046 0.084 0.086 0.037 
  14   (0.017) 0.003 0.004 0.010 0.004 0.008 0.055 0.007 
  15   (0.015) 0.002 0.003 0.003 0.003 0.008 0.003 0.028 
  16   (0.015) 0.005 0.003 0.007 0.003 0.028 0.005 0.005 

Locus 9 : btms0062 
34 alleles
0.0% missing data
   1   (0.034) 0.059 0.075 0.035 0.009 0.036 0.009 0.009 
   2   (0.050) 0.021 0.104 0.033 0.014 0.040 0.178 0.022 
   3   (0.084) 0.085 0.105 0.093 0.059 0.034 0.044 0.231 
   4   (0.101) 0.154 0.055 0.157 0.201 0.212 0.061 0.046 
   5   (0.059) 0.106 0.024 0.145 0.015 0.047 0.017 0.071 
   6   (0.023) 0.015 0.007 0.024 0.005 0.010 0.026 0.033 
   7   (0.013) 0.002 0.003 0.016 0.002 0.003 0.003 0.007 
   8   (0.024) 0.005 0.007 0.035 0.004 0.005 0.020 0.059 
   9   (0.038) 0.067 0.020 0.034 0.016 0.027 0.111 0.014 
  10   (0.053) 0.013 0.043 0.064 0.064 0.074 0.050 0.031 
  11   (0.069) 0.202 0.023 0.059 0.040 0.149 0.055 0.053 
  12   (0.043) 0.010 0.010 0.016 0.033 0.077 0.194 0.038 
  13   (0.044) 0.018 0.026 0.021 0.017 0.121 0.024 0.065 
  14   (0.042) 0.012 0.012 0.050 0.260 0.011 0.035 0.037 
  15   (0.018) 0.004 0.003 0.005 0.004 0.005 0.005 0.103 
  16   (0.018) 0.058 0.004 0.005 0.012 0.003 0.003 0.014 
  17   (0.014) 0.003 0.148 0.005 0.002 0.010 0.003 0.003 
  18   (0.013) 0.003 0.003 0.003 0.002 0.031 0.006 0.004 
  19   (0.042) 0.008 0.077 0.037 0.090 0.016 0.053 0.015 
  20   (0.011) 0.002 0.031 0.002 0.002 0.002 0.002 0.002 
  21   (0.031) 0.007 0.056 0.040 0.005 0.016 0.032 0.013 
  22   (0.019) 0.004 0.093 0.005 0.004 0.003 0.003 0.021 
  23   (0.010) 0.002 0.025 0.005 0.002 0.002 0.002 0.002 
  24   (0.018) 0.003 0.004 0.036 0.007 0.004 0.025 0.005 
  25   (0.011) 0.002 0.007 0.015 0.002 0.003 0.003 0.002 
  26   (0.028) 0.059 0.013 0.027 0.056 0.027 0.013 0.012 
  27   (0.016) 0.041 0.003 0.005 0.005 0.012 0.003 0.031 
  28   (0.011) 0.002 0.002 0.002 0.002 0.002 0.002 0.023 
  29   (0.014) 0.024 0.006 0.005 0.003 0.003 0.005 0.003 
  30   (0.009) 0.002 0.002 0.002 0.030 0.002 0.002 0.002 
  31   (0.010) 0.002 0.002 0.009 0.002 0.002 0.002 0.014 
  32   (0.009) 0.005 0.002 0.002 0.002 0.007 0.003 0.003 
  33   (0.008) 0.001 0.003 0.004 0.001 0.002 0.003 0.006 
  34   (0.011) 0.002 0.002 0.003 0.026 0.002 0.002 0.004 

Locus 10 : btern02 
25 alleles
4.8% missing data
   1   (0.101) 0.195 0.129 0.059 0.055 0.081 0.181 0.140 
   2   (0.010) 0.002 0.015 0.002 0.002 0.002 0.002 0.002 
   3   (0.079) 0.057 0.029 0.128 0.023 0.133 0.120 0.092 
   4   (0.050) 0.010 0.016 0.034 0.096 0.151 0.060 0.030 
   5   (0.029) 0.032 0.016 0.043 0.006 0.020 0.007 0.012 
   6   (0.044) 0.143 0.019 0.099 0.018 0.030 0.021 0.023 
   7   (0.030) 0.005 0.006 0.015 0.133 0.029 0.012 0.027 
   8   (0.038) 0.025 0.096 0.034 0.007 0.014 0.020 0.036 
   9   (0.071) 0.058 0.085 0.043 0.050 0.105 0.021 0.186 
  10   (0.028) 0.007 0.007 0.101 0.005 0.009 0.074 0.010 
  11   (0.056) 0.020 0.018 0.063 0.066 0.021 0.086 0.121 
  12   (0.039) 0.017 0.127 0.025 0.007 0.013 0.055 0.020 
  13   (0.052) 0.013 0.051 0.033 0.055 0.072 0.045 0.029 
  14   (0.057) 0.022 0.153 0.026 0.125 0.039 0.050 0.029 
  15   (0.009) 0.119 0.002 0.002 0.001 0.002 0.002 0.002 
  16   (0.045) 0.010 0.051 0.078 0.046 0.013 0.036 0.025 
  17   (0.030) 0.022 0.007 0.042 0.058 0.016 0.014 0.009 
  18   (0.041) 0.013 0.010 0.038 0.165 0.019 0.101 0.023 
  19   (0.042) 0.073 0.009 0.028 0.010 0.084 0.018 0.069 
  20   (0.040) 0.008 0.051 0.042 0.008 0.076 0.026 0.036 
  21   (0.022) 0.007 0.053 0.023 0.008 0.005 0.008 0.013 
  22   (0.013) 0.003 0.019 0.005 0.006 0.003 0.003 0.004 
  23   (0.034) 0.015 0.021 0.014 0.006 0.035 0.028 0.047 
  24   (0.028) 0.122 0.006 0.016 0.037 0.014 0.006 0.014 
  25   (0.012) 0.003 0.003 0.006 0.004 0.014 0.006 0.003 

Locus 11 : btms0086 
3 alleles
0.0% missing data
   1   (0.843) 0.963 0.787 0.800 0.926 0.772 0.849 0.911 
   2   (0.135) 0.033 0.193 0.192 0.065 0.224 0.147 0.052 
   3   (0.022) 0.005 0.021 0.008 0.009 0.004 0.004 0.037 

Locus 12 : bl13 
3 alleles
0.0% missing data
   1   (0.070) 0.024 0.205 0.039 0.316 0.033 0.027 0.027 
   2   (0.826) 0.767 0.773 0.888 0.627 0.850 0.881 0.854 
   3   (0.104) 0.209 0.021 0.073 0.058 0.117 0.092 0.119 

Locus 13 : btms0059 
9 alleles
0.0% missing data
   1   (0.341) 0.473 0.356 0.312 0.296 0.340 0.237 0.526 
   2   (0.105) 0.169 0.126 0.134 0.018 0.036 0.297 0.068 
   3   (0.065) 0.035 0.117 0.028 0.111 0.033 0.030 0.053 
   4   (0.056) 0.015 0.046 0.043 0.019 0.090 0.027 0.040 
   5   (0.081) 0.055 0.037 0.144 0.042 0.035 0.059 0.081 
   6   (0.302) 0.233 0.305 0.295 0.504 0.448 0.301 0.209 
   7   (0.015) 0.004 0.003 0.010 0.002 0.003 0.039 0.004 
   8   (0.023) 0.008 0.006 0.029 0.004 0.013 0.006 0.016 
   9   (0.011) 0.005 0.004 0.005 0.003 0.002 0.004 0.003 

Values of parameters used in structure:
DATAFILE=/Users/johnmola/Desktop/rpbbfeb27/rpbbstructure/project_data,	OUTFILE=/Users/johnmola/Desktop/rpbbfeb27/rpbbstructure/rpbb20k100k/Results/rpbb20k100k_run_68,	NUMINDS=231,	NUMLOCI=13,	MISSING=-9,	LABEL=1,	POPDATA=1,	POPFLAG=0,	PHENOTYPE=0,	EXTRACOLS=0,	MAXPOPS=7,	BURNIN=20000,	NUMREPS=100000,	USEPOPINFO=0,	INFERALPHA=1,	INFERLAMBDA=0,	POPSPECIFICLAMBDA=0,	POPALPHAS=0,	COMPUTEPROB=1,	NOADMIX=0,	ADMBURNIN=2500,	UPDATEFREQ=1,	PRINTLIKES=0,	INTERMEDSAVE=0,	PRINTKLD=0,	PRINTNET=0,	PRINTLAMBDA=0,	ANCESTDIST=0,	NUMBOXES=1000,	ANCESTPINT=0.90000,	GENSBACK=2,	MIGRPRIOR=0.05000,	PRINTQHAT=0,	PRINTQSUM=0,	ALPHA=1.0000,	FREQSCORR=1,	FPRIORMEAN=0.0100,	FPRIORSD=0.0500,	ONEFST=0,	LAMBDA=1.0000,	UNIFPRIORALPHA=1,	ALPHAMAX=10.0000,	ALPHAPRIORA=1.0000,	ALPHAPRIORB=2.0000,	ALPHAPROPSD=0.0250,	STARTATPOPINFO=0,	RANDOMIZE=1,	LINKAGE=0,	METROFREQ=10,	REPORTHITRATE=0,	MARKOVPHASE=-1,	PHASED=0,	PLOIDY=2,	PHASEINFO=0	LOCPRIOR=0, 	LOCPRIORINIT=1.000000, 	LOCDATA=0, 	LOCISPOP=0, 	LOCPRIORSTEP=0.100000, 	MAXLOCPRIOR=20.000000, 	SEED=1677521400,	
[STRAT parameters]:    NUMSIMSTATS=1000,	PHENOTYPECOL=-9,	POOLFREQ=10,	LOCUSxONLY=0,	EMERROR=0.00100,	MISSINGPHENO=-9,	