

----------------------------------------------------
STRUCTURE by Pritchard, Stephens and Donnelly (2000)
     and Falush, Stephens and Pritchard (2003)
       Code by Pritchard, Falush and Hubisz
             Version 2.3.4 (Jul 2012)
----------------------------------------------------



Command line arguments:   bin/structure -m "/Users/johnmola/Desktop/rpbbfeb27/rpbbstructure/rpbb20k100k/mainparams" -e "/Users/johnmola/Desktop/rpbbfeb27/rpbbstructure/rpbb20k100k/extraparams" 
Input File:    /Users/johnmola/Desktop/rpbbfeb27/rpbbstructure/project_data

Run parameters:
   231 individuals
   13 loci
   5 populations assumed
   20000 Burn-in period
   100000 Reps


--------------------------------------------
Proportion of membership of each pre-defined
 population in each of the 5 clusters

Given    Inferred Clusters                     Number of
 Pop       1      2      3      4      5      Individuals

  1:     0.018  0.041  0.030  0.854  0.057       21
  2:     0.027  0.376  0.337  0.026  0.234        7
  3:     0.061  0.318  0.068  0.107  0.446        7
  4:     0.056  0.127  0.327  0.073  0.417        8
  5:     0.049  0.187  0.160  0.233  0.372        4
  6:     0.124  0.344  0.178  0.052  0.302       35
  7:     0.067  0.288  0.209  0.104  0.332       40
  8:     0.125  0.268  0.163  0.083  0.361       19
  9:     0.047  0.072  0.165  0.283  0.432        4
 10:     0.343  0.332  0.166  0.071  0.088       11
 11:     0.094  0.032  0.528  0.161  0.185        8
 12:     0.427  0.132  0.292  0.064  0.085       60
 13:     0.047  0.231  0.148  0.080  0.494        7
--------------------------------------------

Allele-freq. divergence among pops (Net nucleotide distance),
computed using point estimates of P.

      1       2       3       4       5      
 1      -    0.0234  0.0176  0.0288  0.0232  
 2   0.0234     -    0.0173  0.0227  0.0179  
 3   0.0176  0.0173     -    0.0228  0.0133  
 4   0.0288  0.0227  0.0228     -    0.0244  
 5   0.0232  0.0179  0.0133  0.0244     -    

Average distances (expected heterozygosity) between individuals in same cluster:
cluster  1  : 0.6865 
cluster  2  : 0.6948 
cluster  3  : 0.6761 
cluster  4  : 0.6882 
cluster  5  : 0.6863 

--------------------------------------------
Estimated Ln Prob of Data   = -10108.6
Mean value of ln likelihood = -9659.0
Variance of ln likelihood   = 899.2
Mean value of alpha         = 0.0534

Mean value of Fst_1         = 0.0652
Mean value of Fst_2         = 0.0458
Mean value of Fst_3         = 0.0526
Mean value of Fst_4         = 0.0606
Mean value of Fst_5         = 0.0474


Inferred ancestry of individuals:
        Label (%Miss) Pop:  Inferred clusters
  1  BAFF014    (0)    1 :  0.006 0.013 0.008 0.960 0.013 
  2  BAFF379    (0)    2 :  0.029 0.063 0.799 0.015 0.094 
  3  BAFF212    (0)    3 :  0.069 0.720 0.110 0.029 0.072 
  4  BAFF018    (0)    4 :  0.023 0.020 0.921 0.011 0.025 
  5  BAFF247    (0)    4 :  0.038 0.110 0.450 0.012 0.390 
  6  BAFF024    (0)    5 :  0.045 0.306 0.023 0.030 0.596 
  7  BAFF088    (0)    6 :  0.036 0.880 0.044 0.013 0.027 
  8  BAFF429    (0)    6 :  0.030 0.518 0.089 0.020 0.342 
  9  BAFF087    (7)    7 :  0.007 0.970 0.007 0.010 0.006 
 10  BAFF225    (0)    7 :  0.020 0.495 0.059 0.054 0.373 
 11  BAFF195    (0)    8 :  0.040 0.075 0.707 0.035 0.143 
 12  BAFF238    (0)    9 :  0.040 0.069 0.061 0.155 0.675 
 13  BAFF019    (0)   10 :  0.842 0.076 0.029 0.036 0.017 
 14  BAFF175    (0)   10 :  0.324 0.288 0.182 0.016 0.190 
 15  BAFF156    (0)   11 :  0.159 0.006 0.823 0.005 0.007 
 16  BAFF301    (0)   11 :  0.019 0.022 0.016 0.917 0.026 
 17  BAFF141    (0)   12 :  0.029 0.016 0.333 0.606 0.016 
 18  BAFF302    (0)   12 :  0.048 0.023 0.065 0.024 0.840 
 19  BAFF290    (0)    1 :  0.014 0.017 0.020 0.928 0.022 
 20  BAFF498    (0)    6 :  0.081 0.142 0.201 0.321 0.255 
 21  BAFF455    (0)    7 :  0.051 0.805 0.042 0.029 0.073 
 22  BAFF203    (7)    8 :  0.015 0.907 0.037 0.012 0.029 
 23  BAFF056    (0)   12 :  0.874 0.015 0.047 0.034 0.030 
 24  BAFF327    (0)   12 :  0.420 0.042 0.422 0.078 0.038 
 25  BAFF255    (0)    1 :  0.008 0.009 0.010 0.961 0.012 
 26  BAFF256    (0)    1 :  0.010 0.011 0.007 0.964 0.008 
 27  BAFF257    (0)    1 :  0.006 0.009 0.006 0.973 0.007 
 28  BAFF260    (0)    1 :  0.008 0.014 0.006 0.960 0.012 
 29  BAFF259    (0)    1 :  0.014 0.009 0.010 0.959 0.008 
 30  BAFF261    (0)    1 :  0.009 0.010 0.009 0.964 0.008 
 31  BAFF274    (0)    1 :  0.015 0.022 0.027 0.898 0.037 
 32  BAFF262    (0)    1 :  0.010 0.023 0.011 0.945 0.010 
 33  BAFF294    (0)    1 :  0.008 0.024 0.007 0.954 0.008 
 34  BAFF292    (0)    1 :  0.011 0.009 0.014 0.869 0.097 
 35  BAFF296    (0)    1 :  0.015 0.009 0.019 0.894 0.064 
 36  BAFF295    (0)    1 :  0.013 0.019 0.012 0.926 0.031 
 37  BAFF298    (0)    1 :  0.017 0.014 0.015 0.937 0.017 
 38  BAFF299    (0)    1 :  0.019 0.011 0.007 0.956 0.007 
 39  BAFF375    (0)   13 :  0.011 0.023 0.012 0.031 0.923 
 40  BAFF376    (0)   13 :  0.035 0.069 0.019 0.025 0.851 
 41  BAFF377    (0)   13 :  0.010 0.016 0.011 0.025 0.938 
 42  BAFF022    (0)    5 :  0.019 0.057 0.112 0.481 0.331 
 43  BAFF021    (0)    5 :  0.065 0.136 0.146 0.369 0.283 
 44  BAFF499    (0)    6 :  0.873 0.016 0.035 0.010 0.065 
 45  BAFF204    (0)    8 :  0.072 0.045 0.284 0.012 0.587 
 46  BAFF068    (0)   12 :  0.904 0.009 0.017 0.056 0.014 
 47  BAFF336    (0)   12 :  0.505 0.047 0.405 0.018 0.025 
 48  BAFF447    (0)    7 :  0.018 0.041 0.178 0.011 0.753 
 49  BAFF457    (0)    7 :  0.011 0.010 0.115 0.028 0.835 
 50  BAFF448    (0)    7 :  0.011 0.507 0.302 0.084 0.095 
 51  BAFF465    (0)    7 :  0.015 0.912 0.037 0.015 0.021 
 52  BAFF194    (0)    8 :  0.013 0.067 0.026 0.035 0.860 
 53  BAFF199    (0)    8 :  0.031 0.036 0.653 0.031 0.249 
 54  BAFF500    (0)    6 :  0.119 0.206 0.055 0.430 0.190 
 55  BAFF206    (0)    8 :  0.124 0.383 0.088 0.049 0.356 
 56  BAFF069    (0)   12 :  0.935 0.019 0.019 0.011 0.015 
 57  BAFF330    (0)   12 :  0.026 0.795 0.144 0.018 0.018 
 58  BAFF239    (0)   10 :  0.746 0.023 0.106 0.116 0.010 
 59  BAFF241    (0)   10 :  0.808 0.016 0.031 0.136 0.009 
 60  BAFF157    (0)   11 :  0.157 0.010 0.812 0.006 0.014 
 61  BAFF161    (0)   11 :  0.159 0.008 0.817 0.006 0.009 
 62  BAFF160    (0)   11 :  0.156 0.011 0.816 0.006 0.011 
 63  BAFF008    (0)   12 :  0.121 0.739 0.052 0.049 0.040 
 64  BAFF013    (0)   12 :  0.017 0.899 0.044 0.014 0.026 
 65  BAFF407    (0)   12 :  0.938 0.016 0.022 0.013 0.011 
 66  BAFF503    (0)    6 :  0.676 0.264 0.029 0.008 0.023 
 67  BAFF449    (0)    7 :  0.059 0.881 0.032 0.015 0.012 
 68  BAFF207    (0)    8 :  0.632 0.119 0.018 0.022 0.209 
 69  BAFF070    (0)   12 :  0.947 0.014 0.014 0.010 0.015 
 70  BAFF335    (0)   12 :  0.361 0.034 0.575 0.016 0.014 
 71  BAFF507    (0)    6 :  0.010 0.018 0.023 0.054 0.896 
 72  BAFF450    (0)    7 :  0.053 0.073 0.420 0.233 0.221 
 73  BAFF209    (7)    8 :  0.052 0.234 0.057 0.054 0.603 
 74  BAFF072    (0)   12 :  0.160 0.022 0.795 0.009 0.014 
 75  BAFF339    (0)   12 :  0.664 0.024 0.115 0.018 0.179 
 76  BAFF508    (0)    6 :  0.021 0.019 0.894 0.048 0.019 
 77  BAFF451    (0)    7 :  0.022 0.069 0.056 0.013 0.839 
 78  BAFF210    (0)    8 :  0.404 0.225 0.041 0.120 0.210 
 79  BAFF139    (0)   12 :  0.020 0.029 0.111 0.070 0.770 
 80  BAFF341    (0)   12 :  0.040 0.134 0.634 0.037 0.155 
 81  BAFF509    (0)    6 :  0.033 0.877 0.016 0.036 0.037 
 82  BAFF453    (0)    7 :  0.343 0.278 0.045 0.011 0.322 
 83  BAFF389    (0)    8 :  0.012 0.035 0.103 0.104 0.746 
 84  BAFF163    (0)   12 :  0.936 0.046 0.007 0.004 0.007 
 85  BAFF344    (7)   12 :  0.593 0.041 0.286 0.010 0.070 
 86  BAFF510    (0)    6 :  0.067 0.295 0.213 0.013 0.412 
 87  BAFF456    (0)    7 :  0.032 0.012 0.060 0.020 0.876 
 88  BAFF390    (0)    8 :  0.009 0.056 0.008 0.010 0.917 
 89  BAFF142    (0)   12 :  0.098 0.016 0.221 0.647 0.018 
 90  BAFF363    (7)   12 :  0.941 0.015 0.028 0.008 0.008 
 91  BAFF517    (0)    6 :  0.026 0.016 0.035 0.008 0.915 
 92  BAFF458    (0)    7 :  0.062 0.488 0.225 0.129 0.096 
 93  BAFF391    (0)    8 :  0.378 0.041 0.210 0.320 0.051 
 94  BAFF149    (0)   12 :  0.289 0.014 0.622 0.014 0.061 
 95  BAFF366    (7)   12 :  0.223 0.010 0.327 0.015 0.425 
 96  BAFF512    (0)    6 :  0.061 0.263 0.202 0.241 0.234 
 97  BAFF460    (0)    7 :  0.079 0.016 0.602 0.020 0.284 
 98  BAFF138    (0)   12 :  0.357 0.011 0.559 0.053 0.020 
 99  BAFF374    (0)   12 :  0.197 0.720 0.032 0.035 0.017 
100  BAFF015    (0)    1 :  0.014 0.015 0.008 0.954 0.009 
101  BAFF380    (0)    2 :  0.078 0.557 0.323 0.018 0.024 
102  BAFF216    (0)    3 :  0.042 0.354 0.034 0.058 0.512 
103  BAFF017    (0)    4 :  0.024 0.017 0.012 0.039 0.908 
104  BAFF245    (0)    4 :  0.036 0.130 0.082 0.295 0.457 
105  BAFF378    (7)   13 :  0.021 0.082 0.255 0.354 0.288 
106  BAFF023    (0)    5 :  0.065 0.249 0.358 0.052 0.276 
107  BAFF079    (0)    6 :  0.049 0.215 0.042 0.037 0.656 
108  BAFF435    (0)    6 :  0.067 0.116 0.429 0.017 0.370 
109  BAFF174    (7)    7 :  0.110 0.365 0.038 0.011 0.476 
110  BAFF226    (0)    7 :  0.012 0.014 0.146 0.020 0.807 
111  BAFF190    (0)    8 :  0.104 0.749 0.112 0.020 0.016 
112  BAFF243    (0)    9 :  0.011 0.033 0.134 0.040 0.782 
113  BAFF177    (0)   10 :  0.012 0.880 0.027 0.028 0.054 
114  BAFF364    (7)   11 :  0.046 0.150 0.748 0.015 0.041 
115  BAFF305    (0)   12 :  0.332 0.034 0.535 0.040 0.060 
116  BAFF513    (0)    6 :  0.018 0.847 0.022 0.064 0.049 
117  BAFF462    (0)    7 :  0.052 0.223 0.039 0.666 0.020 
118  BAFF143    (0)   12 :  0.318 0.035 0.468 0.009 0.171 
119  BAFF403    (0)   12 :  0.963 0.010 0.010 0.008 0.008 
120  BAFF514    (0)    6 :  0.212 0.736 0.023 0.011 0.018 
121  BAFF463    (0)    7 :  0.006 0.971 0.008 0.007 0.007 
122  BAFF137    (0)   12 :  0.124 0.642 0.198 0.014 0.022 
123  BAFF404    (0)   12 :  0.948 0.010 0.019 0.014 0.010 
124  BAFF515    (0)    6 :  0.049 0.566 0.163 0.026 0.196 
125  BAFF144    (0)   12 :  0.112 0.361 0.486 0.020 0.021 
126  BAFF405    (7)   12 :  0.211 0.084 0.634 0.048 0.023 
127  BAFF518    (0)    6 :  0.789 0.016 0.128 0.028 0.040 
128  BAFF467    (0)    7 :  0.043 0.399 0.129 0.042 0.387 
129  BAFF145    (0)   12 :  0.038 0.030 0.820 0.060 0.052 
130  BAFF406    (0)   12 :  0.327 0.052 0.593 0.009 0.019 
131  BAFF519    (0)    6 :  0.022 0.119 0.110 0.017 0.733 
132  BAFF471    (0)    7 :  0.066 0.347 0.323 0.096 0.168 
133  BAFF136    (0)   12 :  0.894 0.054 0.023 0.006 0.023 
134  BAFF520    (7)    6 :  0.109 0.230 0.141 0.060 0.460 
135  BAFF472    (0)    7 :  0.051 0.454 0.307 0.066 0.122 
136  BAFF165    (0)   12 :  0.174 0.021 0.097 0.091 0.617 
137  BAFF408    (0)   12 :  0.278 0.020 0.635 0.051 0.017 
138  BAFF522    (0)    6 :  0.038 0.895 0.023 0.025 0.020 
139  BAFF475    (0)    7 :  0.041 0.054 0.080 0.010 0.814 
140  BAFF140    (0)   12 :  0.192 0.299 0.398 0.025 0.085 
141  BAFF409    (0)   12 :  0.793 0.051 0.016 0.126 0.015 
142  BAFF523    (0)    6 :  0.010 0.879 0.076 0.014 0.020 
143  BAFF476    (0)    7 :  0.030 0.015 0.286 0.012 0.658 
144  BAFF147    (0)   12 :  0.545 0.156 0.248 0.017 0.034 
145  BAFF410    (0)   12 :  0.860 0.012 0.040 0.022 0.067 
146  BAFF477    (0)    7 :  0.013 0.023 0.175 0.188 0.601 
147  BAFF411    (0)   12 :  0.133 0.016 0.168 0.654 0.028 
148  BAFF486    (7)    7 :  0.009 0.009 0.442 0.013 0.527 
149  BAFF412    (7)   12 :  0.730 0.124 0.023 0.088 0.036 
150  BAFF258    (0)    1 :  0.025 0.462 0.054 0.420 0.038 
151  BAFF392    (0)    2 :  0.008 0.968 0.010 0.006 0.009 
152  BAFF217    (0)    3 :  0.019 0.019 0.053 0.015 0.894 
153  BAFF016    (0)    4 :  0.066 0.023 0.191 0.007 0.713 
154  BAFF246    (0)    4 :  0.031 0.115 0.040 0.010 0.804 
155  BAFF381    (0)   13 :  0.149 0.062 0.379 0.018 0.392 
156  BAFF078    (0)    6 :  0.163 0.014 0.805 0.008 0.010 
157  BAFF481    (0)    6 :  0.122 0.165 0.373 0.060 0.281 
158  BAFF436    (0)    7 :  0.077 0.671 0.049 0.110 0.093 
159  BAFF191    (0)    8 :  0.018 0.216 0.012 0.012 0.741 
160  BAFF382    (0)    9 :  0.119 0.167 0.452 0.011 0.252 
161  BAFF178    (0)   10 :  0.043 0.881 0.010 0.010 0.055 
162  BAFF159    (7)   11 :  0.026 0.025 0.051 0.020 0.877 
163  BAFF365    (7)   11 :  0.032 0.020 0.141 0.310 0.496 
164  BAFF007    (0)   12 :  0.050 0.045 0.606 0.138 0.160 
165  BAFF304    (7)   12 :  0.160 0.014 0.779 0.017 0.030 
166  BAFF487    (0)    7 :  0.046 0.524 0.266 0.043 0.122 
167  BAFF415    (0)   12 :  0.770 0.040 0.059 0.065 0.066 
168  BAFF488    (0)    7 :  0.017 0.024 0.026 0.782 0.151 
169  BAFF417    (0)   12 :  0.552 0.051 0.346 0.020 0.030 
170  BAFF489    (0)    7 :  0.078 0.124 0.659 0.013 0.126 
171  BAFF426    (0)   12 :  0.918 0.028 0.013 0.026 0.014 
172  BAFF490    (7)    7 :  0.015 0.130 0.324 0.029 0.502 
173  BAFF491    (0)    7 :  0.012 0.454 0.313 0.081 0.140 
174  BAFF492    (0)    7 :  0.033 0.072 0.377 0.014 0.503 
175  BAFF493    (0)    7 :  0.033 0.203 0.051 0.679 0.033 
176  BAFF506    (0)    7 :  0.025 0.549 0.118 0.250 0.059 
177  BAFF393    (0)    2 :  0.018 0.020 0.848 0.026 0.087 
178  BAFF218    (0)    3 :  0.024 0.063 0.062 0.063 0.789 
179  BAFF254    (0)    4 :  0.023 0.022 0.903 0.040 0.013 
180  BAFF385    (0)   13 :  0.078 0.512 0.296 0.082 0.031 
181  BAFF076    (0)    6 :  0.012 0.955 0.012 0.013 0.008 
182  BAFF482    (0)    6 :  0.117 0.188 0.462 0.013 0.220 
183  BAFF437    (0)    7 :  0.038 0.038 0.078 0.069 0.777 
184  BAFF192    (0)    8 :  0.025 0.489 0.392 0.024 0.069 
185  BAFF383    (0)    9 :  0.020 0.020 0.013 0.928 0.019 
186  BAFF180    (0)   10 :  0.165 0.603 0.023 0.010 0.199 
187  BAFF048    (7)   12 :  0.049 0.341 0.418 0.146 0.046 
188  BAFF306    (0)   12 :  0.160 0.101 0.626 0.012 0.101 
189  BAFF394    (0)    2 :  0.031 0.069 0.137 0.074 0.688 
190  BAFF219    (0)    3 :  0.026 0.049 0.078 0.014 0.834 
191  BAFF388    (0)    4 :  0.205 0.584 0.018 0.169 0.024 
192  BAFF386    (7)   13 :  0.026 0.853 0.059 0.029 0.033 
193  BAFF084    (0)    6 :  0.023 0.017 0.912 0.013 0.036 
194  BAFF483    (0)    6 :  0.102 0.685 0.049 0.040 0.124 
195  BAFF438   (15)    7 :  0.078 0.060 0.805 0.020 0.037 
196  BAFF193    (0)    8 :  0.024 0.138 0.103 0.655 0.080 
197  BAFF183    (0)   10 :  0.138 0.099 0.118 0.334 0.311 
198  BAFF153    (0)   12 :  0.344 0.015 0.617 0.010 0.014 
199  BAFF307    (0)   12 :  0.064 0.026 0.871 0.014 0.025 
200  BAFF397    (0)    2 :  0.015 0.006 0.236 0.012 0.731 
201  BAFF220    (0)    3 :  0.012 0.940 0.028 0.010 0.011 
202  BAFF095    (0)    6 :  0.012 0.918 0.013 0.045 0.011 
203  BAFF494    (0)    6 :  0.030 0.736 0.144 0.008 0.082 
204  BAFF439    (0)    7 :  0.683 0.031 0.156 0.017 0.113 
205  BAFF182    (0)   10 :  0.205 0.659 0.074 0.028 0.035 
206  BAFF054    (0)   12 :  0.968 0.009 0.009 0.007 0.007 
207  BAFF308    (0)   12 :  0.221 0.053 0.662 0.027 0.036 
208  BAFF266    (0)    1 :  0.116 0.061 0.303 0.345 0.176 
209  BAFF398    (7)    2 :  0.006 0.946 0.007 0.033 0.008 
210  BAFF221    (0)    3 :  0.237 0.081 0.112 0.558 0.013 
211  BAFF090    (0)    6 :  0.310 0.172 0.413 0.075 0.029 
212  BAFF495    (0)    6 :  0.012 0.017 0.015 0.011 0.945 
213  BAFF459    (0)    7 :  0.014 0.016 0.026 0.009 0.936 
214  BAFF197    (0)    8 :  0.291 0.022 0.070 0.021 0.595 
215  BAFF188    (0)   10 :  0.466 0.031 0.390 0.059 0.054 
216  BAFF051    (0)   12 :  0.672 0.130 0.094 0.034 0.069 
217  BAFF309    (0)   12 :  0.025 0.309 0.407 0.026 0.233 
218  BAFF269    (0)    1 :  0.022 0.069 0.065 0.246 0.597 
219  BAFF077    (0)    6 :  0.013 0.007 0.012 0.012 0.957 
220  BAFF496    (0)    6 :  0.012 0.015 0.012 0.014 0.945 
221  BAFF443    (0)    7 :  0.254 0.108 0.249 0.226 0.164 
222  BAFF198    (0)    8 :  0.095 0.476 0.057 0.018 0.354 
223  BAFF053    (0)   12 :  0.387 0.015 0.495 0.030 0.073 
224  BAFF310    (0)   12 :  0.775 0.017 0.163 0.017 0.028 
225  BAFF282    (0)    1 :  0.015 0.030 0.017 0.916 0.021 
226  BAFF497    (0)    6 :  0.017 0.016 0.017 0.012 0.939 
227  BAFF466    (0)    7 :  0.058 0.102 0.704 0.018 0.118 
228  BAFF200    (7)    8 :  0.045 0.780 0.110 0.015 0.050 
229  BAFF240    (0)   10 :  0.026 0.094 0.835 0.013 0.033 
230  BAFF055    (0)   12 :  0.906 0.026 0.025 0.028 0.015 
231  BAFF311    (7)   12 :  0.008 0.941 0.014 0.024 0.013 


Estimated Allele Frequencies in each cluster
First column gives estimated ancestral frequencies


Locus 1 : btern01 
9 alleles
0.0% missing data
   1   (0.141) 0.071 0.153 0.145 0.124 0.167 
   2   (0.017) 0.004 0.005 0.005 0.027 0.005 
   3   (0.155) 0.124 0.117 0.191 0.078 0.247 
   4   (0.210) 0.178 0.203 0.249 0.207 0.191 
   5   (0.292) 0.339 0.213 0.342 0.408 0.252 
   6   (0.078) 0.253 0.061 0.032 0.041 0.064 
   7   (0.056) 0.021 0.191 0.020 0.079 0.015 
   8   (0.016) 0.003 0.003 0.003 0.029 0.007 
   9   (0.034) 0.007 0.054 0.013 0.008 0.052 

Locus 2 : bt28 
5 alleles
0.0% missing data
   1   (0.669) 0.721 0.585 0.701 0.751 0.709 
   2   (0.149) 0.112 0.194 0.082 0.164 0.133 
   3   (0.147) 0.161 0.214 0.205 0.063 0.085 
   4   (0.023) 0.005 0.005 0.010 0.010 0.070 
   5   (0.012) 0.002 0.002 0.002 0.013 0.002 

Locus 3 : b96 
8 alleles
0.9% missing data
   1   (0.323) 0.350 0.363 0.305 0.350 0.316 
   2   (0.488) 0.475 0.526 0.511 0.484 0.587 
   3   (0.041) 0.043 0.029 0.081 0.012 0.014 
   4   (0.017) 0.008 0.003 0.030 0.006 0.004 
   5   (0.049) 0.045 0.037 0.029 0.023 0.032 
   6   (0.028) 0.007 0.029 0.009 0.068 0.005 
   7   (0.040) 0.021 0.009 0.033 0.052 0.039 
   8   (0.014) 0.051 0.004 0.003 0.004 0.003 

Locus 4 : bt30 
12 alleles
0.9% missing data
   1   (0.116) 0.108 0.159 0.066 0.236 0.060 
   2   (0.280) 0.254 0.286 0.311 0.293 0.332 
   3   (0.075) 0.043 0.045 0.108 0.027 0.147 
   4   (0.183) 0.230 0.223 0.198 0.149 0.163 
   5   (0.013) 0.003 0.017 0.003 0.003 0.003 
   6   (0.101) 0.053 0.172 0.046 0.091 0.128 
   7   (0.033) 0.039 0.011 0.017 0.024 0.020 
   8   (0.049) 0.069 0.012 0.054 0.038 0.028 
   9   (0.110) 0.192 0.043 0.187 0.085 0.103 
  10   (0.013) 0.002 0.002 0.002 0.049 0.002 
  11   (0.016) 0.005 0.029 0.005 0.004 0.005 
  12   (0.011) 0.002 0.002 0.002 0.002 0.009 

Locus 5 : btms0081 
3 alleles
0.9% missing data
   1   (0.501) 0.334 0.585 0.523 0.597 0.482 
   2   (0.342) 0.451 0.293 0.369 0.221 0.395 
   3   (0.156) 0.215 0.122 0.108 0.182 0.123 

Locus 6 : btms0066 
24 alleles
0.0% missing data
   1   (0.265) 0.336 0.318 0.297 0.374 0.210 
   2   (0.015) 0.003 0.003 0.005 0.054 0.005 
   3   (0.030) 0.028 0.020 0.084 0.007 0.013 
   4   (0.159) 0.158 0.242 0.104 0.079 0.278 
   5   (0.097) 0.112 0.054 0.130 0.071 0.141 
   6   (0.057) 0.030 0.141 0.054 0.017 0.042 
   7   (0.021) 0.003 0.034 0.005 0.015 0.004 
   8   (0.052) 0.032 0.017 0.031 0.067 0.078 
   9   (0.020) 0.018 0.007 0.116 0.004 0.004 
  10   (0.029) 0.005 0.008 0.026 0.116 0.016 
  11   (0.020) 0.010 0.008 0.004 0.114 0.004 
  12   (0.027) 0.017 0.006 0.010 0.009 0.116 
  13   (0.028) 0.015 0.017 0.031 0.007 0.006 
  14   (0.018) 0.034 0.005 0.027 0.004 0.003 
  15   (0.017) 0.004 0.004 0.008 0.007 0.039 
  16   (0.027) 0.068 0.039 0.017 0.008 0.006 
  17   (0.025) 0.054 0.007 0.014 0.020 0.006 
  18   (0.011) 0.023 0.002 0.002 0.002 0.002 
  19   (0.014) 0.012 0.008 0.013 0.003 0.003 
  20   (0.021) 0.008 0.025 0.006 0.006 0.016 
  21   (0.015) 0.003 0.019 0.006 0.007 0.003 
  22   (0.011) 0.002 0.009 0.002 0.002 0.002 
  23   (0.011) 0.023 0.002 0.002 0.002 0.002 
  24   (0.011) 0.003 0.002 0.004 0.006 0.003 

Locus 7 : btms0083 
31 alleles
3.0% missing data
   1   (0.016) 0.004 0.003 0.003 0.166 0.003 
   2   (0.024) 0.006 0.006 0.022 0.092 0.004 
   3   (0.031) 0.014 0.053 0.050 0.007 0.009 
   4   (0.039) 0.013 0.041 0.048 0.046 0.015 
   5   (0.191) 0.239 0.316 0.233 0.228 0.147 
   6   (0.019) 0.006 0.030 0.009 0.009 0.006 
   7   (0.062) 0.143 0.022 0.099 0.039 0.059 
   8   (0.046) 0.039 0.018 0.054 0.025 0.059 
   9   (0.029) 0.008 0.057 0.021 0.007 0.033 
  10   (0.024) 0.015 0.090 0.008 0.007 0.007 
  11   (0.052) 0.021 0.028 0.140 0.019 0.133 
  12   (0.018) 0.004 0.007 0.004 0.035 0.009 
  13   (0.049) 0.076 0.024 0.046 0.011 0.088 
  14   (0.031) 0.007 0.015 0.041 0.009 0.106 
  15   (0.030) 0.008 0.024 0.012 0.023 0.040 
  16   (0.027) 0.006 0.061 0.011 0.040 0.009 
  17   (0.033) 0.007 0.017 0.008 0.067 0.126 
  18   (0.050) 0.103 0.057 0.028 0.042 0.020 
  19   (0.023) 0.084 0.006 0.007 0.013 0.005 
  20   (0.024) 0.069 0.007 0.043 0.005 0.010 
  21   (0.010) 0.002 0.002 0.002 0.025 0.002 
  22   (0.014) 0.003 0.003 0.003 0.023 0.003 
  23   (0.016) 0.003 0.004 0.004 0.019 0.014 
  24   (0.012) 0.011 0.002 0.002 0.003 0.002 
  25   (0.031) 0.012 0.063 0.033 0.007 0.013 
  26   (0.017) 0.003 0.005 0.004 0.003 0.047 
  27   (0.028) 0.056 0.016 0.019 0.006 0.013 
  28   (0.018) 0.004 0.009 0.034 0.006 0.006 
  29   (0.015) 0.003 0.008 0.007 0.007 0.005 
  30   (0.013) 0.031 0.003 0.003 0.003 0.002 
  31   (0.009) 0.002 0.002 0.002 0.005 0.006 

Locus 8 : b126 
16 alleles
0.0% missing data
   1   (0.041) 0.015 0.055 0.012 0.039 0.030 
   2   (0.041) 0.009 0.015 0.016 0.115 0.078 
   3   (0.314) 0.417 0.295 0.452 0.245 0.348 
   4   (0.032) 0.009 0.017 0.016 0.014 0.054 
   5   (0.074) 0.055 0.141 0.062 0.034 0.060 
   6   (0.068) 0.142 0.024 0.093 0.023 0.086 
   7   (0.101) 0.134 0.160 0.161 0.023 0.076 
   8   (0.032) 0.059 0.010 0.012 0.009 0.031 
   9   (0.012) 0.002 0.027 0.002 0.002 0.002 
  10   (0.042) 0.036 0.086 0.009 0.025 0.024 
  11   (0.092) 0.038 0.045 0.109 0.332 0.071 
  12   (0.030) 0.025 0.008 0.017 0.042 0.013 
  13   (0.068) 0.047 0.065 0.025 0.086 0.074 
  14   (0.020) 0.004 0.011 0.004 0.004 0.041 
  15   (0.015) 0.005 0.022 0.004 0.003 0.004 
  16   (0.017) 0.003 0.020 0.004 0.003 0.009 

Locus 9 : btms0062 
34 alleles
0.0% missing data
   1   (0.030) 0.008 0.057 0.019 0.066 0.009 
   2   (0.052) 0.015 0.043 0.030 0.093 0.114 
   3   (0.083) 0.099 0.045 0.168 0.110 0.064 
   4   (0.103) 0.159 0.194 0.104 0.062 0.099 
   5   (0.055) 0.022 0.061 0.128 0.043 0.047 
   6   (0.025) 0.007 0.010 0.032 0.009 0.030 
   7   (0.012) 0.003 0.005 0.009 0.003 0.007 
   8   (0.018) 0.005 0.006 0.013 0.007 0.063 
   9   (0.042) 0.017 0.033 0.047 0.020 0.079 
  10   (0.053) 0.051 0.061 0.022 0.051 0.066 
  11   (0.066) 0.065 0.126 0.109 0.025 0.049 
  12   (0.039) 0.046 0.081 0.016 0.011 0.106 
  13   (0.049) 0.025 0.097 0.027 0.030 0.034 
  14   (0.038) 0.206 0.014 0.031 0.014 0.039 
  15   (0.019) 0.034 0.010 0.044 0.004 0.009 
  16   (0.017) 0.018 0.003 0.031 0.005 0.003 
  17   (0.016) 0.003 0.010 0.003 0.119 0.004 
  18   (0.015) 0.003 0.022 0.003 0.004 0.006 
  19   (0.042) 0.076 0.020 0.015 0.072 0.041 
  20   (0.011) 0.002 0.002 0.002 0.025 0.002 
  21   (0.030) 0.006 0.021 0.016 0.048 0.034 
  22   (0.018) 0.005 0.003 0.006 0.085 0.006 
  23   (0.010) 0.002 0.003 0.002 0.023 0.002 
  24   (0.017) 0.006 0.005 0.007 0.004 0.040 
  25   (0.012) 0.003 0.004 0.004 0.013 0.005 
  26   (0.031) 0.047 0.032 0.027 0.028 0.013 
  27   (0.017) 0.012 0.011 0.036 0.004 0.003 
  28   (0.012) 0.008 0.002 0.012 0.003 0.002 
  29   (0.014) 0.003 0.003 0.014 0.005 0.004 
  30   (0.009) 0.022 0.002 0.001 0.002 0.001 
  31   (0.013) 0.004 0.003 0.010 0.003 0.007 
  32   (0.010) 0.002 0.006 0.005 0.002 0.002 
  33   (0.010) 0.002 0.002 0.002 0.005 0.006 
  34   (0.011) 0.019 0.002 0.004 0.002 0.002 

Locus 10 : btern02 
25 alleles
4.8% missing data
   1   (0.106) 0.085 0.095 0.130 0.129 0.140 
   2   (0.010) 0.002 0.002 0.002 0.013 0.002 
   3   (0.074) 0.030 0.111 0.122 0.028 0.118 
   4   (0.050) 0.078 0.129 0.013 0.017 0.046 
   5   (0.026) 0.007 0.023 0.034 0.014 0.015 
   6   (0.047) 0.021 0.049 0.108 0.028 0.033 
   7   (0.028) 0.111 0.028 0.009 0.006 0.013 
   8   (0.037) 0.010 0.021 0.040 0.082 0.020 
   9   (0.076) 0.080 0.102 0.096 0.105 0.029 
  10   (0.029) 0.007 0.016 0.038 0.009 0.087 
  11   (0.055) 0.092 0.025 0.059 0.027 0.090 
  12   (0.035) 0.010 0.012 0.021 0.110 0.042 
  13   (0.046) 0.039 0.060 0.011 0.047 0.052 
  14   (0.060) 0.100 0.039 0.015 0.134 0.047 
  15   (0.011) 0.011 0.002 0.049 0.002 0.002 
  16   (0.048) 0.046 0.022 0.028 0.054 0.053 
  17   (0.030) 0.043 0.031 0.023 0.009 0.017 
  18   (0.043) 0.140 0.029 0.021 0.014 0.067 
  19   (0.036) 0.020 0.078 0.073 0.008 0.013 
  20   (0.038) 0.009 0.054 0.011 0.053 0.053 
  21   (0.024) 0.010 0.006 0.015 0.050 0.013 
  22   (0.013) 0.006 0.003 0.004 0.018 0.003 
  23   (0.033) 0.007 0.030 0.015 0.034 0.034 
  24   (0.029) 0.033 0.020 0.061 0.007 0.006 
  25   (0.013) 0.004 0.014 0.003 0.003 0.005 

Locus 11 : btms0086 
3 alleles
0.0% missing data
   1   (0.833) 0.917 0.788 0.907 0.791 0.853 
   2   (0.144) 0.069 0.207 0.078 0.177 0.142 
   3   (0.023) 0.014 0.004 0.015 0.032 0.004 

Locus 12 : bl13 
3 alleles
0.0% missing data
   1   (0.082) 0.233 0.049 0.028 0.176 0.029 
   2   (0.819) 0.694 0.851 0.812 0.802 0.875 
   3   (0.099) 0.074 0.100 0.159 0.021 0.095 

Locus 13 : btms0059 
9 alleles
0.0% missing data
   1   (0.339) 0.344 0.345 0.437 0.387 0.292 
   2   (0.106) 0.031 0.061 0.112 0.126 0.252 
   3   (0.065) 0.088 0.039 0.055 0.100 0.021 
   4   (0.054) 0.022 0.082 0.022 0.045 0.032 
   5   (0.077) 0.058 0.044 0.093 0.036 0.096 
   6   (0.307) 0.444 0.406 0.253 0.288 0.262 
   7   (0.015) 0.003 0.003 0.005 0.004 0.030 
   8   (0.025) 0.006 0.018 0.020 0.009 0.010 
   9   (0.012) 0.003 0.003 0.003 0.006 0.004 

Values of parameters used in structure:
DATAFILE=/Users/johnmola/Desktop/rpbbfeb27/rpbbstructure/project_data,	OUTFILE=/Users/johnmola/Desktop/rpbbfeb27/rpbbstructure/rpbb20k100k/Results/rpbb20k100k_run_44,	NUMINDS=231,	NUMLOCI=13,	MISSING=-9,	LABEL=1,	POPDATA=1,	POPFLAG=0,	PHENOTYPE=0,	EXTRACOLS=0,	MAXPOPS=5,	BURNIN=20000,	NUMREPS=100000,	USEPOPINFO=0,	INFERALPHA=1,	INFERLAMBDA=0,	POPSPECIFICLAMBDA=0,	POPALPHAS=0,	COMPUTEPROB=1,	NOADMIX=0,	ADMBURNIN=2500,	UPDATEFREQ=1,	PRINTLIKES=0,	INTERMEDSAVE=0,	PRINTKLD=0,	PRINTNET=0,	PRINTLAMBDA=0,	ANCESTDIST=0,	NUMBOXES=1000,	ANCESTPINT=0.90000,	GENSBACK=2,	MIGRPRIOR=0.05000,	PRINTQHAT=0,	PRINTQSUM=0,	ALPHA=1.0000,	FREQSCORR=1,	FPRIORMEAN=0.0100,	FPRIORSD=0.0500,	ONEFST=0,	LAMBDA=1.0000,	UNIFPRIORALPHA=1,	ALPHAMAX=10.0000,	ALPHAPRIORA=1.0000,	ALPHAPRIORB=2.0000,	ALPHAPROPSD=0.0250,	STARTATPOPINFO=0,	RANDOMIZE=1,	LINKAGE=0,	METROFREQ=10,	REPORTHITRATE=0,	MARKOVPHASE=-1,	PHASED=0,	PLOIDY=2,	PHASEINFO=0	LOCPRIOR=0, 	LOCPRIORINIT=1.000000, 	LOCDATA=0, 	LOCISPOP=0, 	LOCPRIORSTEP=0.100000, 	MAXLOCPRIOR=20.000000, 	SEED=1677519595,	
[STRAT parameters]:    NUMSIMSTATS=1000,	PHENOTYPECOL=-9,	POOLFREQ=10,	LOCUSxONLY=0,	EMERROR=0.00100,	MISSINGPHENO=-9,	