

----------------------------------------------------
STRUCTURE by Pritchard, Stephens and Donnelly (2000)
     and Falush, Stephens and Pritchard (2003)
       Code by Pritchard, Falush and Hubisz
             Version 2.3.4 (Jul 2012)
----------------------------------------------------



Command line arguments:   bin/structure -m "/Users/johnmola/Desktop/rpbbfeb27/rpbbstructure/rpbb20k100k/mainparams" -e "/Users/johnmola/Desktop/rpbbfeb27/rpbbstructure/rpbb20k100k/extraparams" 
Input File:    /Users/johnmola/Desktop/rpbbfeb27/rpbbstructure/project_data

Run parameters:
   231 individuals
   13 loci
   8 populations assumed
   20000 Burn-in period
   100000 Reps


--------------------------------------------
Proportion of membership of each pre-defined
 population in each of the 8 clusters

Given    Inferred Clusters                                          Number of
 Pop       1      2      3      4      5      6      7      8      Individuals

  1:     0.039  0.014  0.034  0.054  0.016  0.031  0.043  0.769       21
  2:     0.074  0.016  0.292  0.164  0.162  0.096  0.176  0.020        7
  3:     0.182  0.032  0.205  0.215  0.078  0.051  0.156  0.080        7
  4:     0.198  0.073  0.062  0.189  0.091  0.164  0.172  0.051        8
  5:     0.074  0.024  0.059  0.279  0.012  0.288  0.222  0.042        4
  6:     0.128  0.095  0.229  0.180  0.086  0.061  0.185  0.035       35
  7:     0.103  0.031  0.165  0.217  0.045  0.100  0.274  0.064       40
  8:     0.232  0.090  0.175  0.131  0.068  0.096  0.159  0.048       19
  9:     0.268  0.035  0.045  0.133  0.037  0.060  0.184  0.238        4
 10:     0.125  0.213  0.218  0.068  0.139  0.128  0.080  0.029       11
 11:     0.019  0.012  0.016  0.137  0.578  0.053  0.047  0.137        8
 12:     0.034  0.305  0.085  0.067  0.072  0.315  0.084  0.037       60
 13:     0.404  0.022  0.130  0.089  0.026  0.064  0.226  0.039        7
--------------------------------------------

Allele-freq. divergence among pops (Net nucleotide distance),
computed using point estimates of P.

      1       2       3       4       5       6       7       8      
 1      -    0.0440  0.0397  0.0251  0.0522  0.0401  0.0259  0.0496  
 2   0.0440     -    0.0418  0.0351  0.0514  0.0337  0.0332  0.0433  
 3   0.0397  0.0418     -    0.0264  0.0456  0.0357  0.0216  0.0372  
 4   0.0251  0.0351  0.0264     -    0.0309  0.0179  0.0090  0.0299  
 5   0.0522  0.0514  0.0456  0.0309     -    0.0385  0.0324  0.0552  
 6   0.0401  0.0337  0.0357  0.0179  0.0385     -    0.0215  0.0339  
 7   0.0259  0.0332  0.0216  0.0090  0.0324  0.0215     -    0.0285  
 8   0.0496  0.0433  0.0372  0.0299  0.0552  0.0339  0.0285     -    

Average distances (expected heterozygosity) between individuals in same cluster:
cluster  1  : 0.6549 
cluster  2  : 0.6741 
cluster  3  : 0.6850 
cluster  4  : 0.6897 
cluster  5  : 0.6408 
cluster  6  : 0.6711 
cluster  7  : 0.6749 
cluster  8  : 0.6845 

--------------------------------------------
Estimated Ln Prob of Data   = -9899.2
Mean value of ln likelihood = -9304.2
Variance of ln likelihood   = 1190.0
Mean value of alpha         = 0.0526

Mean value of Fst_1         = 0.1071
Mean value of Fst_2         = 0.0976
Mean value of Fst_3         = 0.0808
Mean value of Fst_4         = 0.0620
Mean value of Fst_5         = 0.1583
Mean value of Fst_6         = 0.0622
Mean value of Fst_7         = 0.0630
Mean value of Fst_8         = 0.0884


Inferred ancestry of individuals:
        Label (%Miss) Pop:  Inferred clusters
  1  BAFF014    (0)    1 :  0.014 0.006 0.011 0.021 0.009 0.010 0.014 0.916 
  2  BAFF379    (0)    2 :  0.053 0.012 0.041 0.177 0.071 0.232 0.400 0.014 
  3  BAFF212    (0)    3 :  0.064 0.058 0.257 0.132 0.027 0.035 0.401 0.025 
  4  BAFF018    (0)    4 :  0.009 0.018 0.019 0.059 0.110 0.391 0.386 0.008 
  5  BAFF247    (0)    4 :  0.013 0.015 0.051 0.202 0.016 0.391 0.305 0.008 
  6  BAFF024    (0)    5 :  0.185 0.042 0.142 0.491 0.009 0.026 0.088 0.017 
  7  BAFF088    (0)    6 :  0.024 0.035 0.756 0.042 0.028 0.035 0.070 0.011 
  8  BAFF429    (0)    6 :  0.271 0.014 0.092 0.196 0.047 0.154 0.210 0.017 
  9  BAFF087    (7)    7 :  0.007 0.006 0.953 0.006 0.006 0.006 0.009 0.007 
 10  BAFF225    (0)    7 :  0.241 0.016 0.332 0.091 0.010 0.022 0.254 0.034 
 11  BAFF195    (0)    8 :  0.055 0.013 0.096 0.158 0.483 0.091 0.062 0.043 
 12  BAFF238    (0)    9 :  0.670 0.035 0.029 0.090 0.020 0.026 0.055 0.076 
 13  BAFF019    (0)   10 :  0.011 0.810 0.047 0.023 0.031 0.024 0.029 0.025 
 14  BAFF175    (0)   10 :  0.264 0.057 0.177 0.065 0.047 0.295 0.083 0.011 
 15  BAFF156    (0)   11 :  0.005 0.006 0.005 0.005 0.963 0.007 0.006 0.004 
 16  BAFF301    (0)   11 :  0.044 0.021 0.015 0.027 0.011 0.018 0.026 0.838 
 17  BAFF141    (0)   12 :  0.006 0.005 0.007 0.022 0.014 0.683 0.155 0.108 
 18  BAFF302    (0)   12 :  0.038 0.039 0.018 0.720 0.014 0.022 0.125 0.024 
 19  BAFF290    (0)    1 :  0.046 0.013 0.015 0.020 0.007 0.074 0.040 0.785 
 20  BAFF498    (0)    6 :  0.054 0.052 0.057 0.231 0.063 0.026 0.311 0.205 
 21  BAFF455    (0)    7 :  0.099 0.024 0.724 0.021 0.033 0.038 0.041 0.021 
 22  BAFF203    (7)    8 :  0.021 0.012 0.826 0.027 0.014 0.036 0.055 0.009 
 23  BAFF056    (0)   12 :  0.028 0.801 0.009 0.030 0.006 0.015 0.093 0.018 
 24  BAFF327    (0)   12 :  0.011 0.104 0.028 0.043 0.029 0.710 0.020 0.054 
 25  BAFF255    (0)    1 :  0.012 0.007 0.009 0.012 0.006 0.010 0.012 0.932 
 26  BAFF256    (0)    1 :  0.010 0.011 0.010 0.006 0.005 0.007 0.007 0.943 
 27  BAFF257    (0)    1 :  0.008 0.005 0.007 0.005 0.004 0.006 0.007 0.957 
 28  BAFF260    (0)    1 :  0.013 0.007 0.017 0.009 0.004 0.007 0.008 0.934 
 29  BAFF259    (0)    1 :  0.008 0.015 0.007 0.008 0.007 0.009 0.008 0.937 
 30  BAFF261    (0)    1 :  0.008 0.008 0.009 0.008 0.007 0.011 0.015 0.935 
 31  BAFF274    (0)    1 :  0.015 0.013 0.027 0.041 0.010 0.018 0.048 0.828 
 32  BAFF262    (0)    1 :  0.007 0.008 0.035 0.015 0.009 0.024 0.010 0.893 
 33  BAFF294    (0)    1 :  0.007 0.007 0.033 0.012 0.007 0.009 0.009 0.917 
 34  BAFF292    (0)    1 :  0.238 0.010 0.008 0.022 0.015 0.021 0.013 0.672 
 35  BAFF296    (0)    1 :  0.201 0.012 0.008 0.024 0.014 0.012 0.017 0.713 
 36  BAFF295    (0)    1 :  0.059 0.013 0.025 0.020 0.010 0.039 0.018 0.816 
 37  BAFF298    (0)    1 :  0.011 0.019 0.011 0.031 0.009 0.017 0.030 0.872 
 38  BAFF299    (0)    1 :  0.007 0.029 0.012 0.008 0.012 0.006 0.005 0.921 
 39  BAFF375    (0)   13 :  0.943 0.007 0.009 0.009 0.006 0.007 0.009 0.010 
 40  BAFF376    (0)   13 :  0.824 0.022 0.046 0.049 0.008 0.014 0.023 0.014 
 41  BAFF377    (0)   13 :  0.935 0.008 0.008 0.014 0.007 0.007 0.010 0.011 
 42  BAFF022    (0)    5 :  0.033 0.010 0.022 0.298 0.017 0.419 0.111 0.090 
 43  BAFF021    (0)    5 :  0.016 0.013 0.033 0.178 0.009 0.681 0.031 0.039 
 44  BAFF499    (0)    6 :  0.032 0.798 0.015 0.044 0.026 0.034 0.043 0.008 
 45  BAFF204    (0)    8 :  0.037 0.039 0.022 0.248 0.013 0.076 0.555 0.010 
 46  BAFF068    (0)   12 :  0.009 0.822 0.008 0.026 0.009 0.025 0.026 0.073 
 47  BAFF336    (0)   12 :  0.013 0.540 0.025 0.055 0.166 0.062 0.126 0.013 
 48  BAFF447    (0)    7 :  0.029 0.015 0.026 0.512 0.030 0.023 0.358 0.008 
 49  BAFF457    (0)    7 :  0.073 0.009 0.012 0.607 0.030 0.025 0.219 0.025 
 50  BAFF448    (0)    7 :  0.033 0.008 0.439 0.095 0.030 0.038 0.289 0.068 
 51  BAFF465    (0)    7 :  0.013 0.010 0.877 0.022 0.013 0.016 0.034 0.014 
 52  BAFF194    (0)    8 :  0.082 0.011 0.030 0.692 0.016 0.022 0.123 0.025 
 53  BAFF199    (0)    8 :  0.031 0.018 0.014 0.220 0.082 0.116 0.500 0.018 
 54  BAFF500    (0)    6 :  0.060 0.077 0.102 0.148 0.009 0.014 0.392 0.198 
 55  BAFF206    (0)    8 :  0.171 0.063 0.103 0.039 0.016 0.544 0.021 0.043 
 56  BAFF069    (0)   12 :  0.026 0.882 0.013 0.012 0.021 0.017 0.019 0.010 
 57  BAFF330    (0)   12 :  0.025 0.026 0.589 0.024 0.142 0.066 0.109 0.019 
 58  BAFF239    (0)   10 :  0.019 0.451 0.025 0.040 0.199 0.155 0.078 0.033 
 59  BAFF241    (0)   10 :  0.014 0.599 0.016 0.044 0.165 0.027 0.088 0.046 
 60  BAFF157    (0)   11 :  0.006 0.006 0.006 0.008 0.958 0.006 0.006 0.004 
 61  BAFF161    (0)   11 :  0.005 0.006 0.006 0.006 0.964 0.005 0.005 0.004 
 62  BAFF160    (0)   11 :  0.005 0.005 0.008 0.008 0.957 0.007 0.006 0.004 
 63  BAFF008    (0)   12 :  0.030 0.142 0.584 0.038 0.016 0.041 0.106 0.043 
 64  BAFF013    (0)   12 :  0.023 0.014 0.806 0.023 0.023 0.075 0.025 0.011 
 65  BAFF407    (0)   12 :  0.015 0.894 0.011 0.011 0.019 0.023 0.017 0.010 
 66  BAFF503    (0)    6 :  0.022 0.753 0.052 0.019 0.110 0.012 0.026 0.006 
 67  BAFF449    (0)    7 :  0.014 0.022 0.315 0.014 0.010 0.589 0.025 0.011 
 68  BAFF207    (0)    8 :  0.314 0.506 0.049 0.050 0.004 0.021 0.043 0.014 
 69  BAFF070    (0)   12 :  0.013 0.897 0.013 0.012 0.008 0.035 0.013 0.009 
 70  BAFF335    (0)   12 :  0.006 0.019 0.011 0.013 0.013 0.918 0.012 0.009 
 71  BAFF507    (0)    6 :  0.109 0.008 0.015 0.702 0.018 0.012 0.103 0.034 
 72  BAFF450    (0)    7 :  0.402 0.043 0.026 0.064 0.157 0.027 0.153 0.128 
 73  BAFF209    (7)    8 :  0.380 0.028 0.230 0.108 0.087 0.105 0.034 0.027 
 74  BAFF072    (0)   12 :  0.014 0.053 0.021 0.023 0.350 0.459 0.069 0.011 
 75  BAFF339    (0)   12 :  0.398 0.281 0.011 0.061 0.012 0.080 0.143 0.012 
 76  BAFF508    (0)    6 :  0.023 0.013 0.014 0.017 0.670 0.038 0.168 0.058 
 77  BAFF451    (0)    7 :  0.039 0.020 0.060 0.646 0.013 0.058 0.154 0.011 
 78  BAFF210    (0)    8 :  0.229 0.408 0.097 0.065 0.009 0.017 0.100 0.075 
 79  BAFF139    (0)   12 :  0.062 0.012 0.023 0.550 0.028 0.098 0.183 0.044 
 80  BAFF341    (0)   12 :  0.114 0.019 0.037 0.116 0.112 0.082 0.503 0.016 
 81  BAFF509    (0)    6 :  0.065 0.042 0.673 0.046 0.008 0.070 0.032 0.063 
 82  BAFF453    (0)    7 :  0.788 0.052 0.036 0.023 0.015 0.042 0.036 0.008 
 83  BAFF389    (0)    8 :  0.729 0.006 0.021 0.015 0.185 0.015 0.008 0.020 
 84  BAFF163    (0)   12 :  0.030 0.931 0.009 0.006 0.011 0.005 0.005 0.004 
 85  BAFF344    (7)   12 :  0.052 0.218 0.024 0.043 0.039 0.587 0.028 0.009 
 86  BAFF510    (0)    6 :  0.034 0.026 0.210 0.506 0.058 0.048 0.107 0.011 
 87  BAFF456    (0)    7 :  0.077 0.034 0.012 0.644 0.012 0.045 0.160 0.017 
 88  BAFF390    (0)    8 :  0.949 0.005 0.006 0.011 0.010 0.006 0.007 0.006 
 89  BAFF142    (0)   12 :  0.010 0.063 0.012 0.050 0.041 0.392 0.164 0.269 
 90  BAFF363    (7)   12 :  0.008 0.908 0.011 0.009 0.027 0.021 0.009 0.007 
 91  BAFF517    (0)    6 :  0.208 0.026 0.020 0.563 0.013 0.059 0.103 0.008 
 92  BAFF458    (0)    7 :  0.021 0.027 0.037 0.118 0.021 0.028 0.710 0.038 
 93  BAFF391    (0)    8 :  0.023 0.298 0.029 0.146 0.014 0.128 0.194 0.167 
 94  BAFF149    (0)   12 :  0.062 0.023 0.010 0.020 0.026 0.805 0.043 0.011 
 95  BAFF366    (7)   12 :  0.043 0.014 0.006 0.149 0.018 0.735 0.026 0.009 
 96  BAFF512    (0)    6 :  0.075 0.037 0.088 0.223 0.028 0.019 0.359 0.170 
 97  BAFF460    (0)    7 :  0.027 0.014 0.010 0.123 0.014 0.600 0.194 0.017 
 98  BAFF138    (0)   12 :  0.012 0.017 0.007 0.013 0.017 0.902 0.018 0.014 
 99  BAFF374    (0)   12 :  0.029 0.304 0.518 0.016 0.055 0.021 0.015 0.042 
100  BAFF015    (0)    1 :  0.010 0.012 0.011 0.012 0.009 0.012 0.014 0.921 
101  BAFF380    (0)    2 :  0.027 0.044 0.138 0.069 0.544 0.067 0.096 0.014 
102  BAFF216    (0)    3 :  0.128 0.028 0.105 0.390 0.016 0.019 0.272 0.041 
103  BAFF017    (0)    4 :  0.540 0.022 0.008 0.318 0.009 0.005 0.081 0.017 
104  BAFF245    (0)    4 :  0.105 0.035 0.111 0.200 0.010 0.347 0.073 0.118 
105  BAFF378    (7)   13 :  0.032 0.011 0.018 0.197 0.017 0.019 0.522 0.184 
106  BAFF023    (0)    5 :  0.062 0.029 0.040 0.149 0.014 0.026 0.658 0.022 
107  BAFF079    (0)    6 :  0.192 0.048 0.095 0.399 0.030 0.137 0.064 0.036 
108  BAFF435    (0)    6 :  0.018 0.015 0.012 0.119 0.015 0.017 0.797 0.008 
109  BAFF174    (7)    7 :  0.868 0.022 0.021 0.018 0.018 0.015 0.031 0.007 
110  BAFF226    (0)    7 :  0.034 0.009 0.010 0.576 0.017 0.060 0.282 0.013 
111  BAFF190    (0)    8 :  0.020 0.092 0.485 0.051 0.057 0.111 0.166 0.018 
112  BAFF243    (0)    9 :  0.354 0.007 0.028 0.311 0.075 0.072 0.089 0.063 
113  BAFF177    (0)   10 :  0.175 0.009 0.629 0.035 0.024 0.069 0.026 0.034 
114  BAFF364    (7)   11 :  0.026 0.020 0.063 0.036 0.720 0.015 0.107 0.012 
115  BAFF305    (0)   12 :  0.022 0.020 0.012 0.027 0.014 0.868 0.017 0.021 
116  BAFF513    (0)    6 :  0.076 0.022 0.600 0.100 0.029 0.021 0.093 0.060 
117  BAFF462    (0)    7 :  0.015 0.062 0.138 0.061 0.039 0.013 0.227 0.443 
118  BAFF143    (0)   12 :  0.065 0.067 0.053 0.060 0.043 0.660 0.045 0.008 
119  BAFF403    (0)   12 :  0.008 0.943 0.008 0.007 0.010 0.008 0.009 0.007 
120  BAFF514    (0)    6 :  0.036 0.221 0.541 0.048 0.019 0.023 0.103 0.008 
121  BAFF463    (0)    7 :  0.006 0.005 0.958 0.005 0.008 0.005 0.006 0.005 
122  BAFF137    (0)   12 :  0.009 0.009 0.114 0.016 0.011 0.812 0.018 0.010 
123  BAFF404    (0)   12 :  0.009 0.911 0.008 0.011 0.026 0.009 0.012 0.014 
124  BAFF515    (0)    6 :  0.063 0.035 0.369 0.216 0.035 0.119 0.143 0.020 
125  BAFF144    (0)   12 :  0.020 0.068 0.150 0.047 0.328 0.081 0.293 0.013 
126  BAFF405    (7)   12 :  0.012 0.023 0.046 0.045 0.129 0.640 0.069 0.036 
127  BAFF518    (0)    6 :  0.039 0.432 0.013 0.055 0.023 0.293 0.134 0.011 
128  BAFF467    (0)    7 :  0.076 0.036 0.073 0.262 0.018 0.027 0.491 0.017 
129  BAFF145    (0)   12 :  0.031 0.012 0.027 0.054 0.490 0.250 0.076 0.060 
130  BAFF406    (0)   12 :  0.027 0.313 0.049 0.034 0.469 0.067 0.033 0.008 
131  BAFF519    (0)    6 :  0.664 0.011 0.049 0.089 0.015 0.057 0.103 0.012 
132  BAFF471    (0)    7 :  0.044 0.024 0.136 0.184 0.032 0.345 0.159 0.076 
133  BAFF136    (0)   12 :  0.056 0.705 0.038 0.013 0.009 0.164 0.009 0.005 
134  BAFF520    (7)    6 :  0.065 0.046 0.047 0.178 0.017 0.027 0.596 0.024 
135  BAFF472    (0)    7 :  0.084 0.027 0.248 0.117 0.143 0.040 0.309 0.033 
136  BAFF165    (0)   12 :  0.025 0.045 0.021 0.191 0.010 0.618 0.032 0.059 
137  BAFF408    (0)   12 :  0.021 0.077 0.017 0.029 0.102 0.663 0.062 0.029 
138  BAFF522    (0)    6 :  0.027 0.051 0.722 0.036 0.029 0.060 0.042 0.033 
139  BAFF475    (0)    7 :  0.169 0.039 0.036 0.467 0.019 0.050 0.212 0.008 
140  BAFF140    (0)   12 :  0.054 0.032 0.223 0.061 0.052 0.528 0.033 0.018 
141  BAFF409    (0)   12 :  0.017 0.769 0.057 0.013 0.013 0.016 0.013 0.102 
142  BAFF523    (0)    6 :  0.027 0.009 0.511 0.073 0.129 0.013 0.222 0.016 
143  BAFF476    (0)    7 :  0.102 0.032 0.012 0.460 0.177 0.045 0.164 0.008 
144  BAFF147    (0)   12 :  0.020 0.157 0.045 0.024 0.018 0.698 0.022 0.015 
145  BAFF410    (0)   12 :  0.031 0.538 0.009 0.104 0.012 0.255 0.035 0.016 
146  BAFF477    (0)    7 :  0.030 0.007 0.016 0.405 0.017 0.147 0.297 0.081 
147  BAFF411    (0)   12 :  0.152 0.082 0.013 0.021 0.076 0.064 0.081 0.510 
148  BAFF486    (7)    7 :  0.014 0.006 0.005 0.135 0.008 0.008 0.817 0.007 
149  BAFF412    (7)   12 :  0.026 0.729 0.092 0.042 0.018 0.022 0.019 0.052 
150  BAFF258    (0)    1 :  0.015 0.032 0.365 0.077 0.063 0.020 0.179 0.251 
151  BAFF392    (0)    2 :  0.026 0.006 0.851 0.006 0.088 0.008 0.010 0.005 
152  BAFF217    (0)    3 :  0.694 0.018 0.010 0.107 0.031 0.047 0.082 0.010 
153  BAFF016    (0)    4 :  0.241 0.038 0.010 0.502 0.090 0.039 0.075 0.005 
154  BAFF246    (0)    4 :  0.642 0.022 0.057 0.147 0.030 0.021 0.071 0.010 
155  BAFF381    (0)   13 :  0.038 0.038 0.026 0.213 0.013 0.292 0.369 0.012 
156  BAFF078    (0)    6 :  0.015 0.065 0.023 0.015 0.514 0.296 0.066 0.007 
157  BAFF481    (0)    6 :  0.090 0.034 0.035 0.115 0.014 0.143 0.544 0.025 
158  BAFF436    (0)    7 :  0.097 0.054 0.423 0.140 0.055 0.059 0.084 0.089 
159  BAFF191    (0)    8 :  0.685 0.021 0.111 0.103 0.012 0.030 0.029 0.010 
160  BAFF382    (0)    9 :  0.036 0.085 0.097 0.111 0.048 0.044 0.572 0.007 
161  BAFF178    (0)   10 :  0.211 0.056 0.640 0.032 0.009 0.022 0.021 0.010 
162  BAFF159    (7)   11 :  0.009 0.011 0.009 0.824 0.007 0.011 0.121 0.008 
163  BAFF365    (7)   11 :  0.054 0.019 0.015 0.184 0.047 0.359 0.098 0.224 
164  BAFF007    (0)   12 :  0.047 0.026 0.040 0.268 0.106 0.169 0.279 0.066 
165  BAFF304    (7)   12 :  0.014 0.080 0.013 0.050 0.114 0.597 0.121 0.012 
166  BAFF487    (0)    7 :  0.056 0.035 0.074 0.123 0.112 0.012 0.570 0.018 
167  BAFF415    (0)   12 :  0.013 0.534 0.035 0.098 0.020 0.208 0.030 0.062 
168  BAFF488    (0)    7 :  0.057 0.015 0.012 0.195 0.018 0.061 0.054 0.588 
169  BAFF417    (0)   12 :  0.022 0.346 0.033 0.039 0.018 0.436 0.091 0.015 
170  BAFF489    (0)    7 :  0.021 0.031 0.050 0.203 0.074 0.255 0.357 0.008 
171  BAFF426    (0)   12 :  0.014 0.891 0.020 0.015 0.008 0.016 0.018 0.017 
172  BAFF490    (7)    7 :  0.027 0.011 0.051 0.450 0.099 0.015 0.327 0.020 
173  BAFF491    (0)    7 :  0.042 0.009 0.132 0.077 0.058 0.026 0.620 0.036 
174  BAFF492    (0)    7 :  0.023 0.013 0.014 0.116 0.012 0.013 0.801 0.007 
175  BAFF493    (0)    7 :  0.028 0.034 0.097 0.064 0.017 0.023 0.286 0.452 
176  BAFF506    (0)    7 :  0.046 0.014 0.047 0.116 0.041 0.012 0.638 0.085 
177  BAFF393    (0)    2 :  0.032 0.011 0.013 0.125 0.300 0.085 0.404 0.030 
178  BAFF218    (0)    3 :  0.313 0.026 0.087 0.243 0.021 0.081 0.160 0.069 
179  BAFF254    (0)    4 :  0.011 0.011 0.017 0.045 0.450 0.104 0.324 0.037 
180  BAFF385    (0)   13 :  0.033 0.045 0.175 0.091 0.064 0.038 0.534 0.021 
181  BAFF076    (0)    6 :  0.010 0.012 0.926 0.008 0.014 0.009 0.012 0.010 
182  BAFF482    (0)    6 :  0.015 0.064 0.095 0.228 0.017 0.078 0.495 0.009 
183  BAFF437    (0)    7 :  0.012 0.010 0.022 0.357 0.006 0.526 0.044 0.022 
184  BAFF192    (0)    8 :  0.123 0.013 0.482 0.039 0.179 0.067 0.077 0.020 
185  BAFF383    (0)    9 :  0.010 0.011 0.027 0.021 0.007 0.098 0.020 0.806 
186  BAFF180    (0)   10 :  0.550 0.099 0.208 0.065 0.011 0.011 0.046 0.008 
187  BAFF048    (7)   12 :  0.009 0.011 0.051 0.086 0.703 0.040 0.048 0.051 
188  BAFF306    (0)   12 :  0.063 0.031 0.045 0.045 0.017 0.650 0.137 0.011 
189  BAFF394    (0)    2 :  0.353 0.023 0.064 0.149 0.112 0.160 0.084 0.055 
190  BAFF219    (0)    3 :  0.062 0.014 0.034 0.600 0.015 0.120 0.147 0.009 
191  BAFF388    (0)    4 :  0.022 0.420 0.222 0.039 0.016 0.012 0.066 0.203 
192  BAFF386    (7)   13 :  0.026 0.020 0.628 0.048 0.069 0.071 0.118 0.021 
193  BAFF084    (0)    6 :  0.019 0.009 0.011 0.062 0.695 0.017 0.175 0.012 
194  BAFF483    (0)    6 :  0.107 0.120 0.328 0.087 0.011 0.182 0.128 0.036 
195  BAFF438   (15)    7 :  0.033 0.043 0.073 0.044 0.175 0.328 0.285 0.019 
196  BAFF193    (0)    8 :  0.039 0.021 0.064 0.061 0.021 0.020 0.402 0.372 
197  BAFF183    (0)   10 :  0.055 0.064 0.016 0.326 0.123 0.033 0.290 0.092 
198  BAFF153    (0)   12 :  0.007 0.013 0.010 0.014 0.013 0.926 0.009 0.007 
199  BAFF307    (0)   12 :  0.024 0.020 0.020 0.044 0.125 0.549 0.205 0.012 
200  BAFF397    (0)    2 :  0.024 0.010 0.005 0.613 0.012 0.111 0.218 0.009 
201  BAFF220    (0)    3 :  0.005 0.010 0.865 0.020 0.069 0.006 0.015 0.010 
202  BAFF095    (0)    6 :  0.022 0.014 0.859 0.014 0.009 0.017 0.020 0.045 
203  BAFF494    (0)    6 :  0.031 0.029 0.594 0.078 0.033 0.014 0.215 0.006 
204  BAFF439    (0)    7 :  0.244 0.272 0.012 0.053 0.016 0.179 0.215 0.009 
205  BAFF182    (0)   10 :  0.036 0.130 0.581 0.035 0.103 0.065 0.023 0.028 
206  BAFF054    (0)   12 :  0.006 0.936 0.008 0.008 0.009 0.019 0.008 0.007 
207  BAFF308    (0)   12 :  0.010 0.015 0.018 0.049 0.020 0.794 0.077 0.017 
208  BAFF266    (0)    1 :  0.016 0.040 0.020 0.287 0.103 0.031 0.358 0.145 
209  BAFF398    (7)    2 :  0.005 0.005 0.935 0.009 0.006 0.006 0.020 0.013 
210  BAFF221    (0)    3 :  0.009 0.069 0.075 0.014 0.370 0.052 0.017 0.394 
211  BAFF090    (0)    6 :  0.026 0.181 0.064 0.098 0.252 0.068 0.290 0.021 
212  BAFF495    (0)    6 :  0.864 0.010 0.010 0.050 0.009 0.012 0.037 0.008 
213  BAFF459    (0)    7 :  0.095 0.010 0.011 0.712 0.042 0.024 0.099 0.006 
214  BAFF197    (0)    8 :  0.149 0.066 0.020 0.301 0.013 0.347 0.088 0.016 
215  BAFF188    (0)   10 :  0.028 0.051 0.018 0.051 0.104 0.674 0.057 0.017 
216  BAFF051    (0)   12 :  0.041 0.369 0.048 0.169 0.015 0.034 0.298 0.026 
217  BAFF309    (0)   12 :  0.025 0.015 0.057 0.128 0.023 0.041 0.700 0.011 
218  BAFF269    (0)    1 :  0.088 0.011 0.028 0.436 0.012 0.288 0.067 0.069 
219  BAFF077    (0)    6 :  0.065 0.009 0.005 0.779 0.016 0.007 0.110 0.009 
220  BAFF496    (0)    6 :  0.929 0.008 0.007 0.015 0.006 0.007 0.018 0.010 
221  BAFF443    (0)    7 :  0.026 0.093 0.039 0.212 0.023 0.115 0.425 0.068 
222  BAFF198    (0)    8 :  0.320 0.047 0.241 0.111 0.038 0.023 0.210 0.010 
223  BAFF053    (0)   12 :  0.049 0.038 0.010 0.019 0.020 0.817 0.027 0.020 
224  BAFF310    (0)   12 :  0.011 0.742 0.009 0.074 0.020 0.092 0.045 0.007 
225  BAFF282    (0)    1 :  0.021 0.014 0.046 0.056 0.019 0.024 0.019 0.800 
226  BAFF497    (0)    6 :  0.094 0.014 0.013 0.710 0.011 0.014 0.135 0.011 
227  BAFF466    (0)    7 :  0.026 0.032 0.031 0.151 0.171 0.054 0.523 0.013 
228  BAFF200    (7)    8 :  0.056 0.043 0.408 0.046 0.043 0.042 0.349 0.012 
229  BAFF240    (0)   10 :  0.016 0.011 0.043 0.031 0.709 0.034 0.142 0.014 
230  BAFF055    (0)   12 :  0.009 0.727 0.030 0.020 0.011 0.168 0.016 0.019 
231  BAFF311    (7)   12 :  0.011 0.007 0.879 0.026 0.017 0.024 0.010 0.025 


Estimated Allele Frequencies in each cluster
First column gives estimated ancestral frequencies


Locus 1 : btern01 
9 alleles
0.0% missing data
   1   (0.142) 0.192 0.033 0.142 0.174 0.128 0.173 0.121 0.117 
   2   (0.017) 0.003 0.003 0.004 0.009 0.004 0.004 0.012 0.026 
   3   (0.170) 0.190 0.093 0.136 0.255 0.138 0.199 0.182 0.070 
   4   (0.210) 0.316 0.169 0.180 0.134 0.259 0.188 0.237 0.202 
   5   (0.281) 0.103 0.339 0.142 0.317 0.363 0.343 0.357 0.431 
   6   (0.075) 0.086 0.333 0.045 0.054 0.034 0.059 0.037 0.035 
   7   (0.050) 0.015 0.020 0.290 0.015 0.057 0.017 0.019 0.085 
   8   (0.017) 0.012 0.003 0.003 0.009 0.003 0.006 0.004 0.028 
   9   (0.040) 0.082 0.007 0.058 0.033 0.016 0.010 0.032 0.007 

Locus 2 : bt28 
5 alleles
0.0% missing data
   1   (0.668) 0.728 0.717 0.579 0.674 0.653 0.745 0.648 0.776 
   2   (0.152) 0.175 0.102 0.171 0.111 0.062 0.146 0.140 0.164 
   3   (0.145) 0.087 0.175 0.243 0.107 0.277 0.099 0.186 0.041 
   4   (0.022) 0.008 0.004 0.004 0.106 0.006 0.008 0.023 0.005 
   5   (0.012) 0.002 0.002 0.003 0.003 0.002 0.003 0.003 0.014 

Locus 3 : b96 
8 alleles
0.9% missing data
   1   (0.330) 0.269 0.314 0.355 0.358 0.203 0.463 0.295 0.353 
   2   (0.482) 0.672 0.522 0.517 0.524 0.602 0.323 0.619 0.450 
   3   (0.047) 0.014 0.043 0.030 0.026 0.072 0.066 0.037 0.012 
   4   (0.016) 0.003 0.003 0.003 0.006 0.086 0.003 0.006 0.004 
   5   (0.049) 0.014 0.031 0.045 0.048 0.010 0.057 0.023 0.026 
   6   (0.026) 0.005 0.005 0.039 0.007 0.006 0.013 0.006 0.088 
   7   (0.038) 0.022 0.007 0.008 0.028 0.020 0.071 0.012 0.065 
   8   (0.013) 0.002 0.075 0.003 0.003 0.002 0.003 0.003 0.003 

Locus 4 : bt30 
12 alleles
0.9% missing data
   1   (0.110) 0.029 0.114 0.181 0.084 0.041 0.064 0.139 0.265 
   2   (0.282) 0.353 0.291 0.263 0.284 0.215 0.289 0.363 0.283 
   3   (0.071) 0.124 0.023 0.024 0.146 0.064 0.031 0.178 0.017 
   4   (0.189) 0.144 0.240 0.218 0.216 0.224 0.222 0.162 0.114 
   5   (0.014) 0.004 0.003 0.016 0.005 0.002 0.004 0.007 0.003 
   6   (0.098) 0.135 0.053 0.218 0.128 0.031 0.069 0.050 0.102 
   7   (0.035) 0.019 0.023 0.011 0.020 0.022 0.037 0.020 0.023 
   8   (0.052) 0.011 0.060 0.010 0.035 0.062 0.079 0.022 0.044 
   9   (0.109) 0.160 0.186 0.041 0.072 0.333 0.165 0.048 0.079 
  10   (0.013) 0.002 0.002 0.002 0.003 0.002 0.003 0.003 0.065 
  11   (0.017) 0.005 0.004 0.014 0.005 0.003 0.035 0.005 0.003 
  12   (0.011) 0.013 0.002 0.002 0.004 0.002 0.003 0.003 0.002 

Locus 5 : btms0081 
3 alleles
0.9% missing data
   1   (0.498) 0.328 0.308 0.648 0.562 0.617 0.402 0.593 0.585 
   2   (0.352) 0.447 0.473 0.257 0.350 0.307 0.433 0.314 0.221 
   3   (0.150) 0.225 0.219 0.096 0.088 0.077 0.165 0.094 0.194 

Locus 6 : btms0066 
24 alleles
0.0% missing data
   1   (0.266) 0.203 0.380 0.347 0.224 0.149 0.313 0.328 0.387 
   2   (0.017) 0.015 0.003 0.003 0.004 0.004 0.004 0.005 0.062 
   3   (0.035) 0.010 0.009 0.018 0.018 0.012 0.119 0.041 0.006 
   4   (0.153) 0.400 0.122 0.173 0.242 0.052 0.108 0.253 0.057 
   5   (0.094) 0.100 0.101 0.040 0.134 0.029 0.198 0.140 0.026 
   6   (0.048) 0.057 0.017 0.199 0.021 0.127 0.045 0.019 0.011 
   7   (0.021) 0.004 0.003 0.049 0.005 0.003 0.004 0.010 0.017 
   8   (0.054) 0.046 0.033 0.015 0.092 0.031 0.028 0.038 0.078 
   9   (0.018) 0.004 0.004 0.007 0.005 0.301 0.015 0.009 0.003 
  10   (0.029) 0.006 0.005 0.006 0.024 0.038 0.007 0.024 0.141 
  11   (0.021) 0.009 0.012 0.008 0.006 0.004 0.005 0.006 0.145 
  12   (0.037) 0.083 0.016 0.007 0.117 0.008 0.021 0.028 0.008 
  13   (0.027) 0.006 0.017 0.024 0.009 0.028 0.018 0.017 0.006 
  14   (0.021) 0.004 0.043 0.005 0.005 0.068 0.005 0.007 0.004 
  15   (0.017) 0.006 0.003 0.003 0.046 0.003 0.018 0.015 0.004 
  16   (0.026) 0.008 0.097 0.023 0.009 0.070 0.014 0.008 0.006 
  17   (0.021) 0.004 0.047 0.006 0.008 0.045 0.018 0.015 0.013 
  18   (0.010) 0.002 0.032 0.002 0.002 0.002 0.002 0.002 0.002 
  19   (0.012) 0.002 0.002 0.003 0.003 0.002 0.037 0.003 0.002 
  20   (0.024) 0.023 0.015 0.024 0.010 0.007 0.007 0.011 0.007 
  21   (0.015) 0.003 0.003 0.025 0.004 0.009 0.004 0.008 0.006 
  22   (0.009) 0.002 0.001 0.008 0.003 0.004 0.002 0.004 0.002 
  23   (0.013) 0.002 0.030 0.002 0.003 0.002 0.004 0.003 0.002 
  24   (0.010) 0.002 0.002 0.002 0.006 0.003 0.002 0.006 0.004 

Locus 7 : btms0083 
31 alleles
3.0% missing data
   1   (0.014) 0.002 0.002 0.003 0.003 0.008 0.004 0.003 0.218 
   2   (0.026) 0.005 0.005 0.005 0.008 0.013 0.033 0.015 0.100 
   3   (0.032) 0.006 0.009 0.073 0.020 0.109 0.011 0.019 0.006 
   4   (0.043) 0.015 0.012 0.032 0.025 0.031 0.020 0.066 0.055 
   5   (0.181) 0.161 0.261 0.352 0.176 0.138 0.231 0.239 0.216 
   6   (0.021) 0.006 0.005 0.018 0.015 0.018 0.006 0.026 0.006 
   7   (0.062) 0.028 0.162 0.022 0.050 0.086 0.090 0.105 0.021 
   8   (0.031) 0.010 0.011 0.007 0.057 0.010 0.139 0.025 0.014 
   9   (0.035) 0.037 0.006 0.046 0.032 0.007 0.036 0.037 0.008 
  10   (0.029) 0.015 0.023 0.116 0.010 0.007 0.017 0.011 0.009 
  11   (0.051) 0.110 0.009 0.015 0.121 0.361 0.031 0.051 0.014 
  12   (0.021) 0.014 0.005 0.006 0.008 0.004 0.005 0.011 0.036 
  13   (0.057) 0.091 0.071 0.023 0.078 0.025 0.083 0.030 0.012 
  14   (0.026) 0.012 0.005 0.006 0.134 0.007 0.012 0.099 0.005 
  15   (0.030) 0.045 0.006 0.024 0.044 0.008 0.012 0.014 0.020 
  16   (0.028) 0.009 0.005 0.074 0.018 0.017 0.007 0.028 0.037 
  17   (0.035) 0.284 0.006 0.011 0.013 0.010 0.017 0.010 0.066 
  18   (0.053) 0.033 0.112 0.038 0.028 0.019 0.040 0.065 0.036 
  19   (0.024) 0.006 0.111 0.005 0.009 0.005 0.007 0.013 0.011 
  20   (0.026) 0.006 0.053 0.007 0.010 0.005 0.100 0.011 0.005 
  21   (0.010) 0.002 0.001 0.002 0.002 0.001 0.002 0.002 0.032 
  22   (0.009) 0.008 0.002 0.002 0.002 0.002 0.002 0.002 0.024 
  23   (0.016) 0.006 0.003 0.003 0.018 0.003 0.008 0.007 0.017 
  24   (0.009) 0.002 0.013 0.002 0.003 0.002 0.002 0.002 0.003 
  25   (0.031) 0.007 0.006 0.084 0.015 0.006 0.032 0.045 0.006 
  26   (0.015) 0.012 0.002 0.004 0.066 0.003 0.004 0.013 0.003 
  27   (0.029) 0.052 0.048 0.007 0.010 0.012 0.026 0.015 0.005 
  28   (0.014) 0.009 0.003 0.006 0.005 0.075 0.004 0.012 0.004 
  29   (0.014) 0.003 0.002 0.003 0.007 0.004 0.003 0.017 0.004 
  30   (0.015) 0.003 0.035 0.003 0.004 0.002 0.012 0.003 0.003 
  31   (0.012) 0.003 0.002 0.002 0.008 0.002 0.006 0.003 0.003 

Locus 8 : b126 
16 alleles
0.0% missing data
   1   (0.041) 0.012 0.012 0.065 0.044 0.007 0.034 0.017 0.041 
   2   (0.048) 0.076 0.008 0.012 0.052 0.009 0.055 0.030 0.126 
   3   (0.317) 0.447 0.398 0.263 0.312 0.569 0.340 0.383 0.207 
   4   (0.032) 0.049 0.007 0.014 0.052 0.006 0.010 0.037 0.008 
   5   (0.072) 0.087 0.047 0.121 0.056 0.032 0.034 0.153 0.022 
   6   (0.062) 0.015 0.150 0.014 0.112 0.014 0.147 0.082 0.015 
   7   (0.109) 0.076 0.141 0.183 0.084 0.210 0.149 0.082 0.022 
   8   (0.030) 0.020 0.074 0.007 0.042 0.005 0.014 0.016 0.007 
   9   (0.011) 0.002 0.002 0.042 0.002 0.001 0.002 0.002 0.002 
  10   (0.041) 0.027 0.055 0.105 0.021 0.018 0.015 0.016 0.026 
  11   (0.087) 0.031 0.022 0.032 0.105 0.102 0.091 0.105 0.388 
  12   (0.030) 0.006 0.029 0.006 0.017 0.005 0.033 0.026 0.027 
  13   (0.067) 0.117 0.046 0.090 0.044 0.011 0.034 0.032 0.100 
  14   (0.023) 0.031 0.005 0.009 0.042 0.004 0.008 0.012 0.005 
  15   (0.013) 0.003 0.002 0.008 0.003 0.002 0.031 0.003 0.002 
  16   (0.016) 0.003 0.003 0.029 0.012 0.005 0.004 0.005 0.003 

Locus 9 : btms0062 
34 alleles
0.0% missing data
   1   (0.035) 0.009 0.011 0.030 0.021 0.063 0.009 0.042 0.078 
   2   (0.049) 0.245 0.013 0.037 0.033 0.018 0.020 0.038 0.101 
   3   (0.081) 0.058 0.055 0.030 0.065 0.059 0.242 0.110 0.100 
   4   (0.108) 0.036 0.212 0.225 0.155 0.179 0.048 0.110 0.058 
   5   (0.047) 0.013 0.011 0.036 0.042 0.085 0.075 0.177 0.018 
   6   (0.029) 0.027 0.006 0.013 0.023 0.013 0.035 0.023 0.008 
   7   (0.012) 0.003 0.002 0.003 0.007 0.002 0.007 0.015 0.002 
   8   (0.024) 0.010 0.004 0.005 0.065 0.004 0.044 0.020 0.007 
   9   (0.037) 0.044 0.017 0.025 0.112 0.057 0.012 0.043 0.019 
  10   (0.055) 0.036 0.060 0.067 0.072 0.011 0.024 0.074 0.041 
  11   (0.067) 0.039 0.041 0.157 0.062 0.253 0.050 0.059 0.020 
  12   (0.043) 0.286 0.029 0.073 0.021 0.013 0.037 0.015 0.009 
  13   (0.041) 0.012 0.016 0.131 0.044 0.015 0.062 0.017 0.024 
  14   (0.042) 0.016 0.271 0.011 0.054 0.010 0.041 0.042 0.011 
  15   (0.014) 0.006 0.003 0.004 0.005 0.003 0.113 0.004 0.003 
  16   (0.018) 0.004 0.011 0.003 0.005 0.067 0.015 0.007 0.004 
  17   (0.017) 0.006 0.003 0.012 0.006 0.003 0.004 0.005 0.156 
  18   (0.011) 0.005 0.002 0.034 0.004 0.003 0.003 0.003 0.002 
  19   (0.047) 0.063 0.089 0.016 0.037 0.008 0.016 0.034 0.081 
  20   (0.009) 0.001 0.001 0.001 0.002 0.001 0.002 0.002 0.033 
  21   (0.032) 0.024 0.006 0.019 0.044 0.007 0.012 0.030 0.055 
  22   (0.018) 0.003 0.004 0.003 0.006 0.003 0.018 0.006 0.101 
  23   (0.013) 0.002 0.002 0.003 0.003 0.002 0.003 0.006 0.026 
  24   (0.022) 0.011 0.009 0.005 0.047 0.004 0.005 0.022 0.005 
  25   (0.010) 0.003 0.002 0.003 0.007 0.002 0.002 0.013 0.007 
  26   (0.028) 0.012 0.047 0.023 0.025 0.046 0.010 0.050 0.012 
  27   (0.016) 0.003 0.007 0.012 0.004 0.037 0.036 0.007 0.003 
  28   (0.008) 0.001 0.001 0.001 0.002 0.001 0.025 0.002 0.001 
  29   (0.013) 0.008 0.002 0.003 0.004 0.022 0.003 0.006 0.005 
  30   (0.009) 0.002 0.031 0.002 0.002 0.001 0.002 0.002 0.002 
  31   (0.014) 0.003 0.002 0.002 0.007 0.002 0.014 0.009 0.003 
  32   (0.012) 0.004 0.002 0.008 0.003 0.005 0.003 0.003 0.002 
  33   (0.009) 0.003 0.002 0.002 0.008 0.001 0.005 0.003 0.003 
  34   (0.009) 0.002 0.025 0.002 0.004 0.002 0.004 0.003 0.002 

Locus 10 : btern02 
25 alleles
4.8% missing data
   1   (0.101) 0.129 0.050 0.077 0.147 0.220 0.153 0.072 0.132 
   2   (0.009) 0.002 0.001 0.002 0.002 0.002 0.002 0.002 0.016 
   3   (0.077) 0.114 0.023 0.138 0.106 0.042 0.087 0.135 0.026 
   4   (0.051) 0.077 0.098 0.160 0.041 0.010 0.025 0.031 0.015 
   5   (0.026) 0.010 0.006 0.024 0.022 0.034 0.011 0.032 0.014 
   6   (0.041) 0.020 0.018 0.020 0.043 0.112 0.022 0.131 0.014 
   7   (0.030) 0.016 0.139 0.030 0.015 0.005 0.025 0.014 0.006 
   8   (0.035) 0.018 0.006 0.010 0.021 0.017 0.036 0.044 0.100 
   9   (0.074) 0.024 0.046 0.108 0.043 0.055 0.202 0.054 0.079 
  10   (0.033) 0.098 0.006 0.011 0.047 0.007 0.009 0.091 0.007 
  11   (0.062) 0.103 0.062 0.021 0.084 0.018 0.121 0.048 0.017 
  12   (0.035) 0.079 0.006 0.011 0.018 0.015 0.019 0.020 0.134 
  13   (0.051) 0.027 0.057 0.071 0.064 0.012 0.020 0.027 0.054 
  14   (0.052) 0.045 0.129 0.036 0.046 0.023 0.026 0.021 0.162 
  15   (0.012) 0.002 0.002 0.002 0.003 0.154 0.003 0.002 0.002 
  16   (0.045) 0.015 0.048 0.012 0.082 0.010 0.024 0.057 0.049 
  17   (0.027) 0.009 0.058 0.015 0.024 0.023 0.009 0.040 0.006 
  18   (0.048) 0.114 0.161 0.021 0.047 0.013 0.025 0.044 0.011 
  19   (0.043) 0.024 0.011 0.078 0.019 0.075 0.076 0.037 0.008 
  20   (0.038) 0.017 0.008 0.084 0.050 0.007 0.030 0.029 0.053 
  21   (0.024) 0.013 0.008 0.005 0.024 0.005 0.011 0.019 0.050 
  22   (0.014) 0.006 0.006 0.003 0.005 0.002 0.004 0.005 0.018 
  23   (0.029) 0.025 0.006 0.034 0.035 0.013 0.041 0.011 0.017 
  24   (0.028) 0.006 0.040 0.013 0.009 0.123 0.016 0.026 0.006 
  25   (0.013) 0.007 0.004 0.015 0.005 0.003 0.003 0.006 0.003 

Locus 11 : btms0086 
3 alleles
0.0% missing data
   1   (0.845) 0.813 0.928 0.755 0.886 0.969 0.910 0.813 0.787 
   2   (0.134) 0.183 0.065 0.241 0.109 0.028 0.048 0.177 0.196 
   3   (0.021) 0.004 0.007 0.004 0.006 0.004 0.042 0.010 0.018 

Locus 12 : bl13 
3 alleles
0.0% missing data
   1   (0.070) 0.035 0.331 0.034 0.033 0.022 0.026 0.033 0.218 
   2   (0.827) 0.914 0.610 0.847 0.857 0.742 0.853 0.886 0.762 
   3   (0.103) 0.051 0.059 0.119 0.109 0.236 0.121 0.081 0.020 

Locus 13 : btms0059 
9 alleles
0.0% missing data
   1   (0.342) 0.197 0.293 0.329 0.334 0.479 0.543 0.340 0.358 
   2   (0.108) 0.241 0.019 0.032 0.251 0.193 0.058 0.117 0.116 
   3   (0.064) 0.034 0.115 0.030 0.033 0.030 0.058 0.029 0.122 
   4   (0.056) 0.029 0.021 0.099 0.036 0.013 0.040 0.033 0.047 
   5   (0.082) 0.065 0.040 0.032 0.097 0.042 0.076 0.135 0.035 
   6   (0.296) 0.395 0.505 0.463 0.203 0.227 0.202 0.305 0.309 
   7   (0.017) 0.032 0.003 0.003 0.024 0.005 0.004 0.008 0.003 
   8   (0.024) 0.005 0.004 0.011 0.015 0.007 0.017 0.028 0.006 
   9   (0.011) 0.003 0.002 0.002 0.007 0.004 0.003 0.005 0.003 

Values of parameters used in structure:
DATAFILE=/Users/johnmola/Desktop/rpbbfeb27/rpbbstructure/project_data,	OUTFILE=/Users/johnmola/Desktop/rpbbfeb27/rpbbstructure/rpbb20k100k/Results/rpbb20k100k_run_72,	NUMINDS=231,	NUMLOCI=13,	MISSING=-9,	LABEL=1,	POPDATA=1,	POPFLAG=0,	PHENOTYPE=0,	EXTRACOLS=0,	MAXPOPS=8,	BURNIN=20000,	NUMREPS=100000,	USEPOPINFO=0,	INFERALPHA=1,	INFERLAMBDA=0,	POPSPECIFICLAMBDA=0,	POPALPHAS=0,	COMPUTEPROB=1,	NOADMIX=0,	ADMBURNIN=2500,	UPDATEFREQ=1,	PRINTLIKES=0,	INTERMEDSAVE=0,	PRINTKLD=0,	PRINTNET=0,	PRINTLAMBDA=0,	ANCESTDIST=0,	NUMBOXES=1000,	ANCESTPINT=0.90000,	GENSBACK=2,	MIGRPRIOR=0.05000,	PRINTQHAT=0,	PRINTQSUM=0,	ALPHA=1.0000,	FREQSCORR=1,	FPRIORMEAN=0.0100,	FPRIORSD=0.0500,	ONEFST=0,	LAMBDA=1.0000,	UNIFPRIORALPHA=1,	ALPHAMAX=10.0000,	ALPHAPRIORA=1.0000,	ALPHAPRIORB=2.0000,	ALPHAPROPSD=0.0250,	STARTATPOPINFO=0,	RANDOMIZE=1,	LINKAGE=0,	METROFREQ=10,	REPORTHITRATE=0,	MARKOVPHASE=-1,	PHASED=0,	PLOIDY=2,	PHASEINFO=0	LOCPRIOR=0, 	LOCPRIORINIT=1.000000, 	LOCDATA=0, 	LOCISPOP=0, 	LOCPRIORSTEP=0.100000, 	MAXLOCPRIOR=20.000000, 	SEED=1677521750,	
[STRAT parameters]:    NUMSIMSTATS=1000,	PHENOTYPECOL=-9,	POOLFREQ=10,	LOCUSxONLY=0,	EMERROR=0.00100,	MISSINGPHENO=-9,	