

----------------------------------------------------
STRUCTURE by Pritchard, Stephens and Donnelly (2000)
     and Falush, Stephens and Pritchard (2003)
       Code by Pritchard, Falush and Hubisz
             Version 2.3.4 (Jul 2012)
----------------------------------------------------



Command line arguments:   bin/structure -m "/Users/johnmola/Desktop/rpbbfeb27/rpbbstructure/rpbb20k100k/mainparams" -e "/Users/johnmola/Desktop/rpbbfeb27/rpbbstructure/rpbb20k100k/extraparams" 
Input File:    /Users/johnmola/Desktop/rpbbfeb27/rpbbstructure/project_data

Run parameters:
   231 individuals
   13 loci
   7 populations assumed
   20000 Burn-in period
   100000 Reps


--------------------------------------------
Proportion of membership of each pre-defined
 population in each of the 7 clusters

Given    Inferred Clusters                                   Number of
 Pop       1      2      3      4      5      6      7      Individuals

  1:     0.052  0.054  0.037  0.014  0.791  0.034  0.019       21
  2:     0.109  0.224  0.301  0.016  0.020  0.115  0.216        7
  3:     0.095  0.228  0.218  0.034  0.091  0.272  0.061        7
  4:     0.155  0.170  0.070  0.068  0.054  0.337  0.145        8
  5:     0.347  0.244  0.079  0.025  0.073  0.212  0.021        4
  6:     0.078  0.196  0.249  0.106  0.038  0.228  0.106       35
  7:     0.128  0.346  0.183  0.041  0.076  0.160  0.066       40
  8:     0.122  0.161  0.196  0.105  0.056  0.280  0.080       19
  9:     0.084  0.247  0.041  0.034  0.250  0.311  0.033        4
 10:     0.164  0.052  0.236  0.243  0.038  0.126  0.141       11
 11:     0.076  0.103  0.018  0.014  0.138  0.061  0.589        8
 12:     0.311  0.093  0.090  0.317  0.043  0.041  0.105       60
 13:     0.090  0.238  0.157  0.025  0.046  0.401  0.043        7
--------------------------------------------

Allele-freq. divergence among pops (Net nucleotide distance),
computed using point estimates of P.

      1       2       3       4       5       6       7      
 1      -    0.0171  0.0299  0.0289  0.0282  0.0269  0.0263  
 2   0.0171     -    0.0210  0.0324  0.0267  0.0184  0.0259  
 3   0.0299  0.0210     -    0.0391  0.0337  0.0314  0.0370  
 4   0.0289  0.0324  0.0391     -    0.0405  0.0392  0.0430  
 5   0.0282  0.0267  0.0337  0.0405     -    0.0379  0.0434  
 6   0.0269  0.0184  0.0314  0.0392  0.0379     -    0.0336  
 7   0.0263  0.0259  0.0370  0.0430  0.0434  0.0336     -    

Average distances (expected heterozygosity) between individuals in same cluster:
cluster  1  : 0.6791 
cluster  2  : 0.6801 
cluster  3  : 0.6855 
cluster  4  : 0.6745 
cluster  5  : 0.6862 
cluster  6  : 0.6744 
cluster  7  : 0.6504 

--------------------------------------------
Estimated Ln Prob of Data   = -10278.8
Mean value of ln likelihood = -9410.0
Variance of ln likelihood   = 1737.6
Mean value of alpha         = 0.0538

Mean value of Fst_1         = 0.0489
Mean value of Fst_2         = 0.0517
Mean value of Fst_3         = 0.0749
Mean value of Fst_4         = 0.0940
Mean value of Fst_5         = 0.0798
Mean value of Fst_6         = 0.0773
Mean value of Fst_7         = 0.1237


Inferred ancestry of individuals:
        Label (%Miss) Pop:  Inferred clusters
  1  BAFF014    (0)    1 :  0.016 0.013 0.011 0.005 0.930 0.016 0.009 
  2  BAFF379    (0)    2 :  0.246 0.463 0.055 0.013 0.016 0.064 0.143 
  3  BAFF212    (0)    3 :  0.077 0.521 0.242 0.058 0.025 0.038 0.040 
  4  BAFF018    (0)    4 :  0.273 0.361 0.024 0.022 0.009 0.012 0.299 
  5  BAFF247    (0)    4 :  0.338 0.562 0.043 0.012 0.008 0.014 0.023 
  6  BAFF024    (0)    5 :  0.034 0.038 0.199 0.041 0.020 0.655 0.013 
  7  BAFF088    (0)    6 :  0.035 0.061 0.802 0.035 0.011 0.021 0.035 
  8  BAFF429    (0)    6 :  0.170 0.141 0.140 0.014 0.020 0.447 0.070 
  9  BAFF087    (7)    7 :  0.006 0.009 0.959 0.006 0.008 0.006 0.006 
 10  BAFF225    (0)    7 :  0.027 0.287 0.430 0.017 0.035 0.192 0.012 
 11  BAFF195    (0)    8 :  0.095 0.056 0.087 0.012 0.049 0.111 0.590 
 12  BAFF238    (0)    9 :  0.079 0.099 0.042 0.042 0.119 0.591 0.028 
 13  BAFF019    (0)   10 :  0.025 0.020 0.053 0.824 0.027 0.014 0.037 
 14  BAFF175    (0)   10 :  0.381 0.090 0.186 0.081 0.014 0.203 0.046 
 15  BAFF156    (0)   11 :  0.008 0.005 0.006 0.006 0.005 0.005 0.966 
 16  BAFF301    (0)   11 :  0.019 0.025 0.020 0.023 0.856 0.045 0.013 
 17  BAFF141    (0)   12 :  0.573 0.156 0.008 0.007 0.223 0.006 0.027 
 18  BAFF302    (0)   12 :  0.070 0.391 0.031 0.062 0.028 0.396 0.022 
 19  BAFF290    (0)    1 :  0.069 0.038 0.015 0.014 0.832 0.023 0.009 
 20  BAFF498    (0)    6 :  0.062 0.392 0.056 0.067 0.210 0.127 0.085 
 21  BAFF455    (0)    7 :  0.042 0.033 0.790 0.030 0.023 0.062 0.020 
 22  BAFF203    (7)    8 :  0.040 0.042 0.863 0.012 0.009 0.019 0.016 
 23  BAFF056    (0)   12 :  0.017 0.150 0.010 0.778 0.020 0.019 0.007 
 24  BAFF327    (0)   12 :  0.653 0.019 0.031 0.152 0.064 0.018 0.062 
 25  BAFF255    (0)    1 :  0.012 0.014 0.008 0.007 0.942 0.010 0.007 
 26  BAFF256    (0)    1 :  0.007 0.007 0.010 0.012 0.950 0.008 0.006 
 27  BAFF257    (0)    1 :  0.007 0.007 0.008 0.005 0.963 0.006 0.005 
 28  BAFF260    (0)    1 :  0.008 0.008 0.017 0.007 0.944 0.012 0.005 
 29  BAFF259    (0)    1 :  0.008 0.008 0.008 0.015 0.942 0.009 0.010 
 30  BAFF261    (0)    1 :  0.011 0.014 0.009 0.008 0.944 0.007 0.008 
 31  BAFF274    (0)    1 :  0.023 0.054 0.032 0.014 0.846 0.020 0.012 
 32  BAFF262    (0)    1 :  0.022 0.010 0.033 0.008 0.907 0.009 0.011 
 33  BAFF294    (0)    1 :  0.010 0.009 0.031 0.008 0.927 0.008 0.007 
 34  BAFF292    (0)    1 :  0.039 0.011 0.009 0.010 0.756 0.162 0.014 
 35  BAFF296    (0)    1 :  0.047 0.019 0.008 0.014 0.796 0.101 0.014 
 36  BAFF295    (0)    1 :  0.061 0.018 0.021 0.012 0.849 0.029 0.010 
 37  BAFF298    (0)    1 :  0.017 0.027 0.012 0.016 0.896 0.021 0.012 
 38  BAFF299    (0)    1 :  0.007 0.006 0.012 0.030 0.928 0.007 0.010 
 39  BAFF375    (0)   13 :  0.011 0.014 0.015 0.010 0.019 0.923 0.008 
 40  BAFF376    (0)   13 :  0.019 0.026 0.062 0.029 0.019 0.835 0.009 
 41  BAFF377    (0)   13 :  0.008 0.012 0.010 0.009 0.015 0.939 0.007 
 42  BAFF022    (0)    5 :  0.527 0.094 0.032 0.012 0.178 0.120 0.037 
 43  BAFF021    (0)    5 :  0.785 0.039 0.040 0.019 0.071 0.029 0.017 
 44  BAFF499    (0)    6 :  0.040 0.032 0.014 0.827 0.009 0.049 0.028 
 45  BAFF204    (0)    8 :  0.081 0.742 0.022 0.046 0.010 0.080 0.019 
 46  BAFF068    (0)   12 :  0.042 0.038 0.008 0.811 0.076 0.012 0.013 
 47  BAFF336    (0)   12 :  0.060 0.081 0.031 0.532 0.014 0.017 0.265 
 48  BAFF447    (0)    7 :  0.042 0.803 0.022 0.012 0.008 0.088 0.025 
 49  BAFF457    (0)    7 :  0.062 0.573 0.013 0.010 0.032 0.267 0.042 
 50  BAFF448    (0)    7 :  0.062 0.414 0.383 0.008 0.071 0.027 0.035 
 51  BAFF465    (0)    7 :  0.022 0.038 0.886 0.012 0.015 0.012 0.016 
 52  BAFF194    (0)    8 :  0.053 0.081 0.052 0.013 0.039 0.736 0.024 
 53  BAFF199    (0)    8 :  0.147 0.474 0.020 0.022 0.019 0.113 0.205 
 54  BAFF500    (0)    6 :  0.059 0.413 0.086 0.078 0.262 0.092 0.010 
 55  BAFF206    (0)    8 :  0.621 0.032 0.091 0.063 0.055 0.120 0.018 
 56  BAFF069    (0)   12 :  0.015 0.012 0.015 0.911 0.009 0.015 0.022 
 57  BAFF330    (0)   12 :  0.056 0.061 0.596 0.027 0.020 0.019 0.221 
 58  BAFF239    (0)   10 :  0.239 0.017 0.021 0.517 0.055 0.010 0.140 
 59  BAFF241    (0)   10 :  0.065 0.018 0.010 0.727 0.070 0.011 0.099 
 60  BAFF157    (0)   11 :  0.007 0.007 0.007 0.006 0.005 0.009 0.961 
 61  BAFF161    (0)   11 :  0.005 0.006 0.006 0.006 0.005 0.006 0.967 
 62  BAFF160    (0)   11 :  0.008 0.007 0.009 0.006 0.005 0.008 0.959 
 63  BAFF008    (0)   12 :  0.057 0.150 0.567 0.150 0.037 0.021 0.018 
 64  BAFF013    (0)   12 :  0.084 0.024 0.817 0.015 0.012 0.020 0.028 
 65  BAFF407    (0)   12 :  0.022 0.015 0.013 0.901 0.010 0.012 0.026 
 66  BAFF503    (0)    6 :  0.017 0.018 0.048 0.844 0.006 0.012 0.055 
 67  BAFF449    (0)    7 :  0.574 0.019 0.343 0.027 0.011 0.012 0.014 
 68  BAFF207    (0)    8 :  0.034 0.038 0.052 0.670 0.013 0.187 0.005 
 69  BAFF070    (0)   12 :  0.034 0.015 0.015 0.904 0.010 0.012 0.010 
 70  BAFF335    (0)   12 :  0.870 0.017 0.012 0.031 0.010 0.010 0.050 
 71  BAFF507    (0)    6 :  0.024 0.078 0.014 0.008 0.045 0.809 0.022 
 72  BAFF450    (0)    7 :  0.090 0.148 0.036 0.046 0.197 0.259 0.224 
 73  BAFF209    (7)    8 :  0.168 0.027 0.197 0.030 0.039 0.484 0.055 
 74  BAFF072    (0)   12 :  0.453 0.038 0.020 0.052 0.011 0.012 0.414 
 75  BAFF339    (0)   12 :  0.095 0.193 0.013 0.402 0.014 0.263 0.020 
 76  BAFF508    (0)    6 :  0.061 0.089 0.012 0.014 0.051 0.012 0.761 
 77  BAFF451    (0)    7 :  0.184 0.437 0.080 0.027 0.011 0.245 0.016 
 78  BAFF210    (0)    8 :  0.021 0.139 0.105 0.462 0.087 0.174 0.012 
 79  BAFF139    (0)   12 :  0.261 0.320 0.040 0.014 0.063 0.262 0.041 
 80  BAFF341    (0)   12 :  0.145 0.484 0.062 0.026 0.026 0.096 0.161 
 81  BAFF509    (0)    6 :  0.087 0.033 0.696 0.046 0.057 0.072 0.009 
 82  BAFF453    (0)    7 :  0.073 0.043 0.071 0.120 0.010 0.663 0.019 
 83  BAFF389    (0)    8 :  0.017 0.007 0.020 0.007 0.022 0.831 0.095 
 84  BAFF163    (0)   12 :  0.006 0.006 0.013 0.949 0.004 0.013 0.009 
 85  BAFF344    (7)   12 :  0.581 0.026 0.029 0.226 0.009 0.057 0.072 
 86  BAFF510    (0)    6 :  0.083 0.105 0.359 0.035 0.013 0.324 0.080 
 87  BAFF456    (0)    7 :  0.095 0.409 0.013 0.043 0.020 0.406 0.014 
 88  BAFF390    (0)    8 :  0.006 0.006 0.007 0.006 0.006 0.961 0.007 
 89  BAFF142    (0)   12 :  0.404 0.104 0.012 0.066 0.348 0.009 0.056 
 90  BAFF363    (7)   12 :  0.019 0.009 0.011 0.905 0.007 0.008 0.040 
 91  BAFF517    (0)    6 :  0.122 0.121 0.020 0.030 0.008 0.684 0.016 
 92  BAFF458    (0)    7 :  0.061 0.707 0.074 0.031 0.055 0.030 0.042 
 93  BAFF391    (0)    8 :  0.151 0.287 0.030 0.295 0.196 0.023 0.018 
 94  BAFF149    (0)   12 :  0.793 0.050 0.011 0.037 0.012 0.028 0.069 
 95  BAFF366    (7)   12 :  0.803 0.039 0.006 0.021 0.010 0.071 0.050 
 96  BAFF512    (0)    6 :  0.045 0.588 0.077 0.035 0.139 0.079 0.037 
 97  BAFF460    (0)    7 :  0.564 0.330 0.011 0.019 0.015 0.031 0.030 
 98  BAFF138    (0)   12 :  0.837 0.017 0.008 0.029 0.024 0.013 0.071 
 99  BAFF374    (0)   12 :  0.025 0.012 0.562 0.286 0.039 0.025 0.051 
100  BAFF015    (0)    1 :  0.014 0.011 0.011 0.011 0.934 0.010 0.009 
101  BAFF380    (0)    2 :  0.063 0.057 0.148 0.043 0.017 0.030 0.641 
102  BAFF216    (0)    3 :  0.048 0.288 0.149 0.028 0.051 0.415 0.020 
103  BAFF017    (0)    4 :  0.006 0.043 0.009 0.022 0.014 0.899 0.008 
104  BAFF245    (0)    4 :  0.457 0.115 0.122 0.038 0.144 0.107 0.016 
105  BAFF378    (7)   13 :  0.070 0.663 0.014 0.010 0.193 0.027 0.024 
106  BAFF023    (0)    5 :  0.043 0.803 0.044 0.027 0.023 0.044 0.015 
107  BAFF079    (0)    6 :  0.206 0.064 0.132 0.046 0.044 0.470 0.039 
108  BAFF435    (0)    6 :  0.025 0.860 0.021 0.021 0.009 0.026 0.037 
109  BAFF174    (7)    7 :  0.029 0.034 0.048 0.045 0.008 0.810 0.025 
110  BAFF226    (0)    7 :  0.083 0.733 0.009 0.009 0.014 0.134 0.018 
111  BAFF190    (0)    8 :  0.117 0.076 0.584 0.100 0.019 0.016 0.088 
112  BAFF243    (0)    9 :  0.114 0.113 0.026 0.007 0.054 0.623 0.064 
113  BAFF177    (0)   10 :  0.080 0.020 0.687 0.009 0.031 0.146 0.026 
114  BAFF364    (7)   11 :  0.031 0.078 0.061 0.017 0.012 0.018 0.783 
115  BAFF305    (0)   12 :  0.822 0.017 0.013 0.034 0.023 0.028 0.063 
116  BAFF513    (0)    6 :  0.042 0.103 0.634 0.022 0.071 0.087 0.041 
117  BAFF462    (0)    7 :  0.039 0.128 0.177 0.076 0.506 0.014 0.060 
118  BAFF143    (0)   12 :  0.659 0.064 0.046 0.075 0.008 0.075 0.074 
119  BAFF403    (0)   12 :  0.009 0.009 0.010 0.945 0.007 0.008 0.012 
120  BAFF514    (0)    6 :  0.029 0.049 0.612 0.255 0.009 0.030 0.017 
121  BAFF463    (0)    7 :  0.006 0.007 0.964 0.005 0.006 0.006 0.007 
122  BAFF137    (0)   12 :  0.808 0.018 0.117 0.012 0.011 0.009 0.026 
123  BAFF404    (0)   12 :  0.010 0.012 0.009 0.915 0.014 0.010 0.030 
124  BAFF515    (0)    6 :  0.132 0.191 0.383 0.036 0.024 0.159 0.074 
125  BAFF144    (0)   12 :  0.069 0.122 0.185 0.061 0.013 0.022 0.528 
126  BAFF405    (7)   12 :  0.456 0.052 0.052 0.024 0.037 0.014 0.365 
127  BAFF518    (0)    6 :  0.254 0.138 0.012 0.530 0.015 0.028 0.022 
128  BAFF467    (0)    7 :  0.074 0.564 0.108 0.044 0.024 0.159 0.028 
129  BAFF145    (0)   12 :  0.280 0.065 0.022 0.012 0.068 0.022 0.530 
130  BAFF406    (0)   12 :  0.054 0.017 0.044 0.296 0.009 0.032 0.548 
131  BAFF519    (0)    6 :  0.085 0.228 0.082 0.016 0.015 0.551 0.022 
132  BAFF471    (0)    7 :  0.377 0.196 0.175 0.030 0.085 0.082 0.056 
133  BAFF136    (0)   12 :  0.137 0.009 0.041 0.746 0.006 0.049 0.012 
134  BAFF520    (7)    6 :  0.055 0.581 0.085 0.072 0.034 0.138 0.036 
135  BAFF472    (0)    7 :  0.098 0.237 0.286 0.032 0.033 0.089 0.226 
136  BAFF165    (0)   12 :  0.765 0.074 0.020 0.057 0.047 0.027 0.011 
137  BAFF408    (0)   12 :  0.628 0.038 0.017 0.095 0.038 0.018 0.165 
138  BAFF522    (0)    6 :  0.050 0.025 0.783 0.047 0.032 0.023 0.039 
139  BAFF475    (0)    7 :  0.066 0.195 0.051 0.051 0.010 0.596 0.030 
140  BAFF140    (0)   12 :  0.482 0.026 0.240 0.036 0.021 0.086 0.110 
141  BAFF409    (0)   12 :  0.017 0.013 0.068 0.778 0.095 0.013 0.016 
142  BAFF523    (0)    6 :  0.047 0.151 0.583 0.009 0.015 0.029 0.166 
143  BAFF476    (0)    7 :  0.055 0.187 0.013 0.034 0.010 0.521 0.180 
144  BAFF147    (0)   12 :  0.701 0.020 0.044 0.166 0.014 0.021 0.035 
145  BAFF410    (0)   12 :  0.194 0.028 0.009 0.654 0.018 0.081 0.016 
146  BAFF477    (0)    7 :  0.184 0.619 0.014 0.007 0.080 0.080 0.017 
147  BAFF411    (0)   12 :  0.089 0.096 0.013 0.089 0.582 0.029 0.101 
148  BAFF486    (7)    7 :  0.011 0.951 0.005 0.006 0.008 0.010 0.009 
149  BAFF412    (7)   12 :  0.030 0.035 0.098 0.744 0.050 0.023 0.020 
150  BAFF258    (0)    1 :  0.046 0.141 0.416 0.028 0.249 0.021 0.100 
151  BAFF392    (0)    2 :  0.009 0.006 0.888 0.006 0.005 0.015 0.072 
152  BAFF217    (0)    3 :  0.092 0.097 0.013 0.018 0.014 0.722 0.045 
153  BAFF016    (0)    4 :  0.037 0.009 0.010 0.031 0.005 0.807 0.100 
154  BAFF246    (0)    4 :  0.027 0.039 0.057 0.021 0.010 0.822 0.024 
155  BAFF381    (0)   13 :  0.358 0.518 0.023 0.038 0.012 0.036 0.016 
156  BAFF078    (0)    6 :  0.322 0.020 0.020 0.062 0.007 0.010 0.560 
157  BAFF481    (0)    6 :  0.175 0.599 0.049 0.043 0.028 0.077 0.028 
158  BAFF436    (0)    7 :  0.083 0.051 0.466 0.057 0.100 0.187 0.056 
159  BAFF191    (0)    8 :  0.057 0.045 0.124 0.023 0.012 0.725 0.014 
160  BAFF382    (0)    9 :  0.047 0.745 0.070 0.078 0.009 0.020 0.031 
161  BAFF178    (0)   10 :  0.025 0.014 0.695 0.062 0.009 0.185 0.009 
162  BAFF159    (7)   11 :  0.051 0.540 0.019 0.029 0.017 0.330 0.014 
163  BAFF365    (7)   11 :  0.482 0.160 0.017 0.018 0.202 0.069 0.052 
164  BAFF007    (0)   12 :  0.213 0.311 0.051 0.030 0.090 0.093 0.211 
165  BAFF304    (7)   12 :  0.565 0.116 0.013 0.095 0.012 0.013 0.186 
166  BAFF487    (0)    7 :  0.045 0.598 0.116 0.036 0.022 0.053 0.131 
167  BAFF415    (0)   12 :  0.252 0.058 0.038 0.530 0.070 0.026 0.027 
168  BAFF488    (0)    7 :  0.088 0.104 0.014 0.014 0.672 0.090 0.018 
169  BAFF417    (0)   12 :  0.413 0.097 0.035 0.377 0.018 0.019 0.041 
170  BAFF489    (0)    7 :  0.249 0.492 0.060 0.039 0.009 0.026 0.124 
171  BAFF426    (0)   12 :  0.018 0.017 0.022 0.906 0.018 0.011 0.008 
172  BAFF490    (7)    7 :  0.030 0.449 0.075 0.013 0.023 0.148 0.261 
173  BAFF491    (0)    7 :  0.047 0.581 0.167 0.009 0.049 0.037 0.110 
174  BAFF492    (0)    7 :  0.018 0.893 0.018 0.016 0.009 0.032 0.014 
175  BAFF493    (0)    7 :  0.040 0.175 0.134 0.042 0.550 0.029 0.029 
176  BAFF506    (0)    7 :  0.028 0.629 0.102 0.014 0.132 0.025 0.070 
177  BAFF393    (0)    2 :  0.066 0.312 0.011 0.010 0.024 0.040 0.535 
178  BAFF218    (0)    3 :  0.109 0.251 0.075 0.025 0.059 0.459 0.023 
179  BAFF254    (0)    4 :  0.071 0.170 0.018 0.012 0.046 0.011 0.671 
180  BAFF385    (0)   13 :  0.074 0.351 0.317 0.059 0.037 0.022 0.139 
181  BAFF076    (0)    6 :  0.009 0.010 0.935 0.012 0.010 0.010 0.015 
182  BAFF482    (0)    6 :  0.082 0.744 0.069 0.054 0.010 0.019 0.022 
183  BAFF437    (0)    7 :  0.741 0.160 0.029 0.014 0.022 0.026 0.008 
184  BAFF192    (0)    8 :  0.084 0.040 0.535 0.014 0.019 0.100 0.208 
185  BAFF383    (0)    9 :  0.096 0.031 0.024 0.011 0.819 0.009 0.009 
186  BAFF180    (0)   10 :  0.015 0.043 0.275 0.147 0.009 0.498 0.013 
187  BAFF048    (7)   12 :  0.044 0.019 0.060 0.011 0.054 0.018 0.795 
188  BAFF306    (0)   12 :  0.633 0.127 0.055 0.041 0.012 0.088 0.044 
189  BAFF394    (0)    2 :  0.154 0.052 0.054 0.024 0.050 0.575 0.092 
190  BAFF219    (0)    3 :  0.261 0.419 0.031 0.014 0.009 0.248 0.017 
191  BAFF388    (0)    4 :  0.030 0.065 0.280 0.389 0.200 0.018 0.019 
192  BAFF386    (7)   13 :  0.087 0.084 0.659 0.020 0.024 0.026 0.100 
193  BAFF084    (0)    6 :  0.019 0.105 0.010 0.008 0.011 0.022 0.826 
194  BAFF483    (0)    6 :  0.194 0.107 0.398 0.141 0.036 0.113 0.013 
195  BAFF438   (15)    7 :  0.335 0.234 0.072 0.054 0.019 0.030 0.256 
196  BAFF193    (0)    8 :  0.034 0.379 0.075 0.020 0.433 0.030 0.029 
197  BAFF183    (0)   10 :  0.107 0.217 0.020 0.077 0.138 0.234 0.207 
198  BAFF153    (0)   12 :  0.864 0.013 0.011 0.024 0.008 0.008 0.072 
199  BAFF307    (0)   12 :  0.505 0.178 0.021 0.029 0.013 0.025 0.228 
200  BAFF397    (0)    2 :  0.219 0.662 0.005 0.009 0.009 0.076 0.020 
201  BAFF220    (0)    3 :  0.010 0.012 0.927 0.009 0.008 0.008 0.027 
202  BAFF095    (0)    6 :  0.016 0.015 0.889 0.013 0.043 0.015 0.010 
203  BAFF494    (0)    6 :  0.019 0.305 0.563 0.031 0.007 0.041 0.034 
204  BAFF439    (0)    7 :  0.202 0.221 0.014 0.439 0.011 0.092 0.021 
205  BAFF182    (0)   10 :  0.068 0.019 0.566 0.157 0.029 0.046 0.114 
206  BAFF054    (0)   12 :  0.021 0.010 0.009 0.939 0.006 0.006 0.009 
207  BAFF308    (0)   12 :  0.753 0.110 0.019 0.020 0.018 0.011 0.068 
208  BAFF266    (0)    1 :  0.086 0.561 0.020 0.043 0.142 0.035 0.113 
209  BAFF398    (7)    2 :  0.007 0.017 0.945 0.005 0.015 0.005 0.006 
210  BAFF221    (0)    3 :  0.070 0.010 0.090 0.089 0.473 0.013 0.256 
211  BAFF090    (0)    6 :  0.093 0.119 0.081 0.209 0.025 0.022 0.451 
212  BAFF495    (0)    6 :  0.009 0.029 0.009 0.010 0.008 0.927 0.008 
213  BAFF459    (0)    7 :  0.041 0.106 0.013 0.015 0.008 0.764 0.053 
214  BAFF197    (0)    8 :  0.483 0.238 0.021 0.079 0.014 0.149 0.015 
215  BAFF188    (0)   10 :  0.744 0.041 0.018 0.062 0.021 0.019 0.094 
216  BAFF051    (0)   12 :  0.084 0.450 0.051 0.344 0.029 0.029 0.014 
217  BAFF309    (0)   12 :  0.039 0.834 0.057 0.014 0.011 0.022 0.024 
218  BAFF269    (0)    1 :  0.530 0.140 0.032 0.010 0.109 0.166 0.012 
219  BAFF077    (0)    6 :  0.013 0.050 0.007 0.012 0.012 0.881 0.024 
220  BAFF496    (0)    6 :  0.011 0.042 0.010 0.010 0.014 0.908 0.006 
221  BAFF443    (0)    7 :  0.181 0.533 0.039 0.092 0.087 0.037 0.030 
222  BAFF198    (0)    8 :  0.059 0.142 0.282 0.063 0.012 0.397 0.045 
223  BAFF053    (0)   12 :  0.810 0.028 0.009 0.044 0.021 0.023 0.065 
224  BAFF310    (0)   12 :  0.061 0.033 0.009 0.863 0.009 0.014 0.010 
225  BAFF282    (0)    1 :  0.056 0.017 0.046 0.016 0.817 0.032 0.017 
226  BAFF497    (0)    6 :  0.028 0.246 0.014 0.016 0.011 0.672 0.014 
227  BAFF466    (0)    7 :  0.072 0.519 0.042 0.034 0.016 0.042 0.275 
228  BAFF200    (7)    8 :  0.055 0.205 0.550 0.051 0.015 0.059 0.065 
229  BAFF240    (0)   10 :  0.048 0.071 0.063 0.010 0.016 0.026 0.766 
230  BAFF055    (0)   12 :  0.164 0.020 0.030 0.742 0.021 0.010 0.013 
231  BAFF311    (7)   12 :  0.030 0.009 0.895 0.007 0.025 0.015 0.020 


Estimated Allele Frequencies in each cluster
First column gives estimated ancestral frequencies


Locus 1 : btern01 
9 alleles
0.0% missing data
   1   (0.140) 0.159 0.129 0.142 0.037 0.117 0.199 0.157 
   2   (0.017) 0.005 0.013 0.004 0.003 0.025 0.004 0.004 
   3   (0.163) 0.198 0.219 0.135 0.095 0.071 0.224 0.132 
   4   (0.215) 0.193 0.219 0.187 0.180 0.207 0.225 0.244 
   5   (0.293) 0.346 0.349 0.157 0.328 0.424 0.167 0.375 
   6   (0.070) 0.058 0.027 0.046 0.329 0.035 0.086 0.025 
   7   (0.050) 0.021 0.016 0.270 0.019 0.084 0.013 0.041 
   8   (0.017) 0.009 0.005 0.003 0.002 0.030 0.007 0.003 
   9   (0.035) 0.011 0.024 0.057 0.006 0.007 0.076 0.020 

Locus 2 : bt28 
5 alleles
0.0% missing data
   1   (0.664) 0.729 0.657 0.573 0.724 0.769 0.711 0.661 
   2   (0.152) 0.153 0.126 0.178 0.102 0.164 0.148 0.062 
   3   (0.144) 0.101 0.174 0.241 0.167 0.046 0.072 0.266 
   4   (0.029) 0.014 0.041 0.005 0.005 0.008 0.067 0.008 
   5   (0.011) 0.003 0.002 0.002 0.002 0.013 0.002 0.002 

Locus 3 : b96 
8 alleles
0.9% missing data
   1   (0.331) 0.448 0.327 0.355 0.323 0.350 0.286 0.206 
   2   (0.481) 0.353 0.580 0.522 0.522 0.463 0.639 0.590 
   3   (0.045) 0.051 0.035 0.027 0.040 0.012 0.013 0.095 
   4   (0.016) 0.004 0.007 0.003 0.003 0.004 0.003 0.068 
   5   (0.050) 0.056 0.028 0.046 0.030 0.026 0.026 0.013 
   6   (0.027) 0.013 0.006 0.037 0.005 0.082 0.005 0.007 
   7   (0.037) 0.071 0.013 0.008 0.007 0.060 0.026 0.018 
   8   (0.013) 0.003 0.003 0.003 0.070 0.003 0.002 0.002 

Locus 4 : bt30 
12 alleles
0.9% missing data
   1   (0.114) 0.070 0.127 0.181 0.113 0.253 0.041 0.052 
   2   (0.283) 0.289 0.362 0.267 0.279 0.288 0.307 0.263 
   3   (0.068) 0.038 0.209 0.023 0.029 0.017 0.117 0.077 
   4   (0.185) 0.215 0.127 0.221 0.243 0.122 0.201 0.231 
   5   (0.015) 0.005 0.008 0.015 0.003 0.004 0.003 0.003 
   6   (0.099) 0.075 0.059 0.213 0.057 0.099 0.145 0.039 
   7   (0.033) 0.043 0.020 0.010 0.024 0.023 0.014 0.013 
   8   (0.053) 0.075 0.031 0.010 0.057 0.043 0.015 0.054 
   9   (0.111) 0.152 0.047 0.041 0.187 0.086 0.140 0.262 
  10   (0.013) 0.003 0.003 0.002 0.002 0.060 0.002 0.002 
  11   (0.016) 0.031 0.004 0.014 0.004 0.003 0.004 0.003 
  12   (0.011) 0.004 0.003 0.002 0.002 0.002 0.010 0.002 

Locus 5 : btms0081 
3 alleles
0.9% missing data
   1   (0.498) 0.409 0.572 0.638 0.307 0.587 0.454 0.585 
   2   (0.352) 0.426 0.345 0.264 0.460 0.223 0.384 0.340 
   3   (0.150) 0.165 0.083 0.098 0.234 0.190 0.162 0.075 

Locus 6 : btms0066 
24 alleles
0.0% missing data
   1   (0.257) 0.294 0.318 0.347 0.363 0.382 0.166 0.213 
   2   (0.016) 0.005 0.004 0.003 0.003 0.062 0.007 0.004 
   3   (0.036) 0.102 0.040 0.019 0.010 0.007 0.008 0.021 
   4   (0.150) 0.117 0.247 0.187 0.129 0.063 0.369 0.068 
   5   (0.091) 0.189 0.148 0.042 0.117 0.035 0.097 0.041 
   6   (0.056) 0.051 0.020 0.185 0.019 0.013 0.051 0.093 
   7   (0.022) 0.006 0.009 0.046 0.003 0.017 0.004 0.004 
   8   (0.055) 0.034 0.038 0.018 0.032 0.076 0.088 0.032 
   9   (0.018) 0.016 0.005 0.007 0.004 0.003 0.004 0.249 
  10   (0.029) 0.009 0.025 0.007 0.005 0.134 0.009 0.043 
  11   (0.020) 0.006 0.005 0.008 0.012 0.137 0.005 0.005 
  12   (0.034) 0.030 0.038 0.006 0.016 0.008 0.128 0.010 
  13   (0.025) 0.017 0.014 0.021 0.017 0.006 0.005 0.030 
  14   (0.020) 0.006 0.005 0.004 0.038 0.004 0.003 0.062 
  15   (0.020) 0.026 0.031 0.004 0.003 0.006 0.013 0.004 
  16   (0.026) 0.014 0.006 0.021 0.095 0.006 0.006 0.063 
  17   (0.026) 0.022 0.013 0.007 0.052 0.018 0.005 0.025 
  18   (0.012) 0.003 0.003 0.002 0.030 0.002 0.002 0.002 
  19   (0.014) 0.032 0.003 0.003 0.003 0.002 0.002 0.003 
  20   (0.021) 0.007 0.007 0.025 0.013 0.007 0.022 0.006 
  21   (0.016) 0.005 0.006 0.024 0.003 0.005 0.003 0.012 
  22   (0.009) 0.002 0.003 0.009 0.001 0.002 0.002 0.004 
  23   (0.012) 0.004 0.002 0.002 0.028 0.002 0.002 0.002 
  24   (0.013) 0.004 0.008 0.002 0.002 0.004 0.002 0.004 

Locus 7 : btms0083 
31 alleles
3.0% missing data
   1   (0.014) 0.004 0.003 0.003 0.002 0.202 0.002 0.005 
   2   (0.024) 0.026 0.011 0.005 0.004 0.099 0.004 0.017 
   3   (0.028) 0.012 0.015 0.073 0.008 0.006 0.008 0.094 
   4   (0.042) 0.023 0.059 0.035 0.012 0.054 0.012 0.034 
   5   (0.190) 0.219 0.215 0.352 0.260 0.216 0.151 0.194 
   6   (0.023) 0.009 0.023 0.018 0.005 0.007 0.008 0.021 
   7   (0.070) 0.090 0.091 0.023 0.164 0.027 0.036 0.080 
   8   (0.036) 0.132 0.048 0.008 0.013 0.017 0.011 0.015 
   9   (0.034) 0.035 0.035 0.048 0.006 0.008 0.040 0.009 
  10   (0.024) 0.016 0.009 0.115 0.021 0.008 0.009 0.007 
  11   (0.054) 0.042 0.070 0.016 0.010 0.015 0.130 0.301 
  12   (0.016) 0.005 0.009 0.005 0.004 0.038 0.008 0.003 
  13   (0.048) 0.078 0.025 0.021 0.076 0.010 0.110 0.024 
  14   (0.033) 0.023 0.136 0.008 0.006 0.007 0.053 0.014 
  15   (0.030) 0.014 0.013 0.025 0.006 0.022 0.060 0.009 
  16   (0.030) 0.010 0.030 0.071 0.006 0.034 0.008 0.017 
  17   (0.028) 0.019 0.009 0.009 0.005 0.070 0.193 0.008 
  18   (0.053) 0.039 0.055 0.043 0.112 0.038 0.023 0.024 
  19   (0.022) 0.008 0.015 0.004 0.102 0.012 0.004 0.005 
  20   (0.024) 0.082 0.012 0.006 0.053 0.005 0.006 0.011 
  21   (0.012) 0.004 0.002 0.002 0.002 0.030 0.002 0.002 
  22   (0.013) 0.004 0.003 0.002 0.002 0.025 0.003 0.003 
  23   (0.017) 0.013 0.008 0.004 0.003 0.018 0.008 0.003 
  24   (0.008) 0.002 0.002 0.001 0.012 0.002 0.001 0.001 
  25   (0.031) 0.030 0.048 0.075 0.006 0.007 0.006 0.007 
  26   (0.017) 0.006 0.007 0.006 0.003 0.003 0.065 0.004 
  27   (0.029) 0.027 0.016 0.007 0.056 0.006 0.028 0.010 
  28   (0.015) 0.005 0.008 0.006 0.003 0.005 0.005 0.070 
  29   (0.012) 0.003 0.017 0.003 0.002 0.004 0.003 0.004 
  30   (0.014) 0.011 0.003 0.003 0.033 0.003 0.002 0.002 
  31   (0.009) 0.007 0.003 0.002 0.001 0.003 0.003 0.001 

Locus 8 : b126 
16 alleles
0.0% missing data
   1   (0.041) 0.037 0.017 0.062 0.012 0.040 0.031 0.009 
   2   (0.050) 0.065 0.035 0.013 0.008 0.123 0.062 0.011 
   3   (0.315) 0.356 0.373 0.266 0.397 0.221 0.366 0.533 
   4   (0.029) 0.011 0.036 0.012 0.006 0.008 0.069 0.006 
   5   (0.076) 0.039 0.135 0.131 0.058 0.026 0.057 0.044 
   6   (0.063) 0.135 0.111 0.015 0.153 0.016 0.033 0.022 
   7   (0.103) 0.122 0.067 0.182 0.131 0.022 0.095 0.216 
   8   (0.029) 0.014 0.013 0.007 0.072 0.007 0.046 0.006 
   9   (0.011) 0.003 0.002 0.038 0.002 0.002 0.002 0.002 
  10   (0.042) 0.019 0.013 0.102 0.055 0.026 0.025 0.014 
  11   (0.096) 0.091 0.105 0.034 0.025 0.370 0.059 0.113 
  12   (0.031) 0.028 0.030 0.006 0.026 0.031 0.006 0.006 
  13   (0.066) 0.038 0.043 0.086 0.045 0.097 0.085 0.012 
  14   (0.018) 0.008 0.008 0.009 0.004 0.004 0.057 0.003 
  15   (0.013) 0.028 0.003 0.008 0.002 0.003 0.003 0.002 
  16   (0.017) 0.006 0.007 0.029 0.003 0.003 0.005 0.003 

Locus 9 : btms0062 
34 alleles
0.0% missing data
   1   (0.032) 0.010 0.035 0.033 0.009 0.076 0.008 0.059 
   2   (0.047) 0.022 0.030 0.044 0.013 0.102 0.180 0.018 
   3   (0.086) 0.214 0.101 0.031 0.060 0.103 0.040 0.103 
   4   (0.098) 0.052 0.150 0.216 0.203 0.055 0.059 0.153 
   5   (0.056) 0.066 0.159 0.041 0.015 0.024 0.012 0.103 
   6   (0.023) 0.031 0.023 0.010 0.005 0.007 0.028 0.017 
   7   (0.011) 0.006 0.017 0.003 0.002 0.002 0.002 0.002 
   8   (0.021) 0.054 0.040 0.004 0.004 0.006 0.019 0.004 
   9   (0.039) 0.015 0.028 0.027 0.015 0.020 0.120 0.070 
  10   (0.055) 0.034 0.067 0.074 0.065 0.045 0.045 0.013 
  11   (0.069) 0.058 0.054 0.153 0.041 0.024 0.056 0.195 
  12   (0.039) 0.040 0.013 0.075 0.031 0.009 0.194 0.012 
  13   (0.042) 0.061 0.020 0.122 0.017 0.027 0.023 0.019 
  14   (0.044) 0.039 0.047 0.011 0.260 0.013 0.038 0.013 
  15   (0.016) 0.097 0.005 0.004 0.005 0.003 0.004 0.009 
  16   (0.018) 0.016 0.005 0.003 0.011 0.004 0.003 0.056 
  17   (0.018) 0.005 0.006 0.012 0.003 0.145 0.004 0.003 
  18   (0.014) 0.005 0.003 0.031 0.002 0.003 0.006 0.003 
  19   (0.043) 0.018 0.037 0.016 0.088 0.077 0.054 0.008 
  20   (0.013) 0.003 0.002 0.002 0.002 0.031 0.002 0.002 
  21   (0.033) 0.015 0.037 0.017 0.006 0.054 0.036 0.007 
  22   (0.018) 0.019 0.005 0.003 0.003 0.095 0.003 0.003 
  23   (0.010) 0.003 0.005 0.002 0.002 0.025 0.002 0.002 
  24   (0.020) 0.007 0.036 0.004 0.008 0.005 0.026 0.004 
  25   (0.011) 0.003 0.014 0.003 0.002 0.009 0.003 0.002 
  26   (0.035) 0.018 0.027 0.028 0.054 0.018 0.015 0.051 
  27   (0.017) 0.033 0.005 0.012 0.006 0.003 0.003 0.035 
  28   (0.011) 0.022 0.002 0.002 0.002 0.002 0.002 0.003 
  29   (0.010) 0.003 0.004 0.002 0.002 0.005 0.004 0.022 
  30   (0.008) 0.002 0.002 0.002 0.029 0.001 0.001 0.001 
  31   (0.010) 0.012 0.011 0.002 0.002 0.002 0.002 0.002 
  32   (0.010) 0.003 0.002 0.008 0.002 0.002 0.003 0.005 
  33   (0.010) 0.008 0.003 0.002 0.002 0.003 0.003 0.001 
  34   (0.012) 0.004 0.003 0.002 0.027 0.002 0.002 0.002 

Locus 10 : btern02 
25 alleles
4.8% missing data
   1   (0.101) 0.134 0.051 0.079 0.055 0.130 0.194 0.205 
   2   (0.010) 0.003 0.002 0.002 0.002 0.015 0.002 0.002 
   3   (0.083) 0.086 0.137 0.140 0.024 0.029 0.115 0.059 
   4   (0.050) 0.033 0.033 0.154 0.096 0.016 0.059 0.010 
   5   (0.027) 0.014 0.042 0.019 0.006 0.015 0.007 0.032 
   6   (0.040) 0.021 0.105 0.026 0.016 0.017 0.018 0.144 
   7   (0.028) 0.025 0.015 0.030 0.134 0.006 0.009 0.005 
   8   (0.038) 0.035 0.036 0.012 0.007 0.096 0.020 0.026 
   9   (0.073) 0.181 0.045 0.107 0.048 0.086 0.021 0.056 
  10   (0.030) 0.012 0.105 0.010 0.005 0.007 0.072 0.007 
  11   (0.061) 0.120 0.064 0.024 0.067 0.020 0.082 0.023 
  12   (0.036) 0.021 0.021 0.012 0.007 0.128 0.056 0.017 
  13   (0.049) 0.029 0.031 0.074 0.054 0.052 0.044 0.011 
  14   (0.054) 0.031 0.020 0.037 0.125 0.154 0.053 0.020 
  15   (0.009) 0.002 0.002 0.002 0.001 0.002 0.001 0.120 
  16   (0.045) 0.028 0.076 0.013 0.045 0.051 0.038 0.011 
  17   (0.026) 0.009 0.040 0.015 0.063 0.006 0.013 0.015 
  18   (0.044) 0.025 0.038 0.020 0.165 0.011 0.101 0.012 
  19   (0.041) 0.070 0.028 0.080 0.011 0.008 0.017 0.071 
  20   (0.043) 0.036 0.042 0.078 0.009 0.051 0.028 0.008 
  21   (0.022) 0.014 0.024 0.005 0.007 0.051 0.009 0.006 
  22   (0.015) 0.005 0.006 0.003 0.006 0.018 0.004 0.003 
  23   (0.034) 0.048 0.013 0.034 0.007 0.023 0.026 0.014 
  24   (0.028) 0.014 0.017 0.012 0.036 0.006 0.005 0.122 
  25   (0.012) 0.004 0.006 0.015 0.005 0.003 0.006 0.003 

Locus 11 : btms0086 
3 alleles
0.0% missing data
   1   (0.844) 0.909 0.799 0.765 0.928 0.787 0.853 0.964 
   2   (0.133) 0.057 0.192 0.232 0.063 0.191 0.143 0.031 
   3   (0.022) 0.034 0.009 0.004 0.009 0.023 0.004 0.005 

Locus 12 : bl13 
3 alleles
0.0% missing data
   1   (0.070) 0.031 0.038 0.032 0.315 0.205 0.024 0.022 
   2   (0.828) 0.855 0.891 0.851 0.628 0.774 0.882 0.758 
   3   (0.103) 0.114 0.070 0.117 0.057 0.021 0.094 0.220 

Locus 13 : btms0059 
9 alleles
0.0% missing data
   1   (0.341) 0.505 0.320 0.341 0.295 0.363 0.231 0.486 
   2   (0.104) 0.069 0.126 0.034 0.018 0.122 0.314 0.171 
   3   (0.065) 0.054 0.028 0.034 0.113 0.116 0.027 0.034 
   4   (0.057) 0.044 0.041 0.092 0.020 0.045 0.025 0.015 
   5   (0.080) 0.082 0.151 0.032 0.039 0.036 0.054 0.055 
   6   (0.302) 0.220 0.295 0.450 0.507 0.305 0.294 0.220 
   7   (0.015) 0.005 0.006 0.003 0.002 0.003 0.044 0.005 
   8   (0.023) 0.017 0.029 0.012 0.004 0.006 0.006 0.009 
   9   (0.012) 0.004 0.005 0.002 0.003 0.004 0.004 0.005 

Values of parameters used in structure:
DATAFILE=/Users/johnmola/Desktop/rpbbfeb27/rpbbstructure/project_data,	OUTFILE=/Users/johnmola/Desktop/rpbbfeb27/rpbbstructure/rpbb20k100k/Results/rpbb20k100k_run_67,	NUMINDS=231,	NUMLOCI=13,	MISSING=-9,	LABEL=1,	POPDATA=1,	POPFLAG=0,	PHENOTYPE=0,	EXTRACOLS=0,	MAXPOPS=7,	BURNIN=20000,	NUMREPS=100000,	USEPOPINFO=0,	INFERALPHA=1,	INFERLAMBDA=0,	POPSPECIFICLAMBDA=0,	POPALPHAS=0,	COMPUTEPROB=1,	NOADMIX=0,	ADMBURNIN=2500,	UPDATEFREQ=1,	PRINTLIKES=0,	INTERMEDSAVE=0,	PRINTKLD=0,	PRINTNET=0,	PRINTLAMBDA=0,	ANCESTDIST=0,	NUMBOXES=1000,	ANCESTPINT=0.90000,	GENSBACK=2,	MIGRPRIOR=0.05000,	PRINTQHAT=0,	PRINTQSUM=0,	ALPHA=1.0000,	FREQSCORR=1,	FPRIORMEAN=0.0100,	FPRIORSD=0.0500,	ONEFST=0,	LAMBDA=1.0000,	UNIFPRIORALPHA=1,	ALPHAMAX=10.0000,	ALPHAPRIORA=1.0000,	ALPHAPRIORB=2.0000,	ALPHAPROPSD=0.0250,	STARTATPOPINFO=0,	RANDOMIZE=1,	LINKAGE=0,	METROFREQ=10,	REPORTHITRATE=0,	MARKOVPHASE=-1,	PHASED=0,	PLOIDY=2,	PHASEINFO=0	LOCPRIOR=0, 	LOCPRIORINIT=1.000000, 	LOCDATA=0, 	LOCISPOP=0, 	LOCPRIORSTEP=0.100000, 	MAXLOCPRIOR=20.000000, 	SEED=1677521315,	
[STRAT parameters]:    NUMSIMSTATS=1000,	PHENOTYPECOL=-9,	POOLFREQ=10,	LOCUSxONLY=0,	EMERROR=0.00100,	MISSINGPHENO=-9,	