

----------------------------------------------------
STRUCTURE by Pritchard, Stephens and Donnelly (2000)
     and Falush, Stephens and Pritchard (2003)
       Code by Pritchard, Falush and Hubisz
             Version 2.3.4 (Jul 2012)
----------------------------------------------------



Command line arguments:   bin/structure -m "/Users/johnmola/Desktop/rpbbfeb27/rpbbstructure/rpbb20k100k/mainparams" -e "/Users/johnmola/Desktop/rpbbfeb27/rpbbstructure/rpbb20k100k/extraparams" 
Input File:    /Users/johnmola/Desktop/rpbbfeb27/rpbbstructure/project_data

Run parameters:
   231 individuals
   13 loci
   6 populations assumed
   20000 Burn-in period
   100000 Reps


--------------------------------------------
Proportion of membership of each pre-defined
 population in each of the 6 clusters

Given    Inferred Clusters                            Number of
 Pop       1      2      3      4      5      6      Individuals

  1:     0.819  0.016  0.040  0.064  0.019  0.043       21
  2:     0.020  0.016  0.335  0.203  0.278  0.148        7
  3:     0.094  0.050  0.256  0.225  0.056  0.319        7
  4:     0.065  0.056  0.096  0.209  0.240  0.333        8
  5:     0.173  0.030  0.114  0.324  0.068  0.291        4
  6:     0.039  0.116  0.288  0.203  0.117  0.237       35
  7:     0.083  0.046  0.220  0.359  0.098  0.194       40
  8:     0.063  0.105  0.228  0.184  0.113  0.307       19
  9:     0.264  0.042  0.044  0.275  0.057  0.318        4
 10:     0.034  0.308  0.279  0.074  0.180  0.124       11
 11:     0.150  0.015  0.026  0.139  0.577  0.092        8
 12:     0.055  0.357  0.114  0.120  0.298  0.057       60
 13:     0.052  0.036  0.181  0.251  0.051  0.431        7
--------------------------------------------

Allele-freq. divergence among pops (Net nucleotide distance),
computed using point estimates of P.

      1       2       3       4       5       6      
 1      -    0.0360  0.0277  0.0219  0.0302  0.0312  
 2   0.0360     -    0.0310  0.0252  0.0269  0.0305  
 3   0.0277  0.0310     -    0.0159  0.0255  0.0231  
 4   0.0219  0.0252  0.0159     -    0.0137  0.0109  
 5   0.0302  0.0269  0.0255  0.0137     -    0.0226  
 6   0.0312  0.0305  0.0231  0.0109  0.0226     -    

Average distances (expected heterozygosity) between individuals in same cluster:
cluster  1  : 0.6865 
cluster  2  : 0.6786 
cluster  3  : 0.6918 
cluster  4  : 0.6862 
cluster  5  : 0.6710 
cluster  6  : 0.6804 

--------------------------------------------
Estimated Ln Prob of Data   = -9992.5
Mean value of ln likelihood = -9529.6
Variance of ln likelihood   = 925.6
Mean value of alpha         = 0.0528

Mean value of Fst_1         = 0.0716
Mean value of Fst_2         = 0.0799
Mean value of Fst_3         = 0.0572
Mean value of Fst_4         = 0.0405
Mean value of Fst_5         = 0.0666
Mean value of Fst_6         = 0.0638


Inferred ancestry of individuals:
        Label (%Miss) Pop:  Inferred clusters
  1  BAFF014    (0)    1 :  0.945 0.006 0.011 0.015 0.008 0.015 
  2  BAFF379    (0)    2 :  0.013 0.012 0.041 0.285 0.555 0.095 
  3  BAFF212    (0)    3 :  0.025 0.057 0.425 0.392 0.046 0.055 
  4  BAFF018    (0)    4 :  0.009 0.020 0.019 0.215 0.724 0.013 
  5  BAFF247    (0)    4 :  0.009 0.015 0.053 0.740 0.101 0.081 
  6  BAFF024    (0)    5 :  0.021 0.041 0.223 0.138 0.015 0.562 
  7  BAFF088    (0)    6 :  0.011 0.027 0.857 0.059 0.026 0.020 
  8  BAFF429    (0)    6 :  0.018 0.018 0.265 0.150 0.098 0.451 
  9  BAFF087    (7)    7 :  0.009 0.007 0.964 0.008 0.006 0.006 
 10  BAFF225    (0)    7 :  0.041 0.016 0.435 0.264 0.017 0.227 
 11  BAFF195    (0)    8 :  0.030 0.010 0.045 0.060 0.781 0.073 
 12  BAFF238    (0)    9 :  0.108 0.034 0.050 0.140 0.031 0.636 
 13  BAFF019    (0)   10 :  0.025 0.856 0.060 0.017 0.028 0.014 
 14  BAFF175    (0)   10 :  0.012 0.145 0.225 0.171 0.203 0.244 
 15  BAFF156    (0)   11 :  0.005 0.006 0.006 0.006 0.972 0.006 
 16  BAFF301    (0)   11 :  0.878 0.023 0.021 0.024 0.015 0.039 
 17  BAFF141    (0)   12 :  0.470 0.013 0.012 0.224 0.273 0.008 
 18  BAFF302    (0)   12 :  0.027 0.063 0.026 0.446 0.025 0.414 
 19  BAFF290    (0)    1 :  0.892 0.014 0.017 0.032 0.017 0.028 
 20  BAFF498    (0)    6 :  0.246 0.068 0.075 0.367 0.075 0.169 
 21  BAFF455    (0)    7 :  0.023 0.035 0.788 0.042 0.030 0.083 
 22  BAFF203    (7)    8 :  0.010 0.011 0.870 0.058 0.025 0.026 
 23  BAFF056    (0)   12 :  0.019 0.863 0.011 0.078 0.008 0.021 
 24  BAFF327    (0)   12 :  0.081 0.262 0.050 0.060 0.523 0.024 
 25  BAFF255    (0)    1 :  0.951 0.007 0.009 0.015 0.008 0.010 
 26  BAFF256    (0)    1 :  0.957 0.012 0.009 0.007 0.006 0.008 
 27  BAFF257    (0)    1 :  0.967 0.005 0.007 0.007 0.006 0.008 
 28  BAFF260    (0)    1 :  0.950 0.008 0.016 0.009 0.005 0.013 
 29  BAFF259    (0)    1 :  0.950 0.016 0.008 0.008 0.009 0.009 
 30  BAFF261    (0)    1 :  0.950 0.009 0.009 0.015 0.009 0.008 
 31  BAFF274    (0)    1 :  0.874 0.016 0.024 0.048 0.017 0.022 
 32  BAFF262    (0)    1 :  0.931 0.009 0.028 0.011 0.012 0.009 
 33  BAFF294    (0)    1 :  0.943 0.008 0.027 0.008 0.007 0.008 
 34  BAFF292    (0)    1 :  0.808 0.010 0.008 0.011 0.013 0.150 
 35  BAFF296    (0)    1 :  0.833 0.015 0.008 0.021 0.012 0.111 
 36  BAFF295    (0)    1 :  0.901 0.013 0.021 0.023 0.012 0.030 
 37  BAFF298    (0)    1 :  0.922 0.016 0.013 0.021 0.012 0.017 
 38  BAFF299    (0)    1 :  0.941 0.025 0.013 0.006 0.008 0.007 
 39  BAFF375    (0)   13 :  0.022 0.010 0.013 0.014 0.009 0.932 
 40  BAFF376    (0)   13 :  0.019 0.029 0.052 0.042 0.013 0.845 
 41  BAFF377    (0)   13 :  0.018 0.009 0.009 0.014 0.009 0.941 
 42  BAFF022    (0)    5 :  0.368 0.013 0.043 0.219 0.098 0.260 
 43  BAFF021    (0)    5 :  0.274 0.039 0.115 0.241 0.129 0.203 
 44  BAFF499    (0)    6 :  0.008 0.862 0.015 0.037 0.029 0.048 
 45  BAFF204    (0)    8 :  0.010 0.044 0.026 0.758 0.060 0.102 
 46  BAFF068    (0)   12 :  0.055 0.876 0.009 0.029 0.018 0.013 
 47  BAFF336    (0)   12 :  0.015 0.487 0.047 0.059 0.371 0.021 
 48  BAFF447    (0)    7 :  0.008 0.013 0.022 0.781 0.030 0.146 
 49  BAFF457    (0)    7 :  0.024 0.010 0.010 0.616 0.034 0.306 
 50  BAFF448    (0)    7 :  0.078 0.010 0.393 0.392 0.092 0.035 
 51  BAFF465    (0)    7 :  0.014 0.013 0.884 0.051 0.023 0.014 
 52  BAFF194    (0)    8 :  0.037 0.013 0.050 0.197 0.023 0.680 
 53  BAFF199    (0)    8 :  0.023 0.024 0.024 0.455 0.338 0.137 
 54  BAFF500    (0)    6 :  0.258 0.089 0.110 0.394 0.010 0.139 
 55  BAFF206    (0)    8 :  0.057 0.079 0.335 0.167 0.097 0.266 
 56  BAFF069    (0)   12 :  0.010 0.922 0.016 0.014 0.021 0.017 
 57  BAFF330    (0)   12 :  0.017 0.022 0.736 0.049 0.157 0.019 
 58  BAFF239    (0)   10 :  0.022 0.735 0.030 0.033 0.149 0.031 
 59  BAFF241    (0)   10 :  0.024 0.880 0.012 0.022 0.033 0.028 
 60  BAFF157    (0)   11 :  0.006 0.008 0.009 0.009 0.959 0.010 
 61  BAFF161    (0)   11 :  0.005 0.008 0.008 0.008 0.962 0.008 
 62  BAFF160    (0)   11 :  0.005 0.006 0.011 0.008 0.962 0.008 
 63  BAFF008    (0)   12 :  0.044 0.117 0.614 0.172 0.027 0.026 
 64  BAFF013    (0)   12 :  0.012 0.014 0.874 0.025 0.052 0.023 
 65  BAFF407    (0)   12 :  0.010 0.926 0.014 0.014 0.025 0.012 
 66  BAFF503    (0)    6 :  0.007 0.790 0.127 0.017 0.030 0.029 
 67  BAFF449    (0)    7 :  0.013 0.033 0.848 0.051 0.043 0.012 
 68  BAFF207    (0)    8 :  0.019 0.588 0.072 0.067 0.008 0.245 
 69  BAFF070    (0)   12 :  0.009 0.934 0.013 0.013 0.017 0.013 
 70  BAFF335    (0)   12 :  0.014 0.124 0.028 0.063 0.760 0.011 
 71  BAFF507    (0)    6 :  0.049 0.008 0.015 0.211 0.017 0.701 
 72  BAFF450    (0)    7 :  0.187 0.039 0.039 0.253 0.213 0.269 
 73  BAFF209    (7)    8 :  0.038 0.036 0.218 0.072 0.077 0.559 
 74  BAFF072    (0)   12 :  0.009 0.082 0.026 0.052 0.819 0.013 
 75  BAFF339    (0)   12 :  0.016 0.463 0.019 0.157 0.040 0.306 
 76  BAFF508    (0)    6 :  0.051 0.014 0.013 0.197 0.708 0.017 
 77  BAFF451    (0)    7 :  0.011 0.020 0.071 0.533 0.015 0.350 
 78  BAFF210    (0)    8 :  0.094 0.444 0.146 0.135 0.015 0.166 
 79  BAFF139    (0)   12 :  0.057 0.014 0.031 0.483 0.063 0.353 
 80  BAFF341    (0)   12 :  0.022 0.032 0.077 0.435 0.250 0.184 
 81  BAFF509    (0)    6 :  0.042 0.030 0.849 0.024 0.013 0.043 
 82  BAFF453    (0)    7 :  0.010 0.143 0.137 0.056 0.034 0.621 
 83  BAFF389    (0)    8 :  0.039 0.008 0.021 0.011 0.067 0.855 
 84  BAFF163    (0)   12 :  0.004 0.951 0.009 0.006 0.006 0.023 
 85  BAFF344    (7)   12 :  0.010 0.405 0.039 0.057 0.411 0.078 
 86  BAFF510    (0)    6 :  0.013 0.037 0.284 0.177 0.192 0.297 
 87  BAFF456    (0)    7 :  0.020 0.033 0.012 0.556 0.021 0.358 
 88  BAFF390    (0)    8 :  0.007 0.006 0.009 0.011 0.007 0.959 
 89  BAFF142    (0)   12 :  0.549 0.107 0.013 0.157 0.160 0.014 
 90  BAFF363    (7)   12 :  0.007 0.927 0.012 0.009 0.037 0.008 
 91  BAFF517    (0)    6 :  0.008 0.025 0.018 0.231 0.023 0.696 
 92  BAFF458    (0)    7 :  0.080 0.046 0.215 0.516 0.072 0.071 
 93  BAFF391    (0)    8 :  0.269 0.344 0.031 0.249 0.065 0.041 
 94  BAFF149    (0)   12 :  0.015 0.091 0.013 0.117 0.697 0.067 
 95  BAFF366    (7)   12 :  0.014 0.054 0.008 0.267 0.458 0.200 
 96  BAFF512    (0)    6 :  0.153 0.041 0.123 0.549 0.040 0.095 
 97  BAFF460    (0)    7 :  0.017 0.028 0.013 0.534 0.339 0.069 
 98  BAFF138    (0)   12 :  0.043 0.112 0.010 0.055 0.768 0.013 
 99  BAFF374    (0)   12 :  0.035 0.232 0.667 0.012 0.032 0.021 
100  BAFF015    (0)    1 :  0.940 0.013 0.014 0.014 0.008 0.010 
101  BAFF380    (0)    2 :  0.015 0.043 0.329 0.085 0.493 0.035 
102  BAFF216    (0)    3 :  0.046 0.033 0.200 0.241 0.019 0.462 
103  BAFF017    (0)    4 :  0.021 0.025 0.009 0.130 0.005 0.809 
104  BAFF245    (0)    4 :  0.265 0.036 0.127 0.209 0.053 0.309 
105  BAFF378    (7)   13 :  0.208 0.012 0.023 0.623 0.041 0.094 
106  BAFF023    (0)    5 :  0.029 0.027 0.077 0.698 0.030 0.139 
107  BAFF079    (0)    6 :  0.043 0.045 0.195 0.142 0.052 0.523 
108  BAFF435    (0)    6 :  0.010 0.027 0.033 0.769 0.073 0.088 
109  BAFF174    (7)    7 :  0.009 0.046 0.096 0.058 0.027 0.765 
110  BAFF226    (0)    7 :  0.015 0.009 0.011 0.663 0.027 0.275 
111  BAFF190    (0)    8 :  0.020 0.080 0.718 0.082 0.082 0.018 
112  BAFF243    (0)    9 :  0.040 0.007 0.025 0.251 0.119 0.557 
113  BAFF177    (0)   10 :  0.029 0.010 0.795 0.028 0.033 0.105 
114  BAFF364    (7)   11 :  0.016 0.024 0.114 0.204 0.614 0.028 
115  BAFF305    (0)   12 :  0.034 0.115 0.025 0.074 0.705 0.047 
116  BAFF513    (0)    6 :  0.060 0.021 0.752 0.076 0.019 0.072 
117  BAFF462    (0)    7 :  0.535 0.078 0.191 0.142 0.030 0.024 
118  BAFF143    (0)   12 :  0.008 0.143 0.033 0.141 0.593 0.082 
119  BAFF403    (0)   12 :  0.007 0.957 0.009 0.008 0.010 0.009 
120  BAFF514    (0)    6 :  0.009 0.278 0.622 0.043 0.017 0.031 
121  BAFF463    (0)    7 :  0.007 0.005 0.964 0.010 0.007 0.007 
122  BAFF137    (0)   12 :  0.014 0.030 0.566 0.115 0.259 0.015 
123  BAFF404    (0)   12 :  0.013 0.938 0.009 0.013 0.018 0.010 
124  BAFF515    (0)    6 :  0.023 0.035 0.488 0.212 0.108 0.134 
125  BAFF144    (0)   12 :  0.013 0.075 0.267 0.116 0.502 0.027 
126  BAFF405    (7)   12 :  0.049 0.061 0.061 0.066 0.747 0.015 
127  BAFF518    (0)    6 :  0.021 0.709 0.014 0.139 0.079 0.039 
128  BAFF467    (0)    7 :  0.020 0.043 0.174 0.502 0.037 0.223 
129  BAFF145    (0)   12 :  0.047 0.011 0.025 0.076 0.816 0.025 
130  BAFF406    (0)   12 :  0.008 0.238 0.049 0.024 0.662 0.020 
131  BAFF519    (0)    6 :  0.015 0.016 0.086 0.215 0.050 0.619 
132  BAFF471    (0)    7 :  0.090 0.038 0.233 0.322 0.211 0.105 
133  BAFF136    (0)   12 :  0.006 0.839 0.053 0.013 0.044 0.045 
134  BAFF520    (7)    6 :  0.042 0.091 0.126 0.448 0.049 0.244 
135  BAFF472    (0)    7 :  0.044 0.044 0.331 0.301 0.148 0.130 
136  BAFF165    (0)   12 :  0.094 0.133 0.020 0.440 0.071 0.241 
137  BAFF408    (0)   12 :  0.041 0.095 0.017 0.092 0.735 0.020 
138  BAFF522    (0)    6 :  0.030 0.035 0.847 0.029 0.028 0.031 
139  BAFF475    (0)    7 :  0.009 0.039 0.049 0.301 0.040 0.561 
140  BAFF140    (0)   12 :  0.024 0.069 0.274 0.053 0.497 0.083 
141  BAFF409    (0)   12 :  0.104 0.800 0.055 0.014 0.014 0.013 
142  BAFF523    (0)    6 :  0.015 0.009 0.740 0.131 0.075 0.031 
143  BAFF476    (0)    7 :  0.011 0.030 0.014 0.221 0.197 0.527 
144  BAFF147    (0)   12 :  0.019 0.353 0.150 0.081 0.367 0.031 
145  BAFF410    (0)   12 :  0.021 0.813 0.011 0.047 0.039 0.069 
146  BAFF477    (0)    7 :  0.102 0.008 0.016 0.689 0.036 0.149 
147  BAFF411    (0)   12 :  0.616 0.108 0.012 0.070 0.149 0.044 
148  BAFF486    (7)    7 :  0.009 0.007 0.006 0.859 0.040 0.078 
149  BAFF412    (7)   12 :  0.077 0.727 0.107 0.043 0.020 0.027 
150  BAFF258    (0)    1 :  0.294 0.029 0.465 0.149 0.036 0.026 
151  BAFF392    (0)    2 :  0.005 0.007 0.957 0.006 0.012 0.013 
152  BAFF217    (0)    3 :  0.015 0.019 0.013 0.106 0.048 0.799 
153  BAFF016    (0)    4 :  0.005 0.028 0.012 0.108 0.192 0.654 
154  BAFF246    (0)    4 :  0.011 0.022 0.079 0.097 0.031 0.759 
155  BAFF381    (0)   13 :  0.013 0.063 0.031 0.685 0.082 0.127 
156  BAFF078    (0)    6 :  0.006 0.088 0.018 0.027 0.850 0.011 
157  BAFF481    (0)    6 :  0.041 0.066 0.083 0.507 0.102 0.202 
158  BAFF436    (0)    7 :  0.093 0.067 0.566 0.059 0.053 0.163 
159  BAFF191    (0)    8 :  0.012 0.016 0.163 0.045 0.013 0.750 
160  BAFF382    (0)    9 :  0.009 0.112 0.080 0.671 0.061 0.066 
161  BAFF178    (0)   10 :  0.009 0.048 0.800 0.016 0.009 0.116 
162  BAFF159    (7)   11 :  0.015 0.022 0.019 0.494 0.013 0.437 
163  BAFF365    (7)   11 :  0.275 0.023 0.019 0.359 0.120 0.204 
164  BAFF007    (0)   12 :  0.106 0.029 0.041 0.273 0.445 0.105 
165  BAFF304    (7)   12 :  0.016 0.139 0.015 0.160 0.647 0.024 
166  BAFF487    (0)    7 :  0.028 0.038 0.217 0.461 0.097 0.158 
167  BAFF415    (0)   12 :  0.073 0.664 0.049 0.091 0.081 0.042 
168  BAFF488    (0)    7 :  0.706 0.014 0.016 0.099 0.021 0.144 
169  BAFF417    (0)   12 :  0.019 0.491 0.050 0.110 0.303 0.027 
170  BAFF489    (0)    7 :  0.010 0.040 0.071 0.489 0.340 0.049 
171  BAFF426    (0)   12 :  0.019 0.923 0.019 0.016 0.009 0.013 
172  BAFF490    (7)    7 :  0.026 0.013 0.107 0.498 0.162 0.194 
173  BAFF491    (0)    7 :  0.060 0.010 0.255 0.519 0.084 0.072 
174  BAFF492    (0)    7 :  0.010 0.022 0.028 0.764 0.047 0.129 
175  BAFF493    (0)    7 :  0.601 0.033 0.145 0.154 0.027 0.040 
176  BAFF506    (0)    7 :  0.180 0.018 0.251 0.406 0.069 0.076 
177  BAFF393    (0)    2 :  0.020 0.010 0.014 0.229 0.663 0.064 
178  BAFF218    (0)    3 :  0.064 0.025 0.072 0.279 0.036 0.524 
179  BAFF254    (0)    4 :  0.032 0.012 0.019 0.122 0.803 0.012 
180  BAFF385    (0)   13 :  0.059 0.102 0.350 0.301 0.145 0.043 
181  BAFF076    (0)    6 :  0.011 0.012 0.945 0.010 0.011 0.010 
182  BAFF482    (0)    6 :  0.010 0.076 0.104 0.676 0.100 0.035 
183  BAFF437    (0)    7 :  0.058 0.015 0.033 0.572 0.034 0.288 
184  BAFF192    (0)    8 :  0.021 0.015 0.492 0.081 0.316 0.075 
185  BAFF383    (0)    9 :  0.899 0.014 0.022 0.036 0.015 0.014 
186  BAFF180    (0)   10 :  0.009 0.127 0.398 0.049 0.014 0.404 
187  BAFF048    (7)   12 :  0.106 0.018 0.166 0.087 0.583 0.041 
188  BAFF306    (0)   12 :  0.014 0.071 0.092 0.172 0.527 0.123 
189  BAFF394    (0)    2 :  0.052 0.024 0.070 0.090 0.177 0.588 
190  BAFF219    (0)    3 :  0.011 0.019 0.037 0.526 0.033 0.374 
191  BAFF388    (0)    4 :  0.171 0.291 0.451 0.047 0.013 0.027 
192  BAFF386    (7)   13 :  0.023 0.025 0.788 0.075 0.056 0.033 
193  BAFF084    (0)    6 :  0.012 0.008 0.012 0.122 0.819 0.026 
194  BAFF483    (0)    6 :  0.038 0.088 0.627 0.111 0.025 0.111 
195  BAFF438   (15)    7 :  0.017 0.061 0.063 0.199 0.631 0.030 
196  BAFF193    (0)    8 :  0.455 0.022 0.096 0.347 0.028 0.053 
197  BAFF183    (0)   10 :  0.174 0.139 0.035 0.254 0.097 0.301 
198  BAFF153    (0)   12 :  0.009 0.085 0.014 0.070 0.811 0.010 
199  BAFF307    (0)   12 :  0.013 0.032 0.024 0.117 0.783 0.030 
200  BAFF397    (0)    2 :  0.010 0.011 0.005 0.698 0.038 0.238 
201  BAFF220    (0)    3 :  0.009 0.009 0.944 0.016 0.014 0.008 
202  BAFF095    (0)    6 :  0.038 0.012 0.906 0.018 0.012 0.014 
203  BAFF494    (0)    6 :  0.007 0.030 0.596 0.263 0.040 0.063 
204  BAFF439    (0)    7 :  0.013 0.496 0.020 0.251 0.055 0.165 
205  BAFF182    (0)   10 :  0.023 0.200 0.624 0.025 0.088 0.040 
206  BAFF054    (0)   12 :  0.006 0.961 0.008 0.009 0.008 0.007 
207  BAFF308    (0)   12 :  0.021 0.044 0.036 0.285 0.594 0.020 
208  BAFF266    (0)    1 :  0.179 0.065 0.032 0.540 0.124 0.060 
209  BAFF398    (7)    2 :  0.023 0.006 0.932 0.027 0.006 0.006 
210  BAFF221    (0)    3 :  0.489 0.185 0.098 0.016 0.196 0.016 
211  BAFF090    (0)    6 :  0.040 0.351 0.097 0.171 0.289 0.052 
212  BAFF495    (0)    6 :  0.010 0.010 0.011 0.042 0.010 0.917 
213  BAFF459    (0)    7 :  0.009 0.013 0.014 0.239 0.038 0.687 
214  BAFF197    (0)    8 :  0.021 0.147 0.025 0.392 0.061 0.354 
215  BAFF188    (0)   10 :  0.035 0.241 0.027 0.138 0.507 0.052 
216  BAFF051    (0)   12 :  0.027 0.488 0.070 0.339 0.025 0.050 
217  BAFF309    (0)   12 :  0.016 0.016 0.133 0.700 0.064 0.071 
218  BAFF269    (0)    1 :  0.190 0.017 0.063 0.366 0.041 0.323 
219  BAFF077    (0)    6 :  0.011 0.011 0.006 0.182 0.010 0.781 
220  BAFF496    (0)    6 :  0.014 0.010 0.010 0.033 0.007 0.927 
221  BAFF443    (0)    7 :  0.123 0.156 0.058 0.534 0.071 0.059 
222  BAFF198    (0)    8 :  0.014 0.067 0.296 0.176 0.029 0.418 
223  BAFF053    (0)   12 :  0.024 0.121 0.012 0.172 0.614 0.058 
224  BAFF310    (0)   12 :  0.011 0.852 0.010 0.035 0.049 0.044 
225  BAFF282    (0)    1 :  0.877 0.014 0.042 0.021 0.018 0.028 
226  BAFF497    (0)    6 :  0.012 0.016 0.014 0.317 0.013 0.629 
227  BAFF466    (0)    7 :  0.017 0.043 0.054 0.404 0.408 0.074 
228  BAFF200    (7)    8 :  0.014 0.038 0.691 0.136 0.063 0.058 
229  BAFF240    (0)   10 :  0.013 0.010 0.064 0.061 0.825 0.027 
230  BAFF055    (0)   12 :  0.024 0.874 0.029 0.027 0.035 0.011 
231  BAFF311    (7)   12 :  0.022 0.007 0.937 0.009 0.013 0.012 


Estimated Allele Frequencies in each cluster
First column gives estimated ancestral frequencies


Locus 1 : btern01 
9 alleles
0.0% missing data
   1   (0.140) 0.123 0.044 0.148 0.141 0.160 0.180 
   2   (0.018) 0.024 0.004 0.004 0.012 0.004 0.004 
   3   (0.164) 0.077 0.110 0.120 0.219 0.182 0.219 
   4   (0.213) 0.205 0.168 0.190 0.207 0.236 0.232 
   5   (0.292) 0.420 0.340 0.193 0.335 0.352 0.199 
   6   (0.071) 0.033 0.304 0.056 0.037 0.029 0.078 
   7   (0.051) 0.080 0.021 0.231 0.021 0.020 0.015 
   8   (0.016) 0.030 0.002 0.003 0.006 0.003 0.008 
   9   (0.036) 0.008 0.007 0.054 0.024 0.013 0.066 

Locus 2 : bt28 
5 alleles
0.0% missing data
   1   (0.663) 0.760 0.719 0.585 0.669 0.717 0.703 
   2   (0.151) 0.164 0.107 0.192 0.121 0.085 0.154 
   3   (0.150) 0.055 0.167 0.216 0.165 0.189 0.083 
   4   (0.025) 0.008 0.005 0.005 0.042 0.007 0.058 
   5   (0.011) 0.014 0.002 0.002 0.003 0.002 0.002 

Locus 3 : b96 
8 alleles
0.9% missing data
   1   (0.324) 0.355 0.332 0.373 0.337 0.312 0.300 
   2   (0.492) 0.468 0.509 0.510 0.556 0.457 0.620 
   3   (0.040) 0.011 0.038 0.027 0.029 0.097 0.012 
   4   (0.017) 0.005 0.003 0.003 0.008 0.039 0.003 
   5   (0.050) 0.025 0.039 0.041 0.032 0.037 0.026 
   6   (0.025) 0.076 0.006 0.033 0.006 0.009 0.005 
   7   (0.038) 0.057 0.012 0.009 0.028 0.047 0.031 
   8   (0.013) 0.004 0.062 0.003 0.003 0.002 0.002 

Locus 4 : bt30 
12 alleles
0.9% missing data
   1   (0.114) 0.240 0.116 0.166 0.114 0.048 0.051 
   2   (0.286) 0.297 0.273 0.275 0.345 0.271 0.317 
   3   (0.074) 0.019 0.033 0.031 0.178 0.062 0.117 
   4   (0.186) 0.137 0.237 0.217 0.148 0.229 0.192 
   5   (0.014) 0.003 0.003 0.017 0.006 0.003 0.003 
   6   (0.100) 0.096 0.051 0.194 0.074 0.048 0.134 
   7   (0.034) 0.022 0.035 0.011 0.026 0.019 0.020 
   8   (0.049) 0.040 0.062 0.011 0.039 0.070 0.017 
   9   (0.104) 0.084 0.183 0.041 0.057 0.240 0.132 
  10   (0.012) 0.055 0.002 0.002 0.003 0.002 0.002 
  11   (0.016) 0.004 0.004 0.033 0.007 0.005 0.005 
  12   (0.011) 0.002 0.002 0.002 0.003 0.002 0.010 

Locus 5 : btms0081 
3 alleles
0.9% missing data
   1   (0.502) 0.594 0.315 0.606 0.545 0.499 0.455 
   2   (0.347) 0.222 0.457 0.277 0.358 0.392 0.387 
   3   (0.151) 0.184 0.228 0.117 0.096 0.109 0.158 

Locus 6 : btms0066 
24 alleles
0.0% missing data
   1   (0.272) 0.381 0.350 0.329 0.298 0.280 0.193 
   2   (0.015) 0.058 0.003 0.003 0.005 0.004 0.007 
   3   (0.032) 0.007 0.016 0.021 0.036 0.092 0.012 
   4   (0.146) 0.063 0.141 0.208 0.215 0.074 0.335 
   5   (0.105) 0.063 0.115 0.050 0.163 0.099 0.122 
   6   (0.051) 0.012 0.023 0.165 0.027 0.067 0.049 
   7   (0.021) 0.016 0.003 0.039 0.008 0.004 0.004 
   8   (0.054) 0.073 0.031 0.017 0.046 0.034 0.074 
   9   (0.018) 0.003 0.006 0.007 0.008 0.152 0.004 
  10   (0.031) 0.125 0.005 0.008 0.027 0.024 0.011 
  11   (0.021) 0.128 0.012 0.009 0.006 0.005 0.005 
  12   (0.033) 0.008 0.017 0.007 0.051 0.010 0.111 
  13   (0.023) 0.005 0.016 0.018 0.015 0.028 0.005 
  14   (0.020) 0.004 0.036 0.005 0.005 0.036 0.003 
  15   (0.018) 0.007 0.003 0.004 0.034 0.007 0.019 
  16   (0.029) 0.008 0.083 0.033 0.010 0.028 0.008 
  17   (0.022) 0.014 0.063 0.006 0.012 0.016 0.005 
  18   (0.010) 0.002 0.027 0.002 0.002 0.002 0.002 
  19   (0.014) 0.003 0.007 0.009 0.005 0.020 0.003 
  20   (0.020) 0.006 0.009 0.027 0.007 0.005 0.019 
  21   (0.015) 0.006 0.003 0.022 0.006 0.007 0.003 
  22   (0.009) 0.002 0.001 0.009 0.003 0.002 0.002 
  23   (0.011) 0.002 0.027 0.002 0.003 0.002 0.002 
  24   (0.010) 0.004 0.002 0.002 0.007 0.003 0.002 

Locus 7 : btms0083 
31 alleles
3.0% missing data
   1   (0.014) 0.188 0.003 0.003 0.003 0.003 0.002 
   2   (0.024) 0.098 0.005 0.005 0.012 0.026 0.004 
   3   (0.028) 0.006 0.008 0.063 0.013 0.061 0.008 
   4   (0.043) 0.050 0.012 0.035 0.046 0.036 0.019 
   5   (0.201) 0.225 0.258 0.333 0.206 0.218 0.157 
   6   (0.023) 0.008 0.006 0.024 0.018 0.011 0.009 
   7   (0.062) 0.029 0.162 0.022 0.080 0.097 0.043 
   8   (0.045) 0.023 0.024 0.017 0.071 0.060 0.034 
   9   (0.032) 0.007 0.007 0.056 0.031 0.016 0.041 
  10   (0.022) 0.007 0.016 0.106 0.008 0.009 0.007 
  11   (0.049) 0.016 0.010 0.021 0.077 0.170 0.123 
  12   (0.019) 0.034 0.004 0.006 0.010 0.003 0.010 
  13   (0.048) 0.011 0.072 0.021 0.047 0.056 0.094 
  14   (0.030) 0.007 0.006 0.010 0.118 0.015 0.056 
  15   (0.029) 0.022 0.006 0.025 0.018 0.011 0.048 
  16   (0.028) 0.035 0.006 0.066 0.026 0.007 0.009 
  17   (0.031) 0.069 0.006 0.013 0.013 0.007 0.174 
  18   (0.053) 0.039 0.109 0.052 0.045 0.025 0.027 
  19   (0.019) 0.011 0.096 0.004 0.011 0.005 0.004 
  20   (0.027) 0.006 0.059 0.007 0.016 0.067 0.007 
  21   (0.013) 0.029 0.002 0.003 0.003 0.002 0.002 
  22   (0.010) 0.025 0.002 0.002 0.003 0.002 0.003 
  23   (0.018) 0.019 0.003 0.004 0.012 0.004 0.010 
  24   (0.008) 0.002 0.012 0.002 0.002 0.002 0.002 
  25   (0.032) 0.007 0.008 0.066 0.042 0.022 0.010 
  26   (0.013) 0.002 0.002 0.004 0.014 0.003 0.050 
  27   (0.026) 0.005 0.053 0.010 0.015 0.021 0.027 
  28   (0.018) 0.006 0.003 0.008 0.015 0.032 0.007 
  29   (0.012) 0.005 0.002 0.005 0.013 0.003 0.005 
  30   (0.013) 0.003 0.035 0.004 0.004 0.004 0.002 
  31   (0.010) 0.004 0.002 0.002 0.006 0.002 0.005 

Locus 8 : b126 
16 alleles
0.0% missing data
   1   (0.040) 0.041 0.013 0.063 0.024 0.011 0.028 
   2   (0.044) 0.124 0.008 0.014 0.046 0.016 0.073 
   3   (0.324) 0.222 0.408 0.278 0.368 0.474 0.370 
   4   (0.030) 0.009 0.007 0.013 0.033 0.010 0.060 
   5   (0.074) 0.029 0.053 0.131 0.102 0.042 0.066 
   6   (0.067) 0.020 0.158 0.019 0.113 0.075 0.052 
   7   (0.100) 0.021 0.126 0.172 0.072 0.203 0.079 
   8   (0.029) 0.007 0.066 0.008 0.017 0.009 0.038 
   9   (0.012) 0.002 0.002 0.032 0.003 0.002 0.002 
  10   (0.041) 0.026 0.045 0.094 0.015 0.009 0.028 
  11   (0.090) 0.354 0.031 0.036 0.103 0.107 0.061 
  12   (0.029) 0.040 0.028 0.006 0.026 0.012 0.008 
  13   (0.069) 0.093 0.046 0.074 0.048 0.019 0.081 
  14   (0.020) 0.004 0.004 0.011 0.014 0.004 0.046 
  15   (0.014) 0.003 0.003 0.024 0.006 0.005 0.004 
  16   (0.016) 0.003 0.003 0.024 0.008 0.003 0.006 

Locus 9 : btms0062 
34 alleles
0.0% missing data
   1   (0.035) 0.072 0.009 0.045 0.028 0.026 0.013 
   2   (0.045) 0.095 0.013 0.041 0.032 0.020 0.156 
   3   (0.077) 0.112 0.072 0.037 0.095 0.188 0.062 
   4   (0.103) 0.057 0.180 0.207 0.134 0.095 0.068 
   5   (0.054) 0.032 0.016 0.054 0.130 0.096 0.021 
   6   (0.027) 0.009 0.006 0.010 0.021 0.033 0.030 
   7   (0.012) 0.002 0.002 0.003 0.016 0.003 0.004 
   8   (0.022) 0.008 0.005 0.006 0.055 0.007 0.035 
   9   (0.043) 0.021 0.015 0.031 0.040 0.046 0.091 
  10   (0.051) 0.047 0.055 0.066 0.065 0.013 0.051 
  11   (0.068) 0.024 0.051 0.135 0.054 0.135 0.056 
  12   (0.039) 0.010 0.037 0.076 0.019 0.019 0.168 
  13   (0.049) 0.030 0.022 0.113 0.032 0.033 0.027 
  14   (0.041) 0.012 0.240 0.012 0.042 0.027 0.036 
  15   (0.020) 0.004 0.012 0.010 0.018 0.068 0.008 
  16   (0.016) 0.003 0.015 0.003 0.005 0.041 0.003 
  17   (0.019) 0.134 0.003 0.011 0.007 0.003 0.005 
  18   (0.015) 0.003 0.003 0.027 0.004 0.003 0.007 
  19   (0.043) 0.074 0.083 0.019 0.031 0.009 0.051 
  20   (0.009) 0.028 0.001 0.002 0.002 0.001 0.001 
  21   (0.030) 0.050 0.006 0.018 0.037 0.009 0.030 
  22   (0.016) 0.095 0.004 0.003 0.009 0.005 0.004 
  23   (0.012) 0.023 0.002 0.003 0.005 0.002 0.002 
  24   (0.019) 0.005 0.007 0.005 0.035 0.004 0.022 
  25   (0.012) 0.009 0.002 0.003 0.012 0.002 0.004 
  26   (0.030) 0.016 0.064 0.026 0.028 0.020 0.020 
  27   (0.015) 0.003 0.009 0.012 0.006 0.045 0.003 
  28   (0.010) 0.002 0.004 0.002 0.003 0.018 0.002 
  29   (0.013) 0.005 0.002 0.003 0.007 0.012 0.005 
  30   (0.010) 0.002 0.026 0.002 0.002 0.002 0.002 
  31   (0.013) 0.003 0.003 0.003 0.015 0.006 0.004 
  32   (0.009) 0.002 0.001 0.007 0.003 0.004 0.002 
  33   (0.011) 0.004 0.002 0.002 0.006 0.002 0.005 
  34   (0.010) 0.002 0.024 0.002 0.003 0.003 0.003 

Locus 10 : btern02 
25 alleles
4.8% missing data
   1   (0.097) 0.129 0.072 0.087 0.072 0.167 0.167 
   2   (0.011) 0.015 0.002 0.002 0.003 0.002 0.002 
   3   (0.080) 0.028 0.024 0.123 0.130 0.092 0.108 
   4   (0.051) 0.016 0.086 0.139 0.036 0.011 0.057 
   5   (0.027) 0.015 0.006 0.019 0.035 0.030 0.008 
   6   (0.049) 0.022 0.020 0.037 0.077 0.100 0.028 
   7   (0.028) 0.006 0.125 0.031 0.019 0.007 0.012 
   8   (0.034) 0.089 0.007 0.014 0.032 0.037 0.020 
   9   (0.074) 0.101 0.068 0.110 0.053 0.126 0.026 
  10   (0.031) 0.007 0.006 0.012 0.085 0.009 0.075 
  11   (0.063) 0.023 0.077 0.026 0.078 0.068 0.087 
  12   (0.036) 0.117 0.008 0.011 0.023 0.023 0.051 
  13   (0.046) 0.048 0.046 0.068 0.037 0.009 0.045 
  14   (0.051) 0.143 0.120 0.038 0.025 0.014 0.049 
  15   (0.011) 0.002 0.002 0.002 0.002 0.069 0.002 
  16   (0.046) 0.049 0.045 0.016 0.066 0.017 0.043 
  17   (0.027) 0.007 0.054 0.019 0.032 0.012 0.019 
  18   (0.045) 0.012 0.153 0.022 0.039 0.018 0.088 
  19   (0.037) 0.008 0.012 0.086 0.031 0.078 0.017 
  20   (0.041) 0.053 0.009 0.064 0.050 0.009 0.034 
  21   (0.025) 0.051 0.009 0.006 0.023 0.010 0.011 
  22   (0.013) 0.019 0.006 0.003 0.005 0.003 0.004 
  23   (0.033) 0.031 0.006 0.034 0.020 0.017 0.035 
  24   (0.030) 0.007 0.034 0.018 0.020 0.071 0.007 
  25   (0.012) 0.003 0.004 0.013 0.006 0.002 0.006 

Locus 11 : btms0086 
3 alleles
0.0% missing data
   1   (0.834) 0.786 0.921 0.785 0.826 0.938 0.853 
   2   (0.143) 0.183 0.067 0.210 0.163 0.043 0.143 
   3   (0.023) 0.031 0.012 0.004 0.011 0.018 0.004 

Locus 12 : bl13 
3 alleles
0.0% missing data
   1   (0.075) 0.190 0.277 0.041 0.040 0.024 0.028 
   2   (0.828) 0.790 0.664 0.847 0.884 0.784 0.885 
   3   (0.097) 0.020 0.059 0.112 0.076 0.192 0.088 

Locus 13 : btms0059 
9 alleles
0.0% missing data
   1   (0.344) 0.385 0.317 0.353 0.359 0.486 0.251 
   2   (0.104) 0.121 0.020 0.043 0.127 0.121 0.279 
   3   (0.062) 0.108 0.098 0.038 0.026 0.060 0.026 
   4   (0.054) 0.046 0.020 0.091 0.042 0.019 0.026 
   5   (0.079) 0.034 0.047 0.038 0.133 0.069 0.071 
   6   (0.308) 0.291 0.488 0.419 0.272 0.223 0.300 
   7   (0.015) 0.003 0.003 0.003 0.010 0.004 0.035 
   8   (0.023) 0.006 0.004 0.013 0.026 0.015 0.008 
   9   (0.011) 0.004 0.003 0.002 0.005 0.003 0.005 

Values of parameters used in structure:
DATAFILE=/Users/johnmola/Desktop/rpbbfeb27/rpbbstructure/project_data,	OUTFILE=/Users/johnmola/Desktop/rpbbfeb27/rpbbstructure/rpbb20k100k/Results/rpbb20k100k_run_60,	NUMINDS=231,	NUMLOCI=13,	MISSING=-9,	LABEL=1,	POPDATA=1,	POPFLAG=0,	PHENOTYPE=0,	EXTRACOLS=0,	MAXPOPS=6,	BURNIN=20000,	NUMREPS=100000,	USEPOPINFO=0,	INFERALPHA=1,	INFERLAMBDA=0,	POPSPECIFICLAMBDA=0,	POPALPHAS=0,	COMPUTEPROB=1,	NOADMIX=0,	ADMBURNIN=2500,	UPDATEFREQ=1,	PRINTLIKES=0,	INTERMEDSAVE=0,	PRINTKLD=0,	PRINTNET=0,	PRINTLAMBDA=0,	ANCESTDIST=0,	NUMBOXES=1000,	ANCESTPINT=0.90000,	GENSBACK=2,	MIGRPRIOR=0.05000,	PRINTQHAT=0,	PRINTQSUM=0,	ALPHA=1.0000,	FREQSCORR=1,	FPRIORMEAN=0.0100,	FPRIORSD=0.0500,	ONEFST=0,	LAMBDA=1.0000,	UNIFPRIORALPHA=1,	ALPHAMAX=10.0000,	ALPHAPRIORA=1.0000,	ALPHAPRIORB=2.0000,	ALPHAPROPSD=0.0250,	STARTATPOPINFO=0,	RANDOMIZE=1,	LINKAGE=0,	METROFREQ=10,	REPORTHITRATE=0,	MARKOVPHASE=-1,	PHASED=0,	PLOIDY=2,	PHASEINFO=0	LOCPRIOR=0, 	LOCPRIORINIT=1.000000, 	LOCDATA=0, 	LOCISPOP=0, 	LOCPRIORSTEP=0.100000, 	MAXLOCPRIOR=20.000000, 	SEED=1677520730,	
[STRAT parameters]:    NUMSIMSTATS=1000,	PHENOTYPECOL=-9,	POOLFREQ=10,	LOCUSxONLY=0,	EMERROR=0.00100,	MISSINGPHENO=-9,	