

----------------------------------------------------
STRUCTURE by Pritchard, Stephens and Donnelly (2000)
     and Falush, Stephens and Pritchard (2003)
       Code by Pritchard, Falush and Hubisz
             Version 2.3.4 (Jul 2012)
----------------------------------------------------



Command line arguments:   bin/structure -m "/Users/johnmola/Desktop/rpbbfeb27/rpbbstructure/rpbb20k100k/mainparams" -e "/Users/johnmola/Desktop/rpbbfeb27/rpbbstructure/rpbb20k100k/extraparams" 
Input File:    /Users/johnmola/Desktop/rpbbfeb27/rpbbstructure/project_data

Run parameters:
   231 individuals
   13 loci
   7 populations assumed
   20000 Burn-in period
   100000 Reps


--------------------------------------------
Proportion of membership of each pre-defined
 population in each of the 7 clusters

Given    Inferred Clusters                                   Number of
 Pop       1      2      3      4      5      6      7      Individuals

  1:     0.015  0.054  0.796  0.019  0.043  0.042  0.032       21
  2:     0.018  0.241  0.020  0.181  0.117  0.315  0.107        7
  3:     0.031  0.237  0.085  0.069  0.084  0.212  0.282        7
  4:     0.072  0.184  0.052  0.141  0.173  0.073  0.304        8
  5:     0.027  0.233  0.061  0.025  0.358  0.090  0.206        4
  6:     0.108  0.212  0.037  0.105  0.071  0.250  0.216       35
  7:     0.041  0.347  0.075  0.064  0.128  0.184  0.161       40
  8:     0.104  0.168  0.055  0.083  0.122  0.198  0.271       19
  9:     0.033  0.254  0.250  0.038  0.076  0.041  0.307        4
 10:     0.238  0.059  0.029  0.145  0.156  0.226  0.146       11
 11:     0.015  0.108  0.137  0.593  0.077  0.020  0.050        8
 12:     0.321  0.097  0.044  0.085  0.324  0.090  0.039       60
 13:     0.028  0.258  0.049  0.040  0.084  0.156  0.386        7
--------------------------------------------

Allele-freq. divergence among pops (Net nucleotide distance),
computed using point estimates of P.

      1       2       3       4       5       6       7      
 1      -    0.0320  0.0407  0.0449  0.0308  0.0384  0.0380  
 2   0.0320     -    0.0266  0.0258  0.0189  0.0202  0.0162  
 3   0.0407  0.0266     -    0.0448  0.0301  0.0336  0.0370  
 4   0.0449  0.0258  0.0448     -    0.0302  0.0372  0.0316  
 5   0.0308  0.0189  0.0301  0.0302     -    0.0318  0.0276  
 6   0.0384  0.0202  0.0336  0.0372  0.0318     -    0.0293  
 7   0.0380  0.0162  0.0370  0.0316  0.0276  0.0293     -    

Average distances (expected heterozygosity) between individuals in same cluster:
cluster  1  : 0.6752 
cluster  2  : 0.6794 
cluster  3  : 0.6863 
cluster  4  : 0.6537 
cluster  5  : 0.6753 
cluster  6  : 0.6852 
cluster  7  : 0.6763 

--------------------------------------------
Estimated Ln Prob of Data   = -9969.9
Mean value of ln likelihood = -9405.5
Variance of ln likelihood   = 1128.7
Mean value of alpha         = 0.0556

Mean value of Fst_1         = 0.0942
Mean value of Fst_2         = 0.0508
Mean value of Fst_3         = 0.0797
Mean value of Fst_4         = 0.1339
Mean value of Fst_5         = 0.0535
Mean value of Fst_6         = 0.0741
Mean value of Fst_7         = 0.0761


Inferred ancestry of individuals:
        Label (%Miss) Pop:  Inferred clusters
  1  BAFF014    (0)    1 :  0.006 0.016 0.929 0.010 0.012 0.011 0.017 
  2  BAFF379    (0)    2 :  0.014 0.457 0.017 0.126 0.242 0.062 0.082 
  3  BAFF212    (0)    3 :  0.057 0.554 0.024 0.029 0.032 0.249 0.054 
  4  BAFF018    (0)    4 :  0.018 0.414 0.009 0.195 0.329 0.024 0.011 
  5  BAFF247    (0)    4 :  0.013 0.503 0.008 0.021 0.395 0.044 0.016 
  6  BAFF024    (0)    5 :  0.051 0.049 0.022 0.044 0.033 0.232 0.569 
  7  BAFF088    (0)    6 :  0.042 0.073 0.011 0.041 0.039 0.768 0.027 
  8  BAFF429    (0)    6 :  0.012 0.131 0.019 0.044 0.138 0.134 0.522 
  9  BAFF087    (7)    7 :  0.007 0.009 0.009 0.006 0.006 0.957 0.007 
 10  BAFF225    (0)    7 :  0.019 0.314 0.034 0.014 0.024 0.377 0.218 
 11  BAFF195    (0)    8 :  0.012 0.098 0.048 0.554 0.101 0.088 0.097 
 12  BAFF238    (0)    9 :  0.043 0.135 0.106 0.027 0.051 0.036 0.602 
 13  BAFF019    (0)   10 :  0.826 0.019 0.023 0.032 0.021 0.061 0.018 
 14  BAFF175    (0)   10 :  0.075 0.089 0.014 0.043 0.357 0.177 0.245 
 15  BAFF156    (0)   11 :  0.007 0.007 0.005 0.961 0.008 0.006 0.005 
 16  BAFF301    (0)   11 :  0.022 0.025 0.857 0.013 0.018 0.020 0.044 
 17  BAFF141    (0)   12 :  0.007 0.133 0.168 0.016 0.661 0.009 0.007 
 18  BAFF302    (0)   12 :  0.066 0.386 0.033 0.082 0.053 0.032 0.348 
 19  BAFF290    (0)    1 :  0.012 0.037 0.829 0.008 0.068 0.020 0.026 
 20  BAFF498    (0)    6 :  0.065 0.415 0.215 0.108 0.027 0.072 0.098 
 21  BAFF455    (0)    7 :  0.030 0.036 0.024 0.033 0.043 0.754 0.080 
 22  BAFF203    (7)    8 :  0.011 0.040 0.009 0.012 0.036 0.868 0.024 
 23  BAFF056    (0)   12 :  0.812 0.118 0.019 0.006 0.017 0.009 0.018 
 24  BAFF327    (0)   12 :  0.163 0.028 0.066 0.043 0.651 0.031 0.019 
 25  BAFF255    (0)    1 :  0.007 0.015 0.942 0.006 0.012 0.008 0.010 
 26  BAFF256    (0)    1 :  0.012 0.008 0.949 0.006 0.007 0.010 0.008 
 27  BAFF257    (0)    1 :  0.006 0.007 0.962 0.005 0.007 0.008 0.007 
 28  BAFF260    (0)    1 :  0.007 0.009 0.943 0.005 0.007 0.016 0.012 
 29  BAFF259    (0)    1 :  0.016 0.008 0.941 0.009 0.009 0.008 0.009 
 30  BAFF261    (0)    1 :  0.009 0.014 0.941 0.008 0.011 0.010 0.008 
 31  BAFF274    (0)    1 :  0.015 0.047 0.848 0.016 0.021 0.033 0.021 
 32  BAFF262    (0)    1 :  0.008 0.009 0.910 0.010 0.022 0.031 0.010 
 33  BAFF294    (0)    1 :  0.008 0.008 0.926 0.007 0.009 0.033 0.009 
 34  BAFF292    (0)    1 :  0.010 0.022 0.797 0.015 0.020 0.009 0.127 
 35  BAFF296    (0)    1 :  0.014 0.031 0.833 0.015 0.013 0.008 0.085 
 36  BAFF295    (0)    1 :  0.013 0.019 0.867 0.010 0.045 0.021 0.025 
 37  BAFF298    (0)    1 :  0.018 0.023 0.896 0.014 0.017 0.013 0.019 
 38  BAFF299    (0)    1 :  0.031 0.006 0.926 0.010 0.006 0.013 0.007 
 39  BAFF375    (0)   13 :  0.010 0.073 0.024 0.008 0.010 0.014 0.861 
 40  BAFF376    (0)   13 :  0.028 0.076 0.020 0.011 0.018 0.049 0.799 
 41  BAFF377    (0)   13 :  0.009 0.070 0.023 0.009 0.009 0.009 0.871 
 42  BAFF022    (0)    5 :  0.012 0.081 0.151 0.030 0.546 0.032 0.148 
 43  BAFF021    (0)    5 :  0.015 0.023 0.046 0.011 0.815 0.033 0.057 
 44  BAFF499    (0)    6 :  0.805 0.032 0.009 0.035 0.046 0.015 0.059 
 45  BAFF204    (0)    8 :  0.046 0.746 0.009 0.018 0.082 0.022 0.077 
 46  BAFF068    (0)   12 :  0.829 0.038 0.075 0.015 0.025 0.008 0.010 
 47  BAFF336    (0)   12 :  0.548 0.094 0.016 0.235 0.059 0.034 0.015 
 48  BAFF447    (0)    7 :  0.012 0.789 0.009 0.027 0.046 0.025 0.092 
 49  BAFF457    (0)    7 :  0.010 0.605 0.033 0.043 0.066 0.013 0.230 
 50  BAFF448    (0)    7 :  0.007 0.436 0.070 0.032 0.048 0.374 0.032 
 51  BAFF465    (0)    7 :  0.011 0.047 0.016 0.016 0.020 0.873 0.017 
 52  BAFF194    (0)    8 :  0.014 0.122 0.034 0.075 0.040 0.053 0.662 
 53  BAFF199    (0)    8 :  0.022 0.483 0.020 0.177 0.172 0.018 0.109 
 54  BAFF500    (0)    6 :  0.083 0.430 0.233 0.011 0.014 0.108 0.122 
 55  BAFF206    (0)    8 :  0.059 0.033 0.057 0.016 0.630 0.092 0.112 
 56  BAFF069    (0)   12 :  0.912 0.012 0.009 0.023 0.015 0.013 0.016 
 57  BAFF330    (0)   12 :  0.036 0.094 0.020 0.153 0.060 0.617 0.021 
 58  BAFF239    (0)   10 :  0.509 0.016 0.024 0.189 0.223 0.023 0.016 
 59  BAFF241    (0)   10 :  0.714 0.014 0.036 0.160 0.045 0.013 0.019 
 60  BAFF157    (0)   11 :  0.006 0.007 0.005 0.961 0.007 0.006 0.008 
 61  BAFF161    (0)   11 :  0.006 0.006 0.005 0.965 0.005 0.006 0.006 
 62  BAFF160    (0)   11 :  0.006 0.007 0.005 0.959 0.007 0.009 0.007 
 63  BAFF008    (0)   12 :  0.156 0.155 0.037 0.018 0.046 0.566 0.022 
 64  BAFF013    (0)   12 :  0.013 0.024 0.012 0.028 0.082 0.814 0.027 
 65  BAFF407    (0)   12 :  0.914 0.014 0.010 0.018 0.018 0.013 0.012 
 66  BAFF503    (0)    6 :  0.832 0.016 0.006 0.033 0.013 0.077 0.023 
 67  BAFF449    (0)    7 :  0.026 0.017 0.011 0.013 0.589 0.328 0.016 
 68  BAFF207    (0)    8 :  0.679 0.033 0.013 0.007 0.028 0.053 0.187 
 69  BAFF070    (0)   12 :  0.910 0.015 0.010 0.009 0.028 0.014 0.014 
 70  BAFF335    (0)   12 :  0.026 0.018 0.011 0.016 0.907 0.013 0.010 
 71  BAFF507    (0)    6 :  0.009 0.096 0.051 0.114 0.015 0.015 0.700 
 72  BAFF450    (0)    7 :  0.043 0.221 0.202 0.211 0.044 0.032 0.249 
 73  BAFF209    (7)    8 :  0.027 0.032 0.034 0.067 0.163 0.217 0.460 
 74  BAFF072    (0)   12 :  0.037 0.045 0.011 0.365 0.502 0.028 0.013 
 75  BAFF339    (0)   12 :  0.426 0.209 0.014 0.019 0.093 0.014 0.225 
 76  BAFF508    (0)    6 :  0.016 0.238 0.059 0.617 0.037 0.013 0.020 
 77  BAFF451    (0)    7 :  0.030 0.418 0.012 0.016 0.208 0.078 0.236 
 78  BAFF210    (0)    8 :  0.452 0.138 0.084 0.010 0.017 0.099 0.200 
 79  BAFF139    (0)   12 :  0.015 0.326 0.068 0.065 0.273 0.040 0.213 
 80  BAFF341    (0)   12 :  0.027 0.502 0.021 0.170 0.123 0.061 0.096 
 81  BAFF509    (0)    6 :  0.041 0.032 0.063 0.009 0.103 0.668 0.084 
 82  BAFF453    (0)    7 :  0.118 0.057 0.011 0.016 0.076 0.075 0.647 
 83  BAFF389    (0)    8 :  0.007 0.012 0.032 0.183 0.017 0.016 0.732 
 84  BAFF163    (0)   12 :  0.948 0.006 0.004 0.012 0.007 0.011 0.012 
 85  BAFF344    (7)   12 :  0.217 0.032 0.010 0.046 0.606 0.031 0.057 
 86  BAFF510    (0)    6 :  0.041 0.126 0.014 0.171 0.066 0.315 0.267 
 87  BAFF456    (0)    7 :  0.044 0.389 0.022 0.020 0.105 0.014 0.406 
 88  BAFF390    (0)    8 :  0.006 0.008 0.006 0.008 0.006 0.007 0.958 
 89  BAFF142    (0)   12 :  0.058 0.094 0.336 0.063 0.427 0.012 0.011 
 90  BAFF363    (7)   12 :  0.910 0.010 0.007 0.033 0.019 0.012 0.008 
 91  BAFF517    (0)    6 :  0.033 0.177 0.008 0.067 0.149 0.024 0.542 
 92  BAFF458    (0)    7 :  0.034 0.688 0.051 0.031 0.037 0.108 0.050 
 93  BAFF391    (0)    8 :  0.305 0.241 0.242 0.018 0.145 0.028 0.021 
 94  BAFF149    (0)   12 :  0.034 0.052 0.014 0.032 0.825 0.011 0.031 
 95  BAFF366    (7)   12 :  0.017 0.038 0.009 0.025 0.859 0.007 0.045 
 96  BAFF512    (0)    6 :  0.035 0.606 0.142 0.024 0.021 0.111 0.060 
 97  BAFF460    (0)    7 :  0.015 0.284 0.018 0.020 0.618 0.011 0.034 
 98  BAFF138    (0)   12 :  0.020 0.016 0.021 0.024 0.898 0.008 0.013 
 99  BAFF374    (0)   12 :  0.323 0.012 0.039 0.051 0.021 0.528 0.026 
100  BAFF015    (0)    1 :  0.012 0.011 0.932 0.010 0.014 0.011 0.011 
101  BAFF380    (0)    2 :  0.051 0.109 0.017 0.540 0.046 0.176 0.061 
102  BAFF216    (0)    3 :  0.028 0.287 0.042 0.022 0.027 0.125 0.469 
103  BAFF017    (0)    4 :  0.022 0.069 0.015 0.038 0.005 0.008 0.843 
104  BAFF245    (0)    4 :  0.036 0.096 0.149 0.013 0.467 0.123 0.116 
105  BAFF378    (7)   13 :  0.012 0.658 0.209 0.022 0.029 0.019 0.052 
106  BAFF023    (0)    5 :  0.031 0.778 0.025 0.014 0.040 0.063 0.049 
107  BAFF079    (0)    6 :  0.049 0.073 0.044 0.039 0.187 0.139 0.468 
108  BAFF435    (0)    6 :  0.025 0.842 0.009 0.045 0.030 0.025 0.024 
109  BAFF174    (7)    7 :  0.039 0.032 0.008 0.020 0.028 0.050 0.823 
110  BAFF226    (0)    7 :  0.008 0.714 0.015 0.035 0.123 0.010 0.094 
111  BAFF190    (0)    8 :  0.084 0.070 0.018 0.055 0.111 0.643 0.019 
112  BAFF243    (0)    9 :  0.006 0.135 0.061 0.072 0.111 0.023 0.591 
113  BAFF177    (0)   10 :  0.009 0.025 0.032 0.027 0.086 0.627 0.195 
114  BAFF364    (7)   11 :  0.020 0.171 0.013 0.677 0.017 0.081 0.022 
115  BAFF305    (0)   12 :  0.029 0.023 0.026 0.019 0.856 0.014 0.033 
116  BAFF513    (0)    6 :  0.020 0.114 0.060 0.026 0.022 0.665 0.094 
117  BAFF462    (0)    7 :  0.093 0.144 0.464 0.064 0.017 0.198 0.019 
118  BAFF143    (0)   12 :  0.066 0.066 0.008 0.048 0.709 0.046 0.056 
119  BAFF403    (0)   12 :  0.947 0.008 0.008 0.010 0.008 0.009 0.009 
120  BAFF514    (0)    6 :  0.301 0.049 0.009 0.021 0.030 0.556 0.033 
121  BAFF463    (0)    7 :  0.005 0.007 0.006 0.008 0.006 0.961 0.007 
122  BAFF137    (0)   12 :  0.009 0.015 0.011 0.011 0.833 0.110 0.011 
123  BAFF404    (0)   12 :  0.923 0.012 0.015 0.022 0.010 0.009 0.009 
124  BAFF515    (0)    6 :  0.034 0.214 0.028 0.052 0.148 0.376 0.148 
125  BAFF144    (0)   12 :  0.090 0.175 0.014 0.403 0.080 0.209 0.029 
126  BAFF405    (7)   12 :  0.034 0.093 0.039 0.260 0.501 0.059 0.014 
127  BAFF518    (0)    6 :  0.551 0.105 0.013 0.026 0.266 0.012 0.027 
128  BAFF467    (0)    7 :  0.037 0.476 0.023 0.025 0.045 0.118 0.275 
129  BAFF145    (0)   12 :  0.012 0.093 0.073 0.441 0.337 0.022 0.023 
130  BAFF406    (0)   12 :  0.327 0.029 0.008 0.508 0.052 0.047 0.029 
131  BAFF519    (0)    6 :  0.015 0.268 0.015 0.019 0.079 0.059 0.545 
132  BAFF471    (0)    7 :  0.031 0.225 0.099 0.054 0.331 0.174 0.086 
133  BAFF136    (0)   12 :  0.723 0.009 0.006 0.011 0.156 0.047 0.048 
134  BAFF520    (7)    6 :  0.079 0.557 0.033 0.035 0.041 0.102 0.154 
135  BAFF472    (0)    7 :  0.033 0.283 0.033 0.215 0.055 0.297 0.084 
136  BAFF165    (0)   12 :  0.052 0.050 0.052 0.010 0.792 0.020 0.024 
137  BAFF408    (0)   12 :  0.085 0.051 0.039 0.122 0.663 0.019 0.021 
138  BAFF522    (0)    6 :  0.035 0.022 0.028 0.022 0.053 0.806 0.034 
139  BAFF475    (0)    7 :  0.053 0.173 0.010 0.052 0.075 0.060 0.576 
140  BAFF140    (0)   12 :  0.037 0.037 0.022 0.090 0.478 0.248 0.088 
141  BAFF409    (0)   12 :  0.784 0.014 0.100 0.013 0.014 0.061 0.014 
142  BAFF523    (0)    6 :  0.009 0.151 0.015 0.108 0.015 0.668 0.034 
143  BAFF476    (0)    7 :  0.036 0.241 0.010 0.259 0.059 0.014 0.382 
144  BAFF147    (0)   12 :  0.165 0.020 0.016 0.020 0.707 0.049 0.023 
145  BAFF410    (0)   12 :  0.655 0.026 0.019 0.019 0.197 0.009 0.074 
146  BAFF477    (0)    7 :  0.007 0.583 0.086 0.018 0.216 0.015 0.075 
147  BAFF411    (0)   12 :  0.085 0.110 0.617 0.073 0.063 0.013 0.039 
148  BAFF486    (7)    7 :  0.007 0.945 0.008 0.013 0.012 0.005 0.011 
149  BAFF412    (7)   12 :  0.765 0.025 0.051 0.023 0.024 0.089 0.023 
150  BAFF258    (0)    1 :  0.025 0.143 0.236 0.058 0.020 0.498 0.021 
151  BAFF392    (0)    2 :  0.007 0.006 0.005 0.013 0.008 0.945 0.016 
152  BAFF217    (0)    3 :  0.018 0.149 0.012 0.032 0.083 0.013 0.693 
153  BAFF016    (0)    4 :  0.032 0.011 0.006 0.221 0.049 0.011 0.670 
154  BAFF246    (0)    4 :  0.024 0.059 0.010 0.086 0.020 0.061 0.740 
155  BAFF381    (0)   13 :  0.038 0.462 0.012 0.014 0.394 0.024 0.056 
156  BAFF078    (0)    6 :  0.057 0.037 0.007 0.499 0.360 0.027 0.012 
157  BAFF481    (0)    6 :  0.041 0.611 0.028 0.025 0.166 0.048 0.082 
158  BAFF436    (0)    7 :  0.050 0.059 0.102 0.072 0.054 0.445 0.217 
159  BAFF191    (0)    8 :  0.025 0.043 0.012 0.015 0.048 0.130 0.728 
160  BAFF382    (0)    9 :  0.071 0.722 0.009 0.045 0.049 0.078 0.027 
161  BAFF178    (0)   10 :  0.070 0.016 0.011 0.011 0.024 0.643 0.226 
162  BAFF159    (7)   11 :  0.030 0.503 0.014 0.157 0.025 0.019 0.253 
163  BAFF365    (7)   11 :  0.019 0.139 0.193 0.052 0.527 0.016 0.054 
164  BAFF007    (0)   12 :  0.032 0.338 0.094 0.192 0.209 0.051 0.085 
165  BAFF304    (7)   12 :  0.096 0.106 0.013 0.158 0.597 0.013 0.016 
166  BAFF487    (0)    7 :  0.037 0.607 0.026 0.105 0.014 0.138 0.072 
167  BAFF415    (0)   12 :  0.512 0.045 0.082 0.026 0.275 0.035 0.025 
168  BAFF488    (0)    7 :  0.015 0.101 0.663 0.021 0.090 0.015 0.095 
169  BAFF417    (0)   12 :  0.396 0.094 0.018 0.026 0.408 0.038 0.021 
170  BAFF489    (0)    7 :  0.036 0.478 0.009 0.088 0.283 0.070 0.036 
171  BAFF426    (0)   12 :  0.905 0.017 0.018 0.009 0.017 0.021 0.012 
172  BAFF490    (7)    7 :  0.012 0.541 0.023 0.212 0.021 0.070 0.121 
173  BAFF491    (0)    7 :  0.009 0.602 0.045 0.076 0.032 0.199 0.036 
174  BAFF492    (0)    7 :  0.018 0.873 0.009 0.023 0.020 0.022 0.035 
175  BAFF493    (0)    7 :  0.040 0.183 0.543 0.026 0.031 0.145 0.032 
176  BAFF506    (0)    7 :  0.021 0.588 0.148 0.062 0.015 0.117 0.050 
177  BAFF393    (0)    2 :  0.011 0.425 0.027 0.400 0.078 0.016 0.043 
178  BAFF218    (0)    3 :  0.024 0.307 0.054 0.021 0.098 0.076 0.420 
179  BAFF254    (0)    4 :  0.013 0.270 0.042 0.535 0.105 0.023 0.011 
180  BAFF385    (0)   13 :  0.078 0.377 0.037 0.153 0.049 0.277 0.029 
181  BAFF076    (0)    6 :  0.012 0.011 0.010 0.014 0.009 0.935 0.009 
182  BAFF482    (0)    6 :  0.064 0.730 0.009 0.020 0.082 0.071 0.024 
183  BAFF437    (0)    7 :  0.012 0.101 0.022 0.007 0.805 0.029 0.024 
184  BAFF192    (0)    8 :  0.017 0.074 0.019 0.223 0.069 0.480 0.118 
185  BAFF383    (0)    9 :  0.012 0.026 0.825 0.009 0.091 0.027 0.009 
186  BAFF180    (0)   10 :  0.128 0.052 0.009 0.016 0.014 0.275 0.506 
187  BAFF048    (7)   12 :  0.014 0.058 0.065 0.705 0.030 0.064 0.065 
188  BAFF306    (0)   12 :  0.033 0.149 0.012 0.027 0.647 0.055 0.077 
189  BAFF394    (0)    2 :  0.024 0.056 0.049 0.160 0.142 0.061 0.507 
190  BAFF219    (0)    3 :  0.013 0.338 0.009 0.019 0.277 0.026 0.319 
191  BAFF388    (0)    4 :  0.421 0.052 0.176 0.018 0.015 0.290 0.028 
192  BAFF386    (7)   13 :  0.020 0.087 0.021 0.064 0.077 0.700 0.032 
193  BAFF084    (0)    6 :  0.010 0.211 0.011 0.718 0.017 0.010 0.023 
194  BAFF483    (0)    6 :  0.154 0.111 0.036 0.016 0.177 0.368 0.138 
195  BAFF438   (15)    7 :  0.048 0.249 0.019 0.227 0.354 0.069 0.034 
196  BAFF193    (0)    8 :  0.020 0.453 0.359 0.025 0.025 0.083 0.034 
197  BAFF183    (0)   10 :  0.084 0.236 0.111 0.215 0.052 0.025 0.278 
198  BAFF153    (0)   12 :  0.014 0.011 0.008 0.021 0.926 0.012 0.008 
199  BAFF307    (0)   12 :  0.027 0.222 0.014 0.146 0.541 0.026 0.024 
200  BAFF397    (0)    2 :  0.011 0.618 0.010 0.022 0.299 0.005 0.036 
201  BAFF220    (0)    3 :  0.010 0.015 0.008 0.050 0.008 0.902 0.008 
202  BAFF095    (0)    6 :  0.015 0.016 0.043 0.010 0.016 0.883 0.017 
203  BAFF494    (0)    6 :  0.028 0.289 0.006 0.035 0.014 0.578 0.050 
204  BAFF439    (0)    7 :  0.425 0.189 0.011 0.019 0.229 0.013 0.114 
205  BAFF182    (0)   10 :  0.142 0.024 0.032 0.118 0.075 0.552 0.056 
206  BAFF054    (0)   12 :  0.937 0.010 0.007 0.009 0.021 0.008 0.007 
207  BAFF308    (0)   12 :  0.015 0.096 0.018 0.025 0.815 0.021 0.011 
208  BAFF266    (0)    1 :  0.053 0.547 0.152 0.138 0.038 0.029 0.042 
209  BAFF398    (7)    2 :  0.006 0.018 0.015 0.006 0.006 0.942 0.006 
210  BAFF221    (0)    3 :  0.070 0.009 0.443 0.313 0.060 0.092 0.013 
211  BAFF090    (0)    6 :  0.218 0.164 0.022 0.432 0.062 0.068 0.035 
212  BAFF495    (0)    6 :  0.010 0.062 0.008 0.011 0.009 0.010 0.890 
213  BAFF459    (0)    7 :  0.015 0.098 0.008 0.090 0.048 0.015 0.726 
214  BAFF197    (0)    8 :  0.072 0.173 0.016 0.016 0.549 0.021 0.154 
215  BAFF188    (0)   10 :  0.049 0.037 0.017 0.090 0.765 0.018 0.025 
216  BAFF051    (0)   12 :  0.375 0.434 0.025 0.020 0.055 0.053 0.038 
217  BAFF309    (0)   12 :  0.014 0.827 0.011 0.020 0.041 0.063 0.023 
218  BAFF269    (0)    1 :  0.011 0.138 0.115 0.018 0.515 0.038 0.165 
219  BAFF077    (0)    6 :  0.013 0.078 0.012 0.218 0.008 0.006 0.666 
220  BAFF496    (0)    6 :  0.010 0.100 0.014 0.006 0.009 0.010 0.851 
221  BAFF443    (0)    7 :  0.098 0.540 0.090 0.028 0.143 0.047 0.054 
222  BAFF198    (0)    8 :  0.075 0.147 0.011 0.046 0.031 0.286 0.404 
223  BAFF053    (0)   12 :  0.039 0.029 0.022 0.022 0.849 0.010 0.029 
224  BAFF310    (0)   12 :  0.868 0.033 0.008 0.017 0.050 0.009 0.014 
225  BAFF282    (0)    1 :  0.016 0.017 0.836 0.021 0.028 0.051 0.032 
226  BAFF497    (0)    6 :  0.016 0.225 0.012 0.019 0.027 0.015 0.686 
227  BAFF466    (0)    7 :  0.038 0.531 0.016 0.232 0.065 0.052 0.066 
228  BAFF200    (7)    8 :  0.045 0.241 0.013 0.052 0.048 0.548 0.053 
229  BAFF240    (0)   10 :  0.010 0.123 0.014 0.699 0.054 0.072 0.028 
230  BAFF055    (0)   12 :  0.749 0.019 0.025 0.013 0.155 0.027 0.012 
231  BAFF311    (7)   12 :  0.007 0.010 0.026 0.013 0.036 0.889 0.019 


Estimated Allele Frequencies in each cluster
First column gives estimated ancestral frequencies


Locus 1 : btern01 
9 alleles
0.0% missing data
   1   (0.141) 0.037 0.136 0.116 0.146 0.165 0.141 0.193 
   2   (0.018) 0.004 0.013 0.025 0.004 0.004 0.004 0.004 
   3   (0.165) 0.093 0.212 0.075 0.158 0.205 0.129 0.215 
   4   (0.215) 0.180 0.228 0.208 0.232 0.191 0.185 0.227 
   5   (0.289) 0.328 0.339 0.423 0.373 0.344 0.162 0.175 
   6   (0.070) 0.329 0.026 0.033 0.031 0.055 0.045 0.088 
   7   (0.050) 0.020 0.017 0.082 0.037 0.018 0.272 0.014 
   8   (0.017) 0.002 0.005 0.031 0.003 0.008 0.003 0.007 
   9   (0.035) 0.006 0.024 0.007 0.016 0.009 0.059 0.078 

Locus 2 : bt28 
5 alleles
0.0% missing data
   1   (0.663) 0.720 0.665 0.770 0.641 0.738 0.583 0.697 
   2   (0.152) 0.103 0.119 0.162 0.060 0.152 0.171 0.167 
   3   (0.145) 0.170 0.174 0.047 0.257 0.096 0.239 0.082 
   4   (0.028) 0.005 0.039 0.008 0.040 0.012 0.005 0.053 
   5   (0.011) 0.002 0.002 0.014 0.002 0.003 0.002 0.002 

Locus 3 : b96 
8 alleles
0.9% missing data
   1   (0.333) 0.323 0.307 0.353 0.218 0.463 0.349 0.289 
   2   (0.477) 0.521 0.597 0.459 0.592 0.335 0.527 0.636 
   3   (0.046) 0.040 0.040 0.012 0.076 0.054 0.028 0.014 
   4   (0.016) 0.003 0.007 0.004 0.073 0.003 0.003 0.003 
   5   (0.051) 0.030 0.028 0.026 0.016 0.056 0.045 0.025 
   6   (0.027) 0.005 0.006 0.082 0.006 0.013 0.037 0.005 
   7   (0.037) 0.007 0.012 0.061 0.016 0.074 0.008 0.026 
   8   (0.014) 0.070 0.003 0.003 0.002 0.003 0.003 0.002 

Locus 4 : bt30 
12 alleles
0.9% missing data
   1   (0.114) 0.115 0.126 0.251 0.055 0.064 0.182 0.043 
   2   (0.281) 0.281 0.360 0.288 0.234 0.295 0.262 0.314 
   3   (0.068) 0.029 0.204 0.017 0.070 0.039 0.025 0.117 
   4   (0.185) 0.241 0.128 0.120 0.220 0.215 0.226 0.211 
   5   (0.015) 0.003 0.008 0.003 0.002 0.004 0.015 0.004 
   6   (0.101) 0.058 0.061 0.100 0.053 0.072 0.211 0.142 
   7   (0.034) 0.023 0.018 0.022 0.017 0.043 0.010 0.016 
   8   (0.051) 0.056 0.029 0.043 0.055 0.077 0.010 0.014 
   9   (0.111) 0.187 0.053 0.089 0.286 0.152 0.040 0.123 
  10   (0.012) 0.002 0.002 0.060 0.002 0.003 0.002 0.002 
  11   (0.017) 0.004 0.004 0.004 0.003 0.032 0.013 0.004 
  12   (0.011) 0.002 0.004 0.002 0.002 0.003 0.002 0.010 

Locus 5 : btms0081 
3 alleles
0.9% missing data
   1   (0.496) 0.308 0.570 0.584 0.619 0.403 0.639 0.446 
   2   (0.353) 0.461 0.349 0.229 0.301 0.432 0.267 0.385 
   3   (0.151) 0.232 0.081 0.187 0.080 0.165 0.095 0.169 

Locus 6 : btms0066 
24 alleles
0.0% missing data
   1   (0.250) 0.366 0.316 0.385 0.184 0.295 0.345 0.167 
   2   (0.015) 0.002 0.005 0.064 0.004 0.003 0.003 0.006 
   3   (0.035) 0.010 0.040 0.007 0.014 0.105 0.019 0.009 
   4   (0.154) 0.131 0.248 0.061 0.077 0.110 0.189 0.376 
   5   (0.097) 0.117 0.139 0.032 0.039 0.200 0.042 0.103 
   6   (0.053) 0.018 0.020 0.012 0.100 0.050 0.182 0.050 
   7   (0.021) 0.003 0.009 0.017 0.004 0.005 0.046 0.004 
   8   (0.057) 0.032 0.038 0.077 0.052 0.034 0.018 0.078 
   9   (0.021) 0.005 0.010 0.004 0.248 0.019 0.007 0.004 
  10   (0.031) 0.005 0.031 0.133 0.037 0.007 0.007 0.009 
  11   (0.021) 0.012 0.006 0.139 0.005 0.005 0.008 0.006 
  12   (0.035) 0.016 0.037 0.008 0.023 0.031 0.007 0.123 
  13   (0.025) 0.016 0.016 0.006 0.026 0.017 0.021 0.005 
  14   (0.020) 0.040 0.005 0.004 0.062 0.005 0.004 0.003 
  15   (0.022) 0.003 0.030 0.006 0.004 0.028 0.004 0.012 
  16   (0.029) 0.094 0.008 0.007 0.056 0.014 0.023 0.009 
  17   (0.026) 0.049 0.012 0.015 0.035 0.020 0.007 0.005 
  18   (0.008) 0.030 0.002 0.001 0.001 0.002 0.001 0.001 
  19   (0.011) 0.002 0.002 0.002 0.002 0.033 0.002 0.002 
  20   (0.020) 0.014 0.007 0.006 0.009 0.006 0.025 0.020 
  21   (0.017) 0.003 0.006 0.005 0.009 0.004 0.026 0.003 
  22   (0.010) 0.002 0.003 0.002 0.003 0.002 0.010 0.002 
  23   (0.011) 0.028 0.002 0.002 0.002 0.003 0.002 0.002 
  24   (0.011) 0.002 0.008 0.004 0.004 0.003 0.002 0.002 

Locus 7 : btms0083 
31 alleles
3.0% missing data
   1   (0.014) 0.003 0.003 0.203 0.006 0.004 0.003 0.002 
   2   (0.026) 0.005 0.012 0.097 0.014 0.030 0.006 0.005 
   3   (0.030) 0.008 0.016 0.006 0.100 0.011 0.072 0.008 
   4   (0.036) 0.011 0.057 0.053 0.031 0.019 0.035 0.013 
   5   (0.195) 0.260 0.223 0.214 0.169 0.224 0.349 0.158 
   6   (0.019) 0.005 0.023 0.006 0.017 0.005 0.019 0.009 
   7   (0.064) 0.159 0.086 0.022 0.085 0.090 0.023 0.036 
   8   (0.032) 0.011 0.038 0.016 0.011 0.144 0.007 0.010 
   9   (0.034) 0.006 0.035 0.008 0.007 0.034 0.045 0.045 
  10   (0.027) 0.025 0.010 0.008 0.006 0.016 0.108 0.012 
  11   (0.057) 0.010 0.077 0.016 0.311 0.044 0.017 0.124 
  12   (0.020) 0.005 0.010 0.036 0.004 0.005 0.007 0.011 
  13   (0.047) 0.076 0.024 0.010 0.038 0.077 0.020 0.105 
  14   (0.034) 0.006 0.125 0.008 0.014 0.022 0.009 0.063 
  15   (0.027) 0.006 0.013 0.022 0.016 0.011 0.023 0.058 
  16   (0.027) 0.005 0.029 0.033 0.009 0.007 0.080 0.007 
  17   (0.034) 0.006 0.016 0.075 0.011 0.020 0.011 0.186 
  18   (0.051) 0.114 0.052 0.039 0.023 0.038 0.042 0.023 
  19   (0.024) 0.104 0.015 0.013 0.005 0.007 0.005 0.005 
  20   (0.025) 0.052 0.012 0.005 0.006 0.085 0.007 0.006 
  21   (0.012) 0.002 0.002 0.031 0.002 0.003 0.002 0.002 
  22   (0.010) 0.002 0.003 0.026 0.002 0.002 0.002 0.003 
  23   (0.018) 0.003 0.008 0.019 0.004 0.013 0.004 0.007 
  24   (0.010) 0.013 0.002 0.003 0.002 0.002 0.002 0.002 
  25   (0.030) 0.006 0.046 0.006 0.006 0.030 0.075 0.006 
  26   (0.017) 0.003 0.010 0.003 0.026 0.006 0.005 0.051 
  27   (0.027) 0.056 0.015 0.005 0.007 0.026 0.008 0.029 
  28   (0.014) 0.003 0.014 0.004 0.061 0.004 0.006 0.005 
  29   (0.012) 0.002 0.017 0.004 0.004 0.003 0.004 0.003 
  30   (0.015) 0.033 0.003 0.003 0.002 0.011 0.003 0.003 
  31   (0.012) 0.002 0.004 0.004 0.002 0.008 0.002 0.004 

Locus 8 : b126 
16 alleles
0.0% missing data
   1   (0.042) 0.011 0.017 0.041 0.010 0.038 0.062 0.030 
   2   (0.051) 0.008 0.035 0.123 0.012 0.068 0.014 0.061 
   3   (0.312) 0.393 0.376 0.216 0.529 0.354 0.269 0.377 
   4   (0.028) 0.006 0.034 0.008 0.009 0.009 0.013 0.071 
   5   (0.073) 0.059 0.136 0.025 0.037 0.034 0.129 0.060 
   6   (0.065) 0.155 0.101 0.018 0.028 0.142 0.016 0.030 
   7   (0.110) 0.135 0.074 0.023 0.214 0.126 0.177 0.091 
   8   (0.029) 0.073 0.013 0.007 0.020 0.012 0.007 0.036 
   9   (0.012) 0.002 0.003 0.002 0.002 0.003 0.038 0.002 
  10   (0.040) 0.054 0.012 0.025 0.008 0.016 0.108 0.027 
  11   (0.090) 0.024 0.108 0.373 0.101 0.087 0.032 0.063 
  12   (0.031) 0.027 0.028 0.030 0.006 0.030 0.006 0.006 
  13   (0.068) 0.045 0.044 0.100 0.012 0.038 0.085 0.082 
  14   (0.018) 0.004 0.009 0.004 0.005 0.008 0.008 0.056 
  15   (0.014) 0.002 0.003 0.003 0.002 0.028 0.008 0.003 
  16   (0.016) 0.003 0.007 0.003 0.004 0.005 0.028 0.005 

Locus 9 : btms0062 
34 alleles
0.0% missing data
   1   (0.039) 0.011 0.035 0.077 0.052 0.010 0.038 0.014 
   2   (0.049) 0.014 0.037 0.103 0.029 0.020 0.040 0.174 
   3   (0.077) 0.059 0.100 0.102 0.078 0.222 0.030 0.042 
   4   (0.093) 0.207 0.145 0.053 0.168 0.045 0.214 0.056 
   5   (0.050) 0.013 0.159 0.020 0.081 0.070 0.043 0.013 
   6   (0.026) 0.005 0.026 0.007 0.014 0.033 0.010 0.026 
   7   (0.011) 0.002 0.016 0.002 0.002 0.006 0.003 0.002 
   8   (0.023) 0.004 0.035 0.006 0.005 0.061 0.005 0.017 
   9   (0.043) 0.017 0.033 0.021 0.096 0.015 0.028 0.101 
  10   (0.053) 0.065 0.063 0.043 0.013 0.032 0.076 0.045 
  11   (0.068) 0.039 0.052 0.023 0.208 0.055 0.149 0.064 
  12   (0.040) 0.030 0.018 0.009 0.009 0.038 0.076 0.196 
  13   (0.048) 0.018 0.022 0.027 0.021 0.062 0.121 0.025 
  14   (0.039) 0.258 0.044 0.011 0.010 0.036 0.010 0.041 
  15   (0.018) 0.004 0.005 0.003 0.004 0.103 0.004 0.005 
  16   (0.019) 0.011 0.006 0.004 0.053 0.017 0.004 0.004 
  17   (0.020) 0.003 0.006 0.147 0.003 0.004 0.012 0.004 
  18   (0.014) 0.002 0.003 0.003 0.003 0.005 0.031 0.006 
  19   (0.044) 0.089 0.035 0.080 0.008 0.017 0.016 0.054 
  20   (0.011) 0.002 0.002 0.031 0.001 0.002 0.002 0.002 
  21   (0.031) 0.006 0.037 0.056 0.008 0.013 0.017 0.034 
  22   (0.016) 0.003 0.004 0.096 0.003 0.018 0.003 0.003 
  23   (0.014) 0.002 0.007 0.024 0.002 0.003 0.003 0.003 
  24   (0.021) 0.008 0.035 0.005 0.004 0.007 0.005 0.027 
  25   (0.012) 0.002 0.014 0.009 0.002 0.003 0.003 0.004 
  26   (0.025) 0.054 0.028 0.012 0.057 0.011 0.025 0.016 
  27   (0.018) 0.006 0.005 0.004 0.033 0.035 0.012 0.004 
  28   (0.012) 0.002 0.002 0.002 0.002 0.023 0.002 0.002 
  29   (0.011) 0.002 0.007 0.005 0.018 0.003 0.002 0.004 
  30   (0.010) 0.029 0.002 0.002 0.002 0.002 0.002 0.002 
  31   (0.013) 0.002 0.010 0.002 0.002 0.014 0.002 0.003 
  32   (0.011) 0.002 0.003 0.002 0.005 0.003 0.008 0.003 
  33   (0.011) 0.002 0.003 0.004 0.002 0.008 0.002 0.004 
  34   (0.011) 0.027 0.003 0.002 0.002 0.003 0.002 0.002 

Locus 10 : btern02 
25 alleles
4.8% missing data
   1   (0.095) 0.054 0.054 0.129 0.231 0.129 0.076 0.185 
   2   (0.011) 0.002 0.002 0.015 0.002 0.002 0.002 0.002 
   3   (0.081) 0.024 0.135 0.028 0.060 0.088 0.134 0.113 
   4   (0.051) 0.093 0.032 0.016 0.011 0.031 0.151 0.065 
   5   (0.023) 0.005 0.042 0.015 0.027 0.012 0.018 0.007 
   6   (0.044) 0.020 0.109 0.018 0.121 0.023 0.030 0.021 
   7   (0.027) 0.133 0.013 0.005 0.005 0.026 0.028 0.010 
   8   (0.038) 0.007 0.036 0.097 0.020 0.035 0.012 0.022 
   9   (0.074) 0.047 0.043 0.085 0.051 0.188 0.106 0.025 
  10   (0.030) 0.005 0.104 0.007 0.008 0.011 0.011 0.069 
  11   (0.061) 0.067 0.063 0.019 0.024 0.123 0.022 0.082 
  12   (0.036) 0.006 0.024 0.129 0.016 0.019 0.013 0.054 
  13   (0.051) 0.054 0.030 0.051 0.012 0.028 0.072 0.047 
  14   (0.055) 0.124 0.021 0.154 0.024 0.028 0.037 0.055 
  15   (0.012) 0.002 0.002 0.002 0.128 0.003 0.002 0.002 
  16   (0.046) 0.047 0.073 0.050 0.027 0.027 0.014 0.033 
  17   (0.028) 0.062 0.040 0.007 0.018 0.008 0.018 0.012 
  18   (0.046) 0.168 0.037 0.011 0.024 0.024 0.020 0.095 
  19   (0.040) 0.010 0.028 0.008 0.060 0.072 0.085 0.018 
  20   (0.043) 0.009 0.041 0.050 0.008 0.036 0.078 0.028 
  21   (0.023) 0.008 0.023 0.054 0.006 0.014 0.005 0.008 
  22   (0.012) 0.005 0.005 0.020 0.002 0.004 0.002 0.003 
  23   (0.031) 0.006 0.011 0.022 0.012 0.049 0.034 0.028 
  24   (0.030) 0.039 0.026 0.007 0.100 0.015 0.014 0.006 
  25   (0.012) 0.005 0.005 0.002 0.003 0.003 0.015 0.006 

Locus 11 : btms0086 
3 alleles
0.0% missing data
   1   (0.843) 0.927 0.804 0.788 0.964 0.912 0.770 0.844 
   2   (0.135) 0.064 0.188 0.192 0.032 0.052 0.227 0.152 
   3   (0.023) 0.009 0.008 0.021 0.004 0.036 0.004 0.004 

Locus 12 : bl13 
3 alleles
0.0% missing data
   1   (0.069) 0.318 0.037 0.204 0.021 0.027 0.032 0.025 
   2   (0.827) 0.626 0.886 0.775 0.755 0.856 0.849 0.890 
   3   (0.104) 0.056 0.077 0.021 0.224 0.117 0.119 0.085 

Locus 13 : btms0059 
9 alleles
0.0% missing data
   1   (0.342) 0.296 0.321 0.359 0.461 0.514 0.337 0.244 
   2   (0.105) 0.018 0.125 0.124 0.217 0.066 0.035 0.298 
   3   (0.064) 0.112 0.026 0.118 0.032 0.054 0.033 0.029 
   4   (0.057) 0.020 0.040 0.046 0.015 0.043 0.090 0.027 
   5   (0.079) 0.040 0.149 0.036 0.048 0.086 0.033 0.051 
   6   (0.303) 0.505 0.301 0.305 0.207 0.213 0.453 0.296 
   7   (0.015) 0.002 0.007 0.003 0.009 0.004 0.003 0.041 
   8   (0.024) 0.004 0.026 0.007 0.007 0.017 0.014 0.008 
   9   (0.010) 0.002 0.004 0.003 0.005 0.003 0.002 0.005 

Values of parameters used in structure:
DATAFILE=/Users/johnmola/Desktop/rpbbfeb27/rpbbstructure/project_data,	OUTFILE=/Users/johnmola/Desktop/rpbbfeb27/rpbbstructure/rpbb20k100k/Results/rpbb20k100k_run_63,	NUMINDS=231,	NUMLOCI=13,	MISSING=-9,	LABEL=1,	POPDATA=1,	POPFLAG=0,	PHENOTYPE=0,	EXTRACOLS=0,	MAXPOPS=7,	BURNIN=20000,	NUMREPS=100000,	USEPOPINFO=0,	INFERALPHA=1,	INFERLAMBDA=0,	POPSPECIFICLAMBDA=0,	POPALPHAS=0,	COMPUTEPROB=1,	NOADMIX=0,	ADMBURNIN=2500,	UPDATEFREQ=1,	PRINTLIKES=0,	INTERMEDSAVE=0,	PRINTKLD=0,	PRINTNET=0,	PRINTLAMBDA=0,	ANCESTDIST=0,	NUMBOXES=1000,	ANCESTPINT=0.90000,	GENSBACK=2,	MIGRPRIOR=0.05000,	PRINTQHAT=0,	PRINTQSUM=0,	ALPHA=1.0000,	FREQSCORR=1,	FPRIORMEAN=0.0100,	FPRIORSD=0.0500,	ONEFST=0,	LAMBDA=1.0000,	UNIFPRIORALPHA=1,	ALPHAMAX=10.0000,	ALPHAPRIORA=1.0000,	ALPHAPRIORB=2.0000,	ALPHAPROPSD=0.0250,	STARTATPOPINFO=0,	RANDOMIZE=1,	LINKAGE=0,	METROFREQ=10,	REPORTHITRATE=0,	MARKOVPHASE=-1,	PHASED=0,	PLOIDY=2,	PHASEINFO=0	LOCPRIOR=0, 	LOCPRIORINIT=1.000000, 	LOCDATA=0, 	LOCISPOP=0, 	LOCPRIORSTEP=0.100000, 	MAXLOCPRIOR=20.000000, 	SEED=1677520975,	
[STRAT parameters]:    NUMSIMSTATS=1000,	PHENOTYPECOL=-9,	POOLFREQ=10,	LOCUSxONLY=0,	EMERROR=0.00100,	MISSINGPHENO=-9,	