

----------------------------------------------------
STRUCTURE by Pritchard, Stephens and Donnelly (2000)
     and Falush, Stephens and Pritchard (2003)
       Code by Pritchard, Falush and Hubisz
             Version 2.3.4 (Jul 2012)
----------------------------------------------------



Command line arguments:   bin/structure -m "/Users/johnmola/Desktop/rpbbfeb27/rpbbstructure/rpbb20k100k/mainparams" -e "/Users/johnmola/Desktop/rpbbfeb27/rpbbstructure/rpbb20k100k/extraparams" 
Input File:    /Users/johnmola/Desktop/rpbbfeb27/rpbbstructure/project_data

Run parameters:
   231 individuals
   13 loci
   9 populations assumed
   20000 Burn-in period
   100000 Reps


--------------------------------------------
Proportion of membership of each pre-defined
 population in each of the 9 clusters

Given    Inferred Clusters                                                 Number of
 Pop       1      2      3      4      5      6      7      8      9      Individuals

  1:     0.015  0.033  0.072  0.047  0.014  0.036  0.036  0.706  0.041       21
  2:     0.114  0.234  0.046  0.099  0.014  0.181  0.159  0.018  0.135        7
  3:     0.080  0.161  0.155  0.068  0.025  0.146  0.145  0.066  0.154        7
  4:     0.083  0.081  0.078  0.131  0.053  0.182  0.100  0.052  0.241        8
  5:     0.011  0.098  0.042  0.255  0.024  0.179  0.132  0.047  0.211        4
  6:     0.065  0.190  0.108  0.068  0.083  0.172  0.105  0.034  0.175       35
  7:     0.040  0.141  0.083  0.092  0.033  0.248  0.155  0.065  0.141       40
  8:     0.065  0.168  0.179  0.093  0.091  0.144  0.113  0.044  0.103       19
  9:     0.043  0.047  0.171  0.069  0.024  0.176  0.129  0.229  0.112        4
 10:     0.123  0.185  0.066  0.109  0.164  0.080  0.168  0.022  0.083       11
 11:     0.560  0.016  0.014  0.045  0.012  0.052  0.040  0.133  0.129        8
 12:     0.055  0.077  0.035  0.272  0.300  0.083  0.093  0.031  0.053       60
 13:     0.020  0.112  0.405  0.064  0.020  0.161  0.128  0.043  0.048        7
--------------------------------------------

Allele-freq. divergence among pops (Net nucleotide distance),
computed using point estimates of P.

      1       2       3       4       5       6       7       8       9      
 1      -    0.0491  0.0678  0.0436  0.0606  0.0399  0.0356  0.0669  0.0409  
 2   0.0491     -    0.0465  0.0279  0.0378  0.0145  0.0110  0.0355  0.0258  
 3   0.0678  0.0465     -    0.0457  0.0521  0.0326  0.0353  0.0637  0.0412  
 4   0.0436  0.0279  0.0457     -    0.0318  0.0159  0.0138  0.0349  0.0237  
 5   0.0606  0.0378  0.0521  0.0318     -    0.0314  0.0276  0.0469  0.0430  
 6   0.0399  0.0145  0.0326  0.0159  0.0314     -    0.0070  0.0303  0.0149  
 7   0.0356  0.0110  0.0353  0.0138  0.0276  0.0070     -    0.0312  0.0195  
 8   0.0669  0.0355  0.0637  0.0349  0.0469  0.0303  0.0312     -    0.0368  
 9   0.0409  0.0258  0.0412  0.0237  0.0430  0.0149  0.0195  0.0368     -    

Average distances (expected heterozygosity) between individuals in same cluster:
cluster  1  : 0.6309 
cluster  2  : 0.6912 
cluster  3  : 0.6277 
cluster  4  : 0.6761 
cluster  5  : 0.6754 
cluster  6  : 0.6841 
cluster  7  : 0.6819 
cluster  8  : 0.6836 
cluster  9  : 0.6813 

--------------------------------------------
Estimated Ln Prob of Data   = -9990.1
Mean value of ln likelihood = -9222.3
Variance of ln likelihood   = 1535.7
Mean value of alpha         = 0.0522

Mean value of Fst_1         = 0.1950
Mean value of Fst_2         = 0.0914
Mean value of Fst_3         = 0.1382
Mean value of Fst_4         = 0.0622
Mean value of Fst_5         = 0.1018
Mean value of Fst_6         = 0.0651
Mean value of Fst_7         = 0.1056
Mean value of Fst_8         = 0.0975
Mean value of Fst_9         = 0.0793


Inferred ancestry of individuals:
        Label (%Miss) Pop:  Inferred clusters
  1  BAFF014    (0)    1 :  0.007 0.011 0.015 0.013 0.006 0.011 0.018 0.888 0.032 
  2  BAFF379    (0)    2 :  0.062 0.048 0.068 0.278 0.013 0.237 0.125 0.013 0.157 
  3  BAFF212    (0)    3 :  0.016 0.287 0.047 0.067 0.048 0.365 0.091 0.018 0.062 
  4  BAFF018    (0)    4 :  0.084 0.019 0.008 0.282 0.020 0.386 0.171 0.008 0.022 
  5  BAFF247    (0)    4 :  0.012 0.039 0.011 0.239 0.013 0.392 0.225 0.007 0.061 
  6  BAFF024    (0)    5 :  0.010 0.201 0.057 0.029 0.042 0.102 0.051 0.017 0.490 
  7  BAFF088    (0)    6 :  0.027 0.600 0.013 0.039 0.026 0.209 0.052 0.010 0.024 
  8  BAFF429    (0)    6 :  0.042 0.113 0.214 0.145 0.013 0.091 0.107 0.017 0.259 
  9  BAFF087    (7)    7 :  0.005 0.753 0.007 0.006 0.006 0.200 0.009 0.007 0.006 
 10  BAFF225    (0)    7 :  0.009 0.344 0.134 0.028 0.016 0.288 0.088 0.039 0.055 
 11  BAFF195    (0)    8 :  0.452 0.063 0.046 0.110 0.013 0.084 0.069 0.038 0.125 
 12  BAFF238    (0)    9 :  0.023 0.048 0.475 0.084 0.027 0.089 0.089 0.114 0.051 
 13  BAFF019    (0)   10 :  0.027 0.041 0.008 0.021 0.759 0.021 0.061 0.025 0.036 
 14  BAFF175    (0)   10 :  0.040 0.138 0.142 0.277 0.052 0.086 0.203 0.010 0.052 
 15  BAFF156    (0)   11 :  0.957 0.005 0.005 0.007 0.006 0.005 0.006 0.004 0.005 
 16  BAFF301    (0)   11 :  0.010 0.021 0.033 0.016 0.021 0.024 0.018 0.817 0.040 
 17  BAFF141    (0)   12 :  0.010 0.009 0.005 0.563 0.006 0.111 0.198 0.090 0.009 
 18  BAFF302    (0)   12 :  0.013 0.018 0.022 0.026 0.038 0.100 0.060 0.018 0.705 
 19  BAFF290    (0)    1 :  0.006 0.016 0.116 0.087 0.014 0.028 0.036 0.682 0.015 
 20  BAFF498    (0)    6 :  0.063 0.064 0.042 0.042 0.052 0.226 0.117 0.180 0.212 
 21  BAFF455    (0)    7 :  0.027 0.447 0.058 0.031 0.020 0.025 0.359 0.019 0.015 
 22  BAFF203    (7)    8 :  0.016 0.608 0.029 0.049 0.012 0.054 0.203 0.009 0.020 
 23  BAFF056    (0)   12 :  0.005 0.009 0.023 0.017 0.840 0.048 0.030 0.015 0.013 
 24  BAFF327    (0)   12 :  0.023 0.036 0.015 0.635 0.089 0.023 0.102 0.047 0.031 
 25  BAFF255    (0)    1 :  0.006 0.010 0.015 0.013 0.008 0.018 0.012 0.908 0.011 
 26  BAFF256    (0)    1 :  0.005 0.010 0.012 0.007 0.011 0.008 0.008 0.936 0.005 
 27  BAFF257    (0)    1 :  0.004 0.007 0.009 0.006 0.005 0.006 0.006 0.952 0.004 
 28  BAFF260    (0)    1 :  0.004 0.014 0.013 0.007 0.007 0.008 0.009 0.928 0.009 
 29  BAFF259    (0)    1 :  0.007 0.007 0.008 0.008 0.013 0.008 0.008 0.931 0.008 
 30  BAFF261    (0)    1 :  0.007 0.008 0.008 0.010 0.008 0.013 0.011 0.928 0.007 
 31  BAFF274    (0)    1 :  0.011 0.025 0.014 0.018 0.013 0.046 0.029 0.810 0.034 
 32  BAFF262    (0)    1 :  0.008 0.027 0.007 0.018 0.007 0.011 0.019 0.889 0.013 
 33  BAFF294    (0)    1 :  0.007 0.033 0.006 0.010 0.008 0.013 0.009 0.899 0.015 
 34  BAFF292    (0)    1 :  0.016 0.010 0.489 0.068 0.010 0.015 0.033 0.330 0.029 
 35  BAFF296    (0)    1 :  0.013 0.008 0.486 0.054 0.015 0.019 0.027 0.360 0.019 
 36  BAFF295    (0)    1 :  0.011 0.027 0.146 0.080 0.012 0.025 0.058 0.629 0.011 
 37  BAFF298    (0)    1 :  0.008 0.012 0.008 0.017 0.020 0.019 0.016 0.870 0.029 
 38  BAFF299    (0)    1 :  0.014 0.013 0.006 0.008 0.030 0.007 0.008 0.905 0.009 
 39  BAFF375    (0)   13 :  0.005 0.007 0.946 0.007 0.006 0.008 0.007 0.007 0.007 
 40  BAFF376    (0)   13 :  0.007 0.034 0.820 0.015 0.019 0.025 0.027 0.012 0.042 
 41  BAFF377    (0)   13 :  0.007 0.006 0.936 0.007 0.007 0.009 0.008 0.009 0.012 
 42  BAFF022    (0)    5 :  0.015 0.052 0.023 0.371 0.010 0.075 0.130 0.099 0.225 
 43  BAFF021    (0)    5 :  0.008 0.062 0.015 0.573 0.013 0.050 0.143 0.043 0.094 
 44  BAFF499    (0)    6 :  0.022 0.015 0.022 0.036 0.678 0.027 0.139 0.007 0.054 
 45  BAFF204    (0)    8 :  0.010 0.022 0.023 0.061 0.044 0.543 0.205 0.009 0.083 
 46  BAFF068    (0)   12 :  0.010 0.008 0.012 0.025 0.814 0.020 0.020 0.071 0.020 
 47  BAFF336    (0)   12 :  0.126 0.044 0.010 0.056 0.548 0.093 0.071 0.012 0.040 
 48  BAFF447    (0)    7 :  0.020 0.020 0.012 0.022 0.011 0.573 0.207 0.007 0.128 
 49  BAFF457    (0)    7 :  0.039 0.011 0.047 0.035 0.009 0.484 0.179 0.026 0.171 
 50  BAFF448    (0)    7 :  0.031 0.257 0.036 0.044 0.008 0.327 0.205 0.057 0.034 
 51  BAFF465    (0)    7 :  0.013 0.555 0.013 0.020 0.011 0.042 0.320 0.014 0.013 
 52  BAFF194    (0)    8 :  0.017 0.031 0.039 0.029 0.011 0.042 0.027 0.022 0.782 
 53  BAFF199    (0)    8 :  0.059 0.020 0.028 0.148 0.018 0.314 0.183 0.017 0.213 
 54  BAFF500    (0)    6 :  0.008 0.094 0.031 0.047 0.076 0.161 0.102 0.271 0.212 
 55  BAFF206    (0)    8 :  0.010 0.137 0.197 0.376 0.045 0.095 0.102 0.022 0.016 
 56  BAFF069    (0)   12 :  0.018 0.022 0.015 0.016 0.871 0.022 0.014 0.009 0.012 
 57  BAFF330    (0)   12 :  0.068 0.483 0.017 0.059 0.023 0.237 0.076 0.017 0.021 
 58  BAFF239    (0)   10 :  0.190 0.023 0.016 0.091 0.279 0.016 0.359 0.020 0.007 
 59  BAFF241    (0)   10 :  0.159 0.024 0.009 0.025 0.363 0.009 0.381 0.022 0.010 
 60  BAFF157    (0)   11 :  0.952 0.006 0.005 0.006 0.005 0.005 0.006 0.004 0.010 
 61  BAFF161    (0)   11 :  0.960 0.005 0.005 0.005 0.005 0.005 0.005 0.004 0.005 
 62  BAFF160    (0)   11 :  0.954 0.006 0.005 0.007 0.005 0.006 0.006 0.004 0.007 
 63  BAFF008    (0)   12 :  0.012 0.394 0.023 0.057 0.148 0.186 0.123 0.035 0.020 
 64  BAFF013    (0)   12 :  0.014 0.624 0.016 0.056 0.012 0.195 0.056 0.010 0.017 
 65  BAFF407    (0)   12 :  0.013 0.015 0.011 0.020 0.887 0.019 0.014 0.010 0.011 
 66  BAFF503    (0)    6 :  0.033 0.083 0.039 0.020 0.669 0.039 0.062 0.006 0.050 
 67  BAFF449    (0)    7 :  0.008 0.390 0.008 0.299 0.018 0.160 0.092 0.009 0.014 
 68  BAFF207    (0)    8 :  0.005 0.138 0.092 0.024 0.500 0.105 0.062 0.014 0.059 
 69  BAFF070    (0)   12 :  0.009 0.014 0.012 0.029 0.885 0.014 0.020 0.009 0.010 
 70  BAFF335    (0)   12 :  0.011 0.011 0.006 0.804 0.021 0.014 0.110 0.008 0.016 
 71  BAFF507    (0)    6 :  0.015 0.012 0.041 0.011 0.007 0.024 0.019 0.020 0.850 
 72  BAFF450    (0)    7 :  0.110 0.029 0.390 0.067 0.043 0.151 0.061 0.086 0.063 
 73  BAFF209    (7)    8 :  0.108 0.236 0.251 0.127 0.025 0.041 0.143 0.025 0.044 
 74  BAFF072    (0)   12 :  0.270 0.022 0.017 0.350 0.039 0.046 0.234 0.011 0.011 
 75  BAFF339    (0)   12 :  0.011 0.018 0.311 0.096 0.342 0.105 0.056 0.011 0.050 
 76  BAFF508    (0)    6 :  0.486 0.015 0.034 0.038 0.014 0.247 0.094 0.058 0.015 
 77  BAFF451    (0)    7 :  0.019 0.054 0.024 0.092 0.022 0.320 0.184 0.011 0.276 
 78  BAFF210    (0)    8 :  0.007 0.103 0.136 0.021 0.417 0.160 0.047 0.081 0.030 
 79  BAFF139    (0)   12 :  0.032 0.034 0.029 0.169 0.013 0.255 0.174 0.042 0.252 
 80  BAFF341    (0)   12 :  0.087 0.087 0.131 0.119 0.016 0.241 0.274 0.016 0.029 
 81  BAFF509    (0)    6 :  0.008 0.515 0.027 0.092 0.031 0.163 0.077 0.055 0.031 
 82  BAFF453    (0)    7 :  0.013 0.054 0.643 0.073 0.090 0.049 0.035 0.009 0.033 
 83  BAFF389    (0)    8 :  0.241 0.019 0.656 0.015 0.005 0.010 0.019 0.014 0.022 
 84  BAFF163    (0)   12 :  0.013 0.013 0.050 0.005 0.868 0.005 0.033 0.004 0.009 
 85  BAFF344    (7)   12 :  0.054 0.029 0.060 0.455 0.234 0.031 0.096 0.009 0.034 
 86  BAFF510    (0)    6 :  0.042 0.128 0.016 0.053 0.025 0.101 0.033 0.010 0.592 
 87  BAFF456    (0)    7 :  0.012 0.013 0.046 0.057 0.037 0.315 0.152 0.016 0.352 
 88  BAFF390    (0)    8 :  0.011 0.007 0.923 0.006 0.005 0.006 0.007 0.006 0.030 
 89  BAFF142    (0)   12 :  0.031 0.011 0.010 0.343 0.033 0.081 0.273 0.207 0.012 
 90  BAFF363    (7)   12 :  0.024 0.011 0.009 0.019 0.898 0.009 0.012 0.007 0.010 
 91  BAFF517    (0)    6 :  0.017 0.021 0.258 0.094 0.034 0.104 0.082 0.008 0.381 
 92  BAFF458    (0)    7 :  0.016 0.163 0.022 0.061 0.036 0.364 0.122 0.049 0.167 
 93  BAFF391    (0)    8 :  0.010 0.025 0.039 0.123 0.351 0.118 0.110 0.109 0.114 
 94  BAFF149    (0)   12 :  0.030 0.013 0.113 0.645 0.021 0.035 0.119 0.010 0.015 
 95  BAFF366    (7)   12 :  0.021 0.008 0.031 0.689 0.017 0.060 0.120 0.010 0.045 
 96  BAFF512    (0)    6 :  0.018 0.056 0.056 0.036 0.042 0.433 0.146 0.127 0.086 
 97  BAFF460    (0)    7 :  0.014 0.010 0.024 0.429 0.014 0.268 0.169 0.015 0.056 
 98  BAFF138    (0)   12 :  0.016 0.007 0.012 0.768 0.014 0.017 0.139 0.013 0.014 
 99  BAFF374    (0)   12 :  0.042 0.479 0.014 0.023 0.181 0.183 0.023 0.031 0.023 
100  BAFF015    (0)    1 :  0.007 0.010 0.010 0.012 0.010 0.011 0.027 0.885 0.030 
101  BAFF380    (0)    2 :  0.223 0.208 0.020 0.063 0.033 0.174 0.057 0.011 0.211 
102  BAFF216    (0)    3 :  0.016 0.082 0.100 0.038 0.025 0.108 0.091 0.041 0.500 
103  BAFF017    (0)    4 :  0.007 0.013 0.238 0.005 0.017 0.031 0.021 0.013 0.655 
104  BAFF245    (0)    4 :  0.011 0.110 0.082 0.309 0.033 0.098 0.142 0.133 0.082 
105  BAFF378    (7)   13 :  0.015 0.017 0.026 0.055 0.011 0.424 0.100 0.216 0.136 
106  BAFF023    (0)    5 :  0.012 0.077 0.075 0.048 0.030 0.488 0.206 0.029 0.036 
107  BAFF079    (0)    6 :  0.031 0.160 0.076 0.162 0.043 0.093 0.100 0.044 0.292 
108  BAFF435    (0)    6 :  0.013 0.026 0.014 0.021 0.022 0.642 0.218 0.009 0.035 
109  BAFF174    (7)    7 :  0.014 0.031 0.819 0.022 0.028 0.019 0.022 0.007 0.039 
110  BAFF226    (0)    7 :  0.017 0.011 0.025 0.085 0.008 0.445 0.211 0.013 0.186 
111  BAFF190    (0)    8 :  0.042 0.406 0.015 0.083 0.073 0.069 0.277 0.018 0.017 
112  BAFF243    (0)    9 :  0.097 0.026 0.151 0.080 0.007 0.133 0.069 0.078 0.360 
113  BAFF177    (0)   10 :  0.024 0.526 0.075 0.065 0.008 0.161 0.074 0.028 0.039 
114  BAFF364    (7)   11 :  0.600 0.048 0.022 0.033 0.021 0.168 0.075 0.011 0.022 
115  BAFF305    (0)   12 :  0.011 0.013 0.028 0.760 0.020 0.019 0.109 0.021 0.019 
116  BAFF513    (0)    6 :  0.016 0.460 0.052 0.046 0.018 0.147 0.105 0.050 0.106 
117  BAFF462    (0)    7 :  0.025 0.154 0.010 0.020 0.045 0.080 0.195 0.433 0.038 
118  BAFF143    (0)   12 :  0.059 0.041 0.027 0.567 0.071 0.079 0.108 0.008 0.040 
119  BAFF403    (0)   12 :  0.010 0.008 0.008 0.008 0.934 0.008 0.008 0.007 0.009 
120  BAFF514    (0)    6 :  0.013 0.486 0.017 0.029 0.126 0.178 0.113 0.007 0.031 
121  BAFF463    (0)    7 :  0.008 0.611 0.005 0.005 0.004 0.007 0.349 0.005 0.005 
122  BAFF137    (0)   12 :  0.010 0.157 0.009 0.650 0.008 0.050 0.093 0.011 0.012 
123  BAFF404    (0)   12 :  0.021 0.009 0.008 0.009 0.905 0.011 0.010 0.013 0.012 
124  BAFF515    (0)    6 :  0.041 0.215 0.051 0.131 0.043 0.225 0.092 0.021 0.181 
125  BAFF144    (0)   12 :  0.232 0.195 0.021 0.102 0.073 0.208 0.095 0.011 0.064 
126  BAFF405    (7)   12 :  0.114 0.045 0.011 0.514 0.025 0.114 0.109 0.033 0.034 
127  BAFF518    (0)    6 :  0.021 0.017 0.029 0.276 0.412 0.083 0.108 0.011 0.042 
128  BAFF467    (0)    7 :  0.015 0.087 0.060 0.040 0.030 0.261 0.158 0.019 0.331 
129  BAFF145    (0)   12 :  0.448 0.040 0.021 0.199 0.011 0.090 0.092 0.074 0.026 
130  BAFF406    (0)   12 :  0.386 0.070 0.012 0.051 0.331 0.072 0.036 0.008 0.034 
131  BAFF519    (0)    6 :  0.013 0.054 0.579 0.074 0.012 0.133 0.077 0.011 0.048 
132  BAFF471    (0)    7 :  0.023 0.132 0.029 0.292 0.022 0.112 0.164 0.062 0.163 
133  BAFF136    (0)   12 :  0.008 0.043 0.056 0.090 0.742 0.016 0.028 0.005 0.011 
134  BAFF520    (7)    6 :  0.016 0.116 0.047 0.054 0.064 0.323 0.126 0.034 0.220 
135  BAFF472    (0)    7 :  0.102 0.221 0.064 0.078 0.017 0.171 0.274 0.024 0.050 
136  BAFF165    (0)   12 :  0.010 0.021 0.019 0.488 0.044 0.092 0.207 0.047 0.073 
137  BAFF408    (0)   12 :  0.054 0.020 0.022 0.604 0.073 0.048 0.128 0.027 0.025 
138  BAFF522    (0)    6 :  0.020 0.529 0.026 0.072 0.051 0.100 0.113 0.037 0.051 
139  BAFF475    (0)    7 :  0.019 0.071 0.048 0.052 0.044 0.181 0.119 0.008 0.459 
140  BAFF140    (0)   12 :  0.050 0.172 0.028 0.443 0.027 0.076 0.087 0.015 0.102 
141  BAFF409    (0)   12 :  0.013 0.045 0.022 0.017 0.758 0.018 0.031 0.084 0.012 
142  BAFF523    (0)    6 :  0.074 0.414 0.024 0.052 0.009 0.127 0.175 0.015 0.112 
143  BAFF476    (0)    7 :  0.207 0.012 0.070 0.068 0.031 0.118 0.070 0.008 0.416 
144  BAFF147    (0)   12 :  0.013 0.076 0.011 0.577 0.166 0.036 0.073 0.013 0.034 
145  BAFF410    (0)   12 :  0.009 0.011 0.016 0.191 0.494 0.019 0.035 0.014 0.211 
146  BAFF477    (0)    7 :  0.011 0.015 0.025 0.108 0.007 0.371 0.163 0.098 0.202 
147  BAFF411    (0)   12 :  0.066 0.014 0.363 0.072 0.077 0.050 0.040 0.305 0.011 
148  BAFF486    (7)    7 :  0.007 0.005 0.011 0.009 0.006 0.695 0.239 0.007 0.022 
149  BAFF412    (7)   12 :  0.021 0.093 0.017 0.025 0.671 0.068 0.030 0.047 0.030 
150  BAFF258    (0)    1 :  0.055 0.282 0.016 0.039 0.026 0.148 0.144 0.216 0.074 
151  BAFF392    (0)    2 :  0.079 0.630 0.021 0.012 0.006 0.007 0.234 0.005 0.006 
152  BAFF217    (0)    3 :  0.033 0.014 0.618 0.085 0.020 0.088 0.081 0.011 0.049 
153  BAFF016    (0)    4 :  0.096 0.048 0.038 0.050 0.035 0.042 0.011 0.005 0.674 
154  BAFF246    (0)    4 :  0.039 0.143 0.217 0.027 0.024 0.138 0.039 0.009 0.365 
155  BAFF381    (0)   13 :  0.013 0.023 0.050 0.228 0.040 0.375 0.199 0.010 0.062 
156  BAFF078    (0)    6 :  0.367 0.023 0.021 0.269 0.042 0.026 0.237 0.006 0.008 
157  BAFF481    (0)    6 :  0.014 0.052 0.174 0.150 0.039 0.341 0.137 0.024 0.068 
158  BAFF436    (0)    7 :  0.041 0.242 0.055 0.048 0.041 0.086 0.102 0.061 0.325 
159  BAFF191    (0)    8 :  0.011 0.191 0.460 0.061 0.021 0.102 0.079 0.010 0.065 
160  BAFF382    (0)    9 :  0.044 0.073 0.042 0.030 0.051 0.459 0.270 0.007 0.025 
161  BAFF178    (0)   10 :  0.007 0.584 0.072 0.024 0.046 0.174 0.038 0.008 0.046 
162  BAFF159    (7)   11 :  0.007 0.013 0.006 0.012 0.014 0.045 0.029 0.008 0.866 
163  BAFF365    (7)   11 :  0.040 0.022 0.035 0.275 0.019 0.156 0.171 0.209 0.074 
164  BAFF007    (0)   12 :  0.077 0.042 0.088 0.207 0.025 0.194 0.125 0.047 0.195 
165  BAFF304    (7)   12 :  0.073 0.015 0.015 0.443 0.081 0.098 0.230 0.010 0.036 
166  BAFF487    (0)    7 :  0.081 0.123 0.079 0.036 0.033 0.339 0.135 0.024 0.151 
167  BAFF415    (0)   12 :  0.022 0.031 0.012 0.162 0.563 0.043 0.060 0.061 0.047 
168  BAFF488    (0)    7 :  0.013 0.023 0.050 0.057 0.016 0.043 0.045 0.612 0.140 
169  BAFF417    (0)   12 :  0.016 0.056 0.029 0.343 0.346 0.081 0.089 0.013 0.025 
170  BAFF489    (0)    7 :  0.067 0.059 0.017 0.273 0.037 0.314 0.140 0.008 0.085 
171  BAFF426    (0)   12 :  0.008 0.021 0.013 0.016 0.819 0.015 0.079 0.018 0.010 
172  BAFF490    (7)    7 :  0.120 0.068 0.014 0.020 0.010 0.388 0.093 0.023 0.262 
173  BAFF491    (0)    7 :  0.044 0.154 0.033 0.024 0.008 0.527 0.133 0.045 0.032 
174  BAFF492    (0)    7 :  0.011 0.020 0.028 0.015 0.015 0.627 0.251 0.008 0.025 
175  BAFF493    (0)    7 :  0.015 0.129 0.023 0.035 0.032 0.094 0.124 0.510 0.037 
176  BAFF506    (0)    7 :  0.025 0.159 0.064 0.032 0.018 0.310 0.119 0.151 0.122 
177  BAFF393    (0)    2 :  0.294 0.018 0.030 0.094 0.010 0.344 0.093 0.024 0.093 
178  BAFF218    (0)    3 :  0.017 0.094 0.246 0.095 0.025 0.206 0.148 0.047 0.121 
179  BAFF254    (0)    4 :  0.399 0.025 0.012 0.111 0.013 0.245 0.134 0.042 0.019 
180  BAFF385    (0)   13 :  0.042 0.241 0.034 0.062 0.040 0.180 0.339 0.027 0.034 
181  BAFF076    (0)    6 :  0.013 0.730 0.011 0.009 0.011 0.194 0.013 0.010 0.010 
182  BAFF482    (0)    6 :  0.015 0.066 0.013 0.078 0.075 0.474 0.154 0.009 0.116 
183  BAFF437    (0)    7 :  0.006 0.027 0.010 0.474 0.011 0.143 0.203 0.024 0.102 
184  BAFF192    (0)    8 :  0.145 0.393 0.050 0.074 0.015 0.149 0.103 0.017 0.054 
185  BAFF383    (0)    9 :  0.007 0.043 0.015 0.083 0.013 0.024 0.088 0.717 0.010 
186  BAFF180    (0)   10 :  0.011 0.270 0.308 0.018 0.116 0.113 0.060 0.009 0.094 
187  BAFF048    (7)   12 :  0.348 0.063 0.012 0.051 0.012 0.080 0.065 0.059 0.312 
188  BAFF306    (0)   12 :  0.016 0.049 0.086 0.578 0.030 0.073 0.115 0.009 0.044 
189  BAFF394    (0)    2 :  0.121 0.080 0.149 0.112 0.018 0.100 0.115 0.052 0.253 
190  BAFF219    (0)    3 :  0.017 0.033 0.063 0.141 0.012 0.232 0.176 0.008 0.318 
191  BAFF388    (0)    4 :  0.012 0.250 0.016 0.023 0.271 0.121 0.060 0.201 0.046 
192  BAFF386    (7)   13 :  0.047 0.459 0.024 0.073 0.016 0.103 0.218 0.018 0.042 
193  BAFF084    (0)    6 :  0.568 0.012 0.012 0.019 0.009 0.256 0.073 0.011 0.039 
194  BAFF483    (0)    6 :  0.009 0.372 0.046 0.135 0.077 0.207 0.077 0.030 0.047 
195  BAFF438   (15)    7 :  0.144 0.052 0.028 0.211 0.032 0.209 0.284 0.017 0.021 
196  BAFF193    (0)    8 :  0.021 0.065 0.062 0.022 0.018 0.291 0.099 0.386 0.035 
197  BAFF183    (0)   10 :  0.054 0.022 0.024 0.033 0.034 0.090 0.169 0.057 0.516 
198  BAFF153    (0)   12 :  0.014 0.011 0.006 0.805 0.014 0.013 0.118 0.007 0.012 
199  BAFF307    (0)   12 :  0.098 0.026 0.021 0.527 0.022 0.168 0.105 0.011 0.022 
200  BAFF397    (0)    2 :  0.012 0.006 0.029 0.126 0.011 0.386 0.206 0.007 0.217 
201  BAFF220    (0)    3 :  0.093 0.567 0.006 0.020 0.012 0.014 0.260 0.010 0.019 
202  BAFF095    (0)    6 :  0.008 0.667 0.017 0.020 0.013 0.184 0.043 0.031 0.017 
203  BAFF494    (0)    6 :  0.035 0.379 0.030 0.018 0.037 0.203 0.214 0.007 0.077 
204  BAFF439    (0)    7 :  0.014 0.030 0.182 0.163 0.334 0.139 0.104 0.009 0.025 
205  BAFF182    (0)   10 :  0.085 0.324 0.027 0.054 0.106 0.087 0.231 0.028 0.059 
206  BAFF054    (0)   12 :  0.010 0.008 0.007 0.014 0.930 0.009 0.009 0.006 0.006 
207  BAFF308    (0)   12 :  0.019 0.018 0.010 0.708 0.016 0.076 0.108 0.015 0.030 
208  BAFF266    (0)    1 :  0.097 0.035 0.015 0.087 0.043 0.194 0.088 0.190 0.250 
209  BAFF398    (7)    2 :  0.005 0.652 0.005 0.006 0.005 0.020 0.285 0.015 0.006 
210  BAFF221    (0)    3 :  0.367 0.050 0.008 0.032 0.031 0.008 0.168 0.326 0.011 
211  BAFF090    (0)    6 :  0.174 0.095 0.021 0.061 0.097 0.097 0.400 0.017 0.039 
212  BAFF495    (0)    6 :  0.009 0.017 0.754 0.016 0.013 0.038 0.015 0.008 0.131 
213  BAFF459    (0)    7 :  0.066 0.018 0.048 0.037 0.012 0.068 0.060 0.007 0.684 
214  BAFF197    (0)    8 :  0.014 0.027 0.155 0.343 0.086 0.135 0.140 0.014 0.085 
215  BAFF188    (0)   10 :  0.100 0.017 0.027 0.557 0.034 0.038 0.191 0.014 0.022 
216  BAFF051    (0)   12 :  0.014 0.059 0.035 0.079 0.385 0.185 0.096 0.028 0.119 
217  BAFF309    (0)   12 :  0.017 0.060 0.026 0.042 0.013 0.590 0.209 0.009 0.034 
218  BAFF269    (0)    1 :  0.009 0.076 0.092 0.357 0.011 0.115 0.153 0.033 0.154 
219  BAFF077    (0)    6 :  0.028 0.005 0.013 0.007 0.010 0.008 0.007 0.007 0.916 
220  BAFF496    (0)    6 :  0.005 0.008 0.917 0.008 0.009 0.019 0.012 0.011 0.013 
221  BAFF443    (0)    7 :  0.014 0.047 0.027 0.147 0.104 0.281 0.149 0.051 0.181 
222  BAFF198    (0)    8 :  0.024 0.252 0.189 0.061 0.039 0.121 0.183 0.008 0.123 
223  BAFF053    (0)   12 :  0.015 0.010 0.046 0.695 0.033 0.038 0.131 0.020 0.012 
224  BAFF310    (0)   12 :  0.018 0.010 0.020 0.093 0.687 0.034 0.047 0.007 0.083 
225  BAFF282    (0)    1 :  0.012 0.056 0.028 0.070 0.017 0.025 0.026 0.665 0.100 
226  BAFF497    (0)    6 :  0.009 0.014 0.055 0.019 0.013 0.086 0.045 0.011 0.748 
227  BAFF466    (0)    7 :  0.169 0.052 0.026 0.077 0.037 0.335 0.124 0.014 0.165 
228  BAFF200    (7)    8 :  0.029 0.449 0.017 0.042 0.035 0.301 0.082 0.012 0.034 
229  BAFF240    (0)   10 :  0.662 0.063 0.016 0.039 0.010 0.079 0.087 0.015 0.029 
230  BAFF055    (0)   12 :  0.011 0.028 0.008 0.124 0.736 0.023 0.041 0.016 0.014 
231  BAFF311    (7)   12 :  0.023 0.647 0.007 0.044 0.007 0.051 0.179 0.028 0.014 


Estimated Allele Frequencies in each cluster
First column gives estimated ancestral frequencies


Locus 1 : btern01 
9 alleles
0.0% missing data
   1   (0.140) 0.096 0.138 0.167 0.174 0.036 0.162 0.102 0.120 0.179 
   2   (0.016) 0.003 0.004 0.003 0.005 0.003 0.007 0.006 0.030 0.010 
   3   (0.163) 0.153 0.118 0.192 0.191 0.090 0.184 0.208 0.063 0.245 
   4   (0.209) 0.259 0.196 0.343 0.202 0.173 0.222 0.167 0.202 0.125 
   5   (0.289) 0.381 0.173 0.107 0.335 0.344 0.311 0.297 0.444 0.303 
   6   (0.076) 0.034 0.057 0.057 0.052 0.326 0.040 0.081 0.034 0.076 
   7   (0.052) 0.058 0.257 0.012 0.020 0.018 0.035 0.119 0.084 0.016 
   8   (0.016) 0.002 0.004 0.029 0.009 0.002 0.004 0.005 0.015 0.005 
   9   (0.039) 0.012 0.054 0.089 0.012 0.007 0.035 0.016 0.007 0.042 

Locus 2 : bt28 
5 alleles
0.0% missing data
   1   (0.668) 0.663 0.578 0.750 0.744 0.716 0.694 0.618 0.764 0.645 
   2   (0.153) 0.062 0.175 0.169 0.137 0.099 0.130 0.121 0.178 0.129 
   3   (0.144) 0.265 0.239 0.074 0.105 0.179 0.156 0.247 0.039 0.095 
   4   (0.025) 0.007 0.005 0.006 0.011 0.004 0.016 0.011 0.006 0.126 
   5   (0.011) 0.002 0.003 0.002 0.003 0.002 0.002 0.002 0.012 0.004 

Locus 3 : b96 
8 alleles
0.9% missing data
   1   (0.333) 0.204 0.370 0.218 0.447 0.325 0.326 0.324 0.362 0.328 
   2   (0.481) 0.588 0.516 0.737 0.345 0.502 0.567 0.568 0.426 0.563 
   3   (0.045) 0.069 0.024 0.011 0.062 0.047 0.048 0.030 0.011 0.021 
   4   (0.015) 0.100 0.003 0.002 0.004 0.003 0.005 0.004 0.004 0.006 
   5   (0.051) 0.011 0.040 0.012 0.057 0.035 0.025 0.034 0.027 0.048 
   6   (0.026) 0.005 0.035 0.005 0.014 0.005 0.009 0.014 0.094 0.006 
   7   (0.036) 0.022 0.009 0.012 0.068 0.007 0.016 0.024 0.073 0.025 
   8   (0.013) 0.002 0.004 0.002 0.003 0.076 0.004 0.003 0.003 0.003 

Locus 4 : bt30 
12 alleles
0.9% missing data
   1   (0.113) 0.041 0.174 0.028 0.068 0.107 0.109 0.156 0.288 0.085 
   2   (0.292) 0.196 0.266 0.399 0.281 0.296 0.366 0.328 0.283 0.234 
   3   (0.069) 0.067 0.027 0.085 0.039 0.027 0.189 0.077 0.018 0.127 
   4   (0.188) 0.157 0.222 0.136 0.234 0.239 0.133 0.182 0.101 0.302 
   5   (0.013) 0.002 0.015 0.003 0.005 0.003 0.010 0.004 0.003 0.004 
   6   (0.104) 0.032 0.211 0.081 0.071 0.053 0.082 0.107 0.112 0.143 
   7   (0.033) 0.025 0.012 0.016 0.033 0.018 0.018 0.045 0.021 0.012 
   8   (0.051) 0.074 0.011 0.010 0.076 0.066 0.031 0.026 0.045 0.020 
   9   (0.100) 0.402 0.040 0.222 0.163 0.186 0.047 0.061 0.055 0.064 
  10   (0.011) 0.001 0.002 0.003 0.003 0.002 0.002 0.002 0.069 0.002 
  11   (0.017) 0.002 0.019 0.004 0.024 0.003 0.011 0.008 0.003 0.004 
  12   (0.008) 0.002 0.002 0.013 0.003 0.002 0.003 0.003 0.002 0.002 

Locus 5 : btms0081 
3 alleles
0.9% missing data
   1   (0.501) 0.663 0.624 0.273 0.416 0.306 0.560 0.506 0.599 0.631 
   2   (0.350) 0.266 0.271 0.504 0.432 0.488 0.347 0.323 0.211 0.273 
   3   (0.150) 0.070 0.104 0.223 0.152 0.207 0.093 0.171 0.190 0.096 

Locus 6 : btms0066 
24 alleles
0.0% missing data
   1   (0.253) 0.139 0.342 0.225 0.309 0.386 0.308 0.342 0.386 0.170 
   2   (0.018) 0.003 0.003 0.033 0.006 0.003 0.005 0.005 0.051 0.005 
   3   (0.036) 0.011 0.021 0.015 0.115 0.010 0.033 0.037 0.006 0.014 
   4   (0.154) 0.039 0.186 0.390 0.113 0.131 0.223 0.132 0.059 0.320 
   5   (0.093) 0.027 0.054 0.081 0.195 0.101 0.140 0.126 0.025 0.093 
   6   (0.054) 0.153 0.171 0.043 0.039 0.016 0.039 0.103 0.011 0.023 
   7   (0.020) 0.003 0.043 0.003 0.005 0.003 0.018 0.005 0.017 0.005 
   8   (0.057) 0.031 0.020 0.038 0.032 0.036 0.033 0.024 0.081 0.117 
   9   (0.019) 0.330 0.007 0.003 0.015 0.005 0.011 0.019 0.003 0.005 
  10   (0.023) 0.035 0.006 0.005 0.006 0.004 0.029 0.012 0.154 0.014 
  11   (0.023) 0.005 0.007 0.020 0.007 0.014 0.006 0.007 0.144 0.009 
  12   (0.042) 0.009 0.009 0.091 0.026 0.016 0.031 0.026 0.009 0.129 
  13   (0.021) 0.021 0.019 0.005 0.014 0.014 0.016 0.036 0.005 0.006 
  14   (0.021) 0.075 0.006 0.003 0.006 0.046 0.007 0.006 0.004 0.005 
  15   (0.019) 0.003 0.005 0.006 0.022 0.003 0.029 0.017 0.004 0.017 
  16   (0.033) 0.036 0.026 0.012 0.015 0.097 0.018 0.017 0.007 0.024 
  17   (0.024) 0.055 0.008 0.005 0.017 0.030 0.010 0.056 0.010 0.006 
  18   (0.012) 0.002 0.002 0.002 0.003 0.034 0.002 0.002 0.002 0.002 
  19   (0.012) 0.002 0.004 0.002 0.035 0.002 0.003 0.005 0.002 0.003 
  20   (0.018) 0.006 0.027 0.009 0.006 0.009 0.017 0.007 0.006 0.016 
  21   (0.016) 0.008 0.023 0.003 0.005 0.003 0.011 0.007 0.005 0.005 
  22   (0.012) 0.003 0.008 0.002 0.003 0.002 0.004 0.005 0.002 0.004 
  23   (0.008) 0.001 0.001 0.001 0.003 0.032 0.002 0.002 0.001 0.002 
  24   (0.011) 0.003 0.002 0.002 0.003 0.002 0.004 0.003 0.005 0.006 

Locus 7 : btms0083 
31 alleles
3.0% missing data
   1   (0.009) 0.006 0.003 0.001 0.002 0.001 0.002 0.007 0.233 0.002 
   2   (0.025) 0.011 0.006 0.004 0.032 0.004 0.012 0.017 0.107 0.008 
   3   (0.032) 0.127 0.065 0.007 0.015 0.010 0.018 0.032 0.006 0.024 
   4   (0.044) 0.032 0.041 0.015 0.024 0.011 0.046 0.051 0.061 0.022 
   5   (0.206) 0.138 0.336 0.162 0.224 0.269 0.256 0.233 0.236 0.167 
   6   (0.023) 0.008 0.021 0.005 0.008 0.005 0.021 0.013 0.006 0.026 
   7   (0.055) 0.081 0.022 0.017 0.080 0.135 0.082 0.168 0.016 0.041 
   8   (0.039) 0.011 0.011 0.013 0.130 0.015 0.040 0.046 0.018 0.026 
   9   (0.037) 0.007 0.045 0.037 0.037 0.007 0.033 0.028 0.008 0.037 
  10   (0.022) 0.004 0.103 0.006 0.015 0.014 0.037 0.012 0.007 0.007 
  11   (0.063) 0.385 0.027 0.087 0.041 0.012 0.075 0.053 0.017 0.112 
  12   (0.016) 0.003 0.007 0.009 0.005 0.003 0.006 0.008 0.043 0.007 
  13   (0.054) 0.025 0.032 0.046 0.080 0.073 0.035 0.037 0.011 0.111 
  14   (0.028) 0.007 0.008 0.010 0.016 0.005 0.106 0.043 0.006 0.112 
  15   (0.026) 0.006 0.021 0.027 0.013 0.005 0.013 0.009 0.015 0.081 
  16   (0.029) 0.014 0.071 0.010 0.011 0.006 0.028 0.043 0.033 0.015 
  17   (0.025) 0.012 0.012 0.374 0.016 0.004 0.010 0.013 0.035 0.009 
  18   (0.053) 0.016 0.046 0.032 0.038 0.119 0.048 0.039 0.042 0.032 
  19   (0.020) 0.004 0.004 0.009 0.008 0.118 0.009 0.007 0.008 0.008 
  20   (0.026) 0.005 0.007 0.005 0.094 0.058 0.012 0.021 0.005 0.008 
  21   (0.012) 0.002 0.003 0.002 0.003 0.002 0.003 0.002 0.033 0.003 
  22   (0.012) 0.003 0.003 0.022 0.004 0.003 0.003 0.003 0.014 0.003 
  23   (0.016) 0.003 0.005 0.008 0.011 0.003 0.008 0.009 0.013 0.010 
  24   (0.010) 0.002 0.002 0.002 0.003 0.014 0.002 0.002 0.003 0.002 
  25   (0.032) 0.006 0.072 0.007 0.031 0.007 0.044 0.065 0.006 0.010 
  26   (0.016) 0.004 0.004 0.009 0.005 0.003 0.006 0.004 0.003 0.089 
  27   (0.026) 0.007 0.009 0.054 0.028 0.051 0.012 0.013 0.005 0.010 
  28   (0.014) 0.066 0.006 0.009 0.005 0.003 0.016 0.010 0.003 0.004 
  29   (0.013) 0.003 0.004 0.003 0.004 0.002 0.013 0.006 0.005 0.008 
  30   (0.013) 0.002 0.003 0.002 0.010 0.038 0.003 0.004 0.002 0.003 
  31   (0.005) 0.001 0.002 0.002 0.005 0.001 0.002 0.003 0.001 0.004 

Locus 8 : b126 
16 alleles
0.0% missing data
   1   (0.042) 0.008 0.060 0.009 0.034 0.014 0.023 0.029 0.043 0.042 
   2   (0.052) 0.011 0.018 0.075 0.059 0.009 0.036 0.035 0.137 0.033 
   3   (0.311) 0.616 0.263 0.503 0.347 0.380 0.364 0.419 0.179 0.249 
   4   (0.029) 0.005 0.013 0.033 0.011 0.006 0.023 0.016 0.008 0.089 
   5   (0.074) 0.028 0.145 0.063 0.040 0.049 0.135 0.093 0.025 0.045 
   6   (0.065) 0.012 0.018 0.018 0.135 0.162 0.077 0.071 0.014 0.102 
   7   (0.105) 0.202 0.168 0.042 0.137 0.143 0.119 0.068 0.021 0.126 
   8   (0.031) 0.006 0.009 0.015 0.015 0.078 0.011 0.011 0.007 0.056 
   9   (0.015) 0.002 0.035 0.002 0.003 0.002 0.011 0.003 0.002 0.003 
  10   (0.038) 0.013 0.100 0.020 0.017 0.048 0.020 0.050 0.027 0.019 
  11   (0.092) 0.069 0.034 0.034 0.098 0.022 0.092 0.069 0.409 0.139 
  12   (0.030) 0.004 0.006 0.005 0.032 0.030 0.026 0.024 0.026 0.010 
  13   (0.062) 0.010 0.081 0.149 0.035 0.047 0.039 0.081 0.090 0.025 
  14   (0.023) 0.004 0.012 0.025 0.009 0.005 0.012 0.008 0.005 0.051 
  15   (0.015) 0.002 0.013 0.004 0.022 0.003 0.008 0.007 0.003 0.003 
  16   (0.015) 0.007 0.026 0.003 0.005 0.003 0.006 0.017 0.003 0.007 

Locus 9 : btms0062 
34 alleles
0.0% missing data
   1   (0.028) 0.030 0.034 0.009 0.010 0.007 0.030 0.022 0.085 0.041 
   2   (0.052) 0.023 0.046 0.243 0.025 0.014 0.035 0.041 0.103 0.060 
   3   (0.080) 0.053 0.038 0.085 0.234 0.058 0.093 0.090 0.088 0.054 
   4   (0.110) 0.183 0.203 0.029 0.055 0.205 0.162 0.071 0.057 0.151 
   5   (0.054) 0.078 0.046 0.014 0.066 0.014 0.165 0.084 0.020 0.025 
   6   (0.027) 0.014 0.011 0.025 0.035 0.006 0.026 0.019 0.007 0.016 
   7   (0.008) 0.001 0.003 0.002 0.005 0.002 0.014 0.007 0.002 0.003 
   8   (0.024) 0.004 0.006 0.012 0.040 0.004 0.036 0.029 0.006 0.032 
   9   (0.044) 0.055 0.032 0.022 0.017 0.020 0.037 0.022 0.021 0.153 
  10   (0.052) 0.010 0.080 0.018 0.028 0.062 0.069 0.058 0.045 0.054 
  11   (0.058) 0.293 0.134 0.025 0.045 0.036 0.044 0.144 0.015 0.077 
  12   (0.040) 0.012 0.074 0.320 0.037 0.031 0.020 0.035 0.008 0.018 
  13   (0.050) 0.017 0.111 0.011 0.058 0.018 0.034 0.065 0.027 0.043 
  14   (0.041) 0.009 0.012 0.013 0.042 0.282 0.032 0.025 0.011 0.069 
  15   (0.012) 0.002 0.004 0.004 0.109 0.003 0.005 0.019 0.002 0.003 
  16   (0.016) 0.083 0.003 0.003 0.012 0.008 0.005 0.012 0.003 0.004 
  17   (0.025) 0.004 0.013 0.015 0.008 0.004 0.009 0.007 0.156 0.008 
  18   (0.011) 0.004 0.031 0.004 0.004 0.002 0.003 0.012 0.002 0.003 
  19   (0.044) 0.007 0.019 0.063 0.018 0.101 0.024 0.018 0.086 0.042 
  20   (0.007) 0.001 0.001 0.001 0.002 0.001 0.001 0.001 0.035 0.002 
  21   (0.037) 0.007 0.016 0.035 0.016 0.007 0.037 0.021 0.042 0.045 
  22   (0.018) 0.003 0.003 0.003 0.017 0.003 0.006 0.013 0.107 0.005 
  23   (0.010) 0.002 0.002 0.002 0.002 0.002 0.005 0.003 0.028 0.003 
  24   (0.021) 0.004 0.005 0.007 0.006 0.009 0.036 0.015 0.005 0.028 
  25   (0.012) 0.002 0.003 0.002 0.004 0.003 0.010 0.005 0.011 0.008 
  26   (0.026) 0.040 0.033 0.008 0.011 0.028 0.020 0.105 0.009 0.023 
  27   (0.021) 0.031 0.013 0.004 0.034 0.007 0.008 0.027 0.004 0.005 
  28   (0.011) 0.001 0.002 0.002 0.025 0.002 0.002 0.006 0.002 0.002 
  29   (0.014) 0.018 0.003 0.009 0.004 0.003 0.008 0.005 0.004 0.004 
  30   (0.011) 0.002 0.002 0.003 0.002 0.031 0.002 0.003 0.002 0.002 
  31   (0.011) 0.002 0.002 0.002 0.011 0.002 0.011 0.007 0.002 0.004 
  32   (0.008) 0.004 0.007 0.002 0.003 0.001 0.004 0.003 0.002 0.003 
  33   (0.009) 0.001 0.002 0.003 0.006 0.001 0.003 0.004 0.002 0.004 
  34   (0.010) 0.002 0.002 0.002 0.005 0.024 0.003 0.003 0.002 0.005 

Locus 10 : btern02 
25 alleles
4.8% missing data
   1   (0.104) 0.231 0.075 0.122 0.146 0.039 0.060 0.108 0.136 0.215 
   2   (0.010) 0.002 0.002 0.002 0.003 0.002 0.002 0.002 0.016 0.003 
   3   (0.082) 0.039 0.126 0.124 0.085 0.025 0.154 0.087 0.026 0.088 
   4   (0.053) 0.010 0.143 0.075 0.027 0.093 0.046 0.079 0.015 0.039 
   5   (0.027) 0.035 0.019 0.016 0.013 0.006 0.039 0.020 0.011 0.012 
   6   (0.050) 0.115 0.038 0.023 0.030 0.022 0.096 0.062 0.021 0.039 
   7   (0.026) 0.004 0.030 0.012 0.020 0.148 0.021 0.013 0.005 0.008 
   8   (0.036) 0.020 0.014 0.015 0.035 0.006 0.035 0.023 0.111 0.022 
   9   (0.069) 0.043 0.104 0.034 0.187 0.037 0.055 0.126 0.058 0.037 
  10   (0.029) 0.006 0.012 0.116 0.011 0.005 0.092 0.041 0.006 0.019 
  11   (0.061) 0.017 0.024 0.101 0.118 0.065 0.056 0.051 0.018 0.069 
  12   (0.033) 0.016 0.011 0.101 0.020 0.006 0.020 0.013 0.142 0.017 
  13   (0.050) 0.016 0.064 0.022 0.025 0.056 0.032 0.042 0.058 0.060 
  14   (0.054) 0.022 0.035 0.028 0.026 0.123 0.025 0.040 0.173 0.070 
  15   (0.008) 0.186 0.001 0.001 0.002 0.001 0.002 0.002 0.001 0.002 
  16   (0.047) 0.010 0.015 0.019 0.028 0.049 0.047 0.026 0.054 0.088 
  17   (0.026) 0.017 0.018 0.012 0.011 0.056 0.032 0.022 0.006 0.027 
  18   (0.052) 0.015 0.036 0.064 0.031 0.172 0.041 0.028 0.012 0.077 
  19   (0.035) 0.068 0.080 0.021 0.071 0.008 0.023 0.085 0.007 0.014 
  20   (0.039) 0.007 0.080 0.015 0.029 0.008 0.038 0.068 0.050 0.033 
  21   (0.022) 0.005 0.006 0.033 0.015 0.010 0.018 0.013 0.032 0.018 
  22   (0.014) 0.002 0.003 0.015 0.006 0.007 0.004 0.005 0.011 0.005 
  23   (0.031) 0.013 0.035 0.019 0.041 0.006 0.019 0.021 0.021 0.024 
  24   (0.030) 0.099 0.016 0.007 0.017 0.044 0.036 0.015 0.006 0.011 
  25   (0.013) 0.002 0.014 0.005 0.004 0.004 0.007 0.008 0.003 0.005 

Locus 11 : btms0086 
3 alleles
0.0% missing data
   1   (0.840) 0.969 0.775 0.804 0.904 0.923 0.799 0.863 0.775 0.896 
   2   (0.139) 0.027 0.221 0.191 0.056 0.069 0.193 0.122 0.209 0.099 
   3   (0.021) 0.003 0.004 0.005 0.040 0.007 0.008 0.016 0.017 0.005 

Locus 12 : bl13 
3 alleles
0.0% missing data
   1   (0.070) 0.020 0.041 0.026 0.028 0.335 0.046 0.035 0.232 0.027 
   2   (0.828) 0.697 0.839 0.945 0.849 0.604 0.866 0.885 0.748 0.871 
   3   (0.102) 0.284 0.120 0.029 0.123 0.061 0.088 0.081 0.020 0.101 

Locus 13 : btms0059 
9 alleles
0.0% missing data
   1   (0.345) 0.458 0.350 0.170 0.517 0.290 0.350 0.396 0.364 0.318 
   2   (0.110) 0.230 0.041 0.260 0.067 0.019 0.095 0.064 0.111 0.307 
   3   (0.065) 0.027 0.034 0.027 0.060 0.116 0.031 0.033 0.127 0.037 
   4   (0.054) 0.012 0.092 0.019 0.038 0.021 0.057 0.034 0.043 0.027 
   5   (0.080) 0.040 0.038 0.064 0.080 0.045 0.133 0.080 0.035 0.054 
   6   (0.294) 0.220 0.429 0.437 0.212 0.500 0.303 0.370 0.308 0.182 
   7   (0.015) 0.006 0.003 0.017 0.004 0.002 0.006 0.004 0.003 0.046 
   8   (0.023) 0.006 0.011 0.005 0.019 0.004 0.022 0.014 0.006 0.017 
   9   (0.011) 0.002 0.002 0.002 0.003 0.002 0.003 0.005 0.003 0.011 

Values of parameters used in structure:
DATAFILE=/Users/johnmola/Desktop/rpbbfeb27/rpbbstructure/project_data,	OUTFILE=/Users/johnmola/Desktop/rpbbfeb27/rpbbstructure/rpbb20k100k/Results/rpbb20k100k_run_84,	NUMINDS=231,	NUMLOCI=13,	MISSING=-9,	LABEL=1,	POPDATA=1,	POPFLAG=0,	PHENOTYPE=0,	EXTRACOLS=0,	MAXPOPS=9,	BURNIN=20000,	NUMREPS=100000,	USEPOPINFO=0,	INFERALPHA=1,	INFERLAMBDA=0,	POPSPECIFICLAMBDA=0,	POPALPHAS=0,	COMPUTEPROB=1,	NOADMIX=0,	ADMBURNIN=2500,	UPDATEFREQ=1,	PRINTLIKES=0,	INTERMEDSAVE=0,	PRINTKLD=0,	PRINTNET=0,	PRINTLAMBDA=0,	ANCESTDIST=0,	NUMBOXES=1000,	ANCESTPINT=0.90000,	GENSBACK=2,	MIGRPRIOR=0.05000,	PRINTQHAT=0,	PRINTQSUM=0,	ALPHA=1.0000,	FREQSCORR=1,	FPRIORMEAN=0.0100,	FPRIORSD=0.0500,	ONEFST=0,	LAMBDA=1.0000,	UNIFPRIORALPHA=1,	ALPHAMAX=10.0000,	ALPHAPRIORA=1.0000,	ALPHAPRIORB=2.0000,	ALPHAPROPSD=0.0250,	STARTATPOPINFO=0,	RANDOMIZE=1,	LINKAGE=0,	METROFREQ=10,	REPORTHITRATE=0,	MARKOVPHASE=-1,	PHASED=0,	PLOIDY=2,	PHASEINFO=0	LOCPRIOR=0, 	LOCPRIORINIT=1.000000, 	LOCDATA=0, 	LOCISPOP=0, 	LOCPRIORSTEP=0.100000, 	MAXLOCPRIOR=20.000000, 	SEED=1677523159,	
[STRAT parameters]:    NUMSIMSTATS=1000,	PHENOTYPECOL=-9,	POOLFREQ=10,	LOCUSxONLY=0,	EMERROR=0.00100,	MISSINGPHENO=-9,	