

----------------------------------------------------
STRUCTURE by Pritchard, Stephens and Donnelly (2000)
     and Falush, Stephens and Pritchard (2003)
       Code by Pritchard, Falush and Hubisz
             Version 2.3.4 (Jul 2012)
----------------------------------------------------



Command line arguments:   bin/structure -m "/Users/johnmola/Desktop/rpbbfeb27/rpbbstructure/rpbb20k100k/mainparams" -e "/Users/johnmola/Desktop/rpbbfeb27/rpbbstructure/rpbb20k100k/extraparams" 
Input File:    /Users/johnmola/Desktop/rpbbfeb27/rpbbstructure/project_data

Run parameters:
   231 individuals
   13 loci
   9 populations assumed
   20000 Burn-in period
   100000 Reps


--------------------------------------------
Proportion of membership of each pre-defined
 population in each of the 9 clusters

Given    Inferred Clusters                                                 Number of
 Pop       1      2      3      4      5      6      7      8      9      Individuals

  1:     0.047  0.029  0.033  0.013  0.033  0.048  0.728  0.014  0.054       21
  2:     0.166  0.247  0.152  0.106  0.096  0.145  0.020  0.015  0.052        7
  3:     0.132  0.185  0.115  0.096  0.050  0.173  0.064  0.024  0.161        7
  4:     0.143  0.052  0.153  0.047  0.143  0.225  0.045  0.062  0.130        8
  5:     0.151  0.068  0.168  0.010  0.256  0.206  0.042  0.024  0.075        4
  6:     0.153  0.195  0.140  0.048  0.062  0.173  0.031  0.081  0.118       35
  7:     0.181  0.156  0.204  0.032  0.088  0.163  0.058  0.029  0.088       40
  8:     0.136  0.142  0.128  0.070  0.093  0.106  0.044  0.089  0.193       19
  9:     0.088  0.062  0.161  0.038  0.058  0.117  0.239  0.025  0.210        4
 10:     0.136  0.198  0.112  0.124  0.100  0.065  0.018  0.161  0.087       11
 11:     0.057  0.018  0.052  0.539  0.041  0.132  0.131  0.013  0.017        8
 12:     0.088  0.074  0.098  0.042  0.277  0.056  0.033  0.298  0.035       60
 13:     0.159  0.101  0.137  0.018  0.062  0.065  0.036  0.018  0.404        7
--------------------------------------------

Allele-freq. divergence among pops (Net nucleotide distance),
computed using point estimates of P.

      1       2       3       4       5       6       7       8       9      
 1      -    0.0216  0.0036  0.0503  0.0139  0.0100  0.0290  0.0291  0.0285  
 2   0.0216     -    0.0261  0.0673  0.0380  0.0297  0.0416  0.0465  0.0470  
 3   0.0036  0.0261     -    0.0518  0.0165  0.0142  0.0320  0.0307  0.0274  
 4   0.0503  0.0673  0.0518     -    0.0585  0.0503  0.0792  0.0746  0.0772  
 5   0.0139  0.0380  0.0165  0.0585     -    0.0205  0.0351  0.0338  0.0430  
 6   0.0100  0.0297  0.0142  0.0503  0.0205     -    0.0341  0.0393  0.0315  
 7   0.0290  0.0416  0.0320  0.0792  0.0351  0.0341     -    0.0467  0.0565  
 8   0.0291  0.0465  0.0307  0.0746  0.0338  0.0393  0.0467     -    0.0481  
 9   0.0285  0.0470  0.0274  0.0772  0.0430  0.0315  0.0565  0.0481     -    

Average distances (expected heterozygosity) between individuals in same cluster:
cluster  1  : 0.6819 
cluster  2  : 0.6824 
cluster  3  : 0.6709 
cluster  4  : 0.6098 
cluster  5  : 0.6770 
cluster  6  : 0.6880 
cluster  7  : 0.6835 
cluster  8  : 0.6750 
cluster  9  : 0.6420 

--------------------------------------------
Estimated Ln Prob of Data   = -9924.8
Mean value of ln likelihood = -9217.0
Variance of ln likelihood   = 1415.7
Mean value of alpha         = 0.0511

Mean value of Fst_1         = 0.0781
Mean value of Fst_2         = 0.0941
Mean value of Fst_3         = 0.0826
Mean value of Fst_4         = 0.2387
Mean value of Fst_5         = 0.0673
Mean value of Fst_6         = 0.0708
Mean value of Fst_7         = 0.0969
Mean value of Fst_8         = 0.1038
Mean value of Fst_9         = 0.1251


Inferred ancestry of individuals:
        Label (%Miss) Pop:  Inferred clusters
  1  BAFF014    (0)    1 :  0.038 0.010 0.010 0.008 0.012 0.030 0.873 0.005 0.015 
  2  BAFF379    (0)    2 :  0.134 0.053 0.247 0.049 0.245 0.157 0.014 0.013 0.089 
  3  BAFF212    (0)    3 :  0.238 0.201 0.222 0.012 0.042 0.154 0.021 0.055 0.056 
  4  BAFF018    (0)    4 :  0.233 0.021 0.361 0.028 0.305 0.020 0.007 0.017 0.008 
  5  BAFF247    (0)    4 :  0.234 0.052 0.283 0.008 0.234 0.156 0.007 0.012 0.014 
  6  BAFF024    (0)    5 :  0.075 0.151 0.029 0.011 0.061 0.456 0.018 0.050 0.149 
  7  BAFF088    (0)    6 :  0.103 0.706 0.045 0.019 0.040 0.029 0.010 0.028 0.020 
  8  BAFF429    (0)    6 :  0.295 0.058 0.079 0.034 0.137 0.204 0.014 0.011 0.169 
  9  BAFF087    (7)    7 :  0.020 0.934 0.008 0.005 0.006 0.008 0.007 0.006 0.007 
 10  BAFF225    (0)    7 :  0.140 0.343 0.170 0.008 0.025 0.071 0.035 0.017 0.192 
 11  BAFF195    (0)    8 :  0.073 0.114 0.063 0.376 0.121 0.155 0.038 0.015 0.044 
 12  BAFF238    (0)    9 :  0.084 0.033 0.084 0.020 0.029 0.069 0.074 0.030 0.578 
 13  BAFF019    (0)   10 :  0.091 0.035 0.028 0.023 0.021 0.029 0.024 0.740 0.009 
 14  BAFF175    (0)   10 :  0.112 0.158 0.147 0.050 0.254 0.065 0.010 0.047 0.156 
 15  BAFF156    (0)   11 :  0.006 0.006 0.007 0.954 0.007 0.005 0.005 0.006 0.004 
 16  BAFF301    (0)   11 :  0.029 0.015 0.023 0.008 0.018 0.033 0.817 0.021 0.035 
 17  BAFF141    (0)   12 :  0.120 0.006 0.288 0.005 0.491 0.007 0.072 0.005 0.005 
 18  BAFF302    (0)   12 :  0.059 0.021 0.052 0.015 0.029 0.736 0.019 0.035 0.033 
 19  BAFF290    (0)    1 :  0.030 0.014 0.053 0.006 0.054 0.020 0.725 0.013 0.086 
 20  BAFF498    (0)    6 :  0.171 0.054 0.200 0.047 0.027 0.215 0.183 0.049 0.052 
 21  BAFF455    (0)    7 :  0.058 0.659 0.080 0.046 0.028 0.019 0.020 0.020 0.071 
 22  BAFF203    (7)    8 :  0.146 0.670 0.050 0.014 0.046 0.022 0.010 0.013 0.031 
 23  BAFF056    (0)   12 :  0.035 0.008 0.046 0.004 0.017 0.022 0.015 0.824 0.029 
 24  BAFF327    (0)   12 :  0.040 0.023 0.018 0.025 0.715 0.033 0.046 0.087 0.013 
 25  BAFF255    (0)    1 :  0.011 0.008 0.016 0.005 0.012 0.012 0.916 0.007 0.013 
 26  BAFF256    (0)    1 :  0.007 0.010 0.008 0.004 0.006 0.006 0.937 0.011 0.011 
 27  BAFF257    (0)    1 :  0.006 0.007 0.006 0.004 0.006 0.005 0.953 0.005 0.008 
 28  BAFF260    (0)    1 :  0.007 0.019 0.007 0.004 0.007 0.008 0.927 0.007 0.014 
 29  BAFF259    (0)    1 :  0.010 0.007 0.008 0.007 0.009 0.008 0.930 0.013 0.008 
 30  BAFF261    (0)    1 :  0.012 0.009 0.013 0.007 0.009 0.008 0.926 0.008 0.008 
 31  BAFF274    (0)    1 :  0.035 0.028 0.040 0.009 0.020 0.034 0.804 0.013 0.017 
 32  BAFF262    (0)    1 :  0.015 0.032 0.009 0.008 0.023 0.014 0.886 0.008 0.007 
 33  BAFF294    (0)    1 :  0.010 0.036 0.007 0.007 0.009 0.013 0.903 0.008 0.006 
 34  BAFF292    (0)    1 :  0.016 0.008 0.016 0.022 0.027 0.022 0.535 0.009 0.346 
 35  BAFF296    (0)    1 :  0.011 0.008 0.015 0.017 0.013 0.020 0.569 0.016 0.330 
 36  BAFF295    (0)    1 :  0.035 0.027 0.028 0.010 0.054 0.019 0.721 0.011 0.096 
 37  BAFF298    (0)    1 :  0.023 0.011 0.023 0.007 0.017 0.030 0.858 0.022 0.009 
 38  BAFF299    (0)    1 :  0.010 0.010 0.006 0.016 0.008 0.008 0.906 0.032 0.006 
 39  BAFF375    (0)   13 :  0.007 0.009 0.008 0.005 0.006 0.007 0.009 0.007 0.942 
 40  BAFF376    (0)   13 :  0.021 0.049 0.016 0.007 0.016 0.044 0.012 0.018 0.816 
 41  BAFF377    (0)   13 :  0.008 0.008 0.008 0.007 0.007 0.013 0.013 0.007 0.931 
 42  BAFF022    (0)    5 :  0.199 0.019 0.094 0.013 0.363 0.187 0.084 0.009 0.033 
 43  BAFF021    (0)    5 :  0.136 0.027 0.092 0.006 0.572 0.101 0.037 0.012 0.017 
 44  BAFF499    (0)    6 :  0.059 0.016 0.087 0.022 0.024 0.045 0.007 0.711 0.030 
 45  BAFF204    (0)    8 :  0.211 0.022 0.414 0.009 0.106 0.156 0.008 0.041 0.031 
 46  BAFF068    (0)   12 :  0.016 0.008 0.020 0.009 0.019 0.020 0.067 0.830 0.012 
 47  BAFF336    (0)   12 :  0.106 0.030 0.123 0.067 0.057 0.052 0.012 0.541 0.013 
 48  BAFF447    (0)    7 :  0.220 0.028 0.377 0.018 0.021 0.294 0.007 0.013 0.024 
 49  BAFF457    (0)    7 :  0.212 0.012 0.297 0.026 0.031 0.322 0.029 0.009 0.062 
 50  BAFF448    (0)    7 :  0.091 0.468 0.219 0.018 0.052 0.063 0.050 0.007 0.032 
 51  BAFF465    (0)    7 :  0.022 0.846 0.037 0.013 0.016 0.030 0.012 0.010 0.012 
 52  BAFF194    (0)    8 :  0.058 0.030 0.037 0.021 0.037 0.698 0.023 0.012 0.084 
 53  BAFF199    (0)    8 :  0.239 0.013 0.425 0.036 0.078 0.152 0.015 0.014 0.027 
 54  BAFF500    (0)    6 :  0.180 0.093 0.157 0.007 0.011 0.252 0.171 0.082 0.046 
 55  BAFF206    (0)    8 :  0.118 0.072 0.050 0.011 0.464 0.026 0.030 0.048 0.181 
 56  BAFF069    (0)   12 :  0.018 0.012 0.018 0.015 0.016 0.012 0.008 0.881 0.019 
 57  BAFF330    (0)   12 :  0.164 0.486 0.129 0.052 0.078 0.021 0.018 0.030 0.022 
 58  BAFF239    (0)   10 :  0.140 0.015 0.234 0.234 0.073 0.007 0.013 0.272 0.011 
 59  BAFF241    (0)   10 :  0.154 0.009 0.234 0.200 0.013 0.009 0.017 0.357 0.008 
 60  BAFF157    (0)   11 :  0.006 0.005 0.005 0.957 0.006 0.007 0.004 0.005 0.005 
 61  BAFF161    (0)   11 :  0.005 0.005 0.005 0.962 0.004 0.005 0.004 0.005 0.004 
 62  BAFF160    (0)   11 :  0.005 0.006 0.005 0.957 0.006 0.007 0.004 0.005 0.004 
 63  BAFF008    (0)   12 :  0.085 0.528 0.104 0.013 0.038 0.027 0.036 0.136 0.031 
 64  BAFF013    (0)   12 :  0.090 0.713 0.040 0.019 0.064 0.024 0.011 0.014 0.026 
 65  BAFF407    (0)   12 :  0.019 0.011 0.015 0.010 0.024 0.010 0.009 0.889 0.012 
 66  BAFF503    (0)    6 :  0.197 0.044 0.037 0.038 0.014 0.057 0.006 0.587 0.022 
 67  BAFF449    (0)    7 :  0.123 0.272 0.059 0.009 0.478 0.016 0.010 0.021 0.011 
 68  BAFF207    (0)    8 :  0.058 0.040 0.051 0.004 0.029 0.051 0.013 0.516 0.237 
 69  BAFF070    (0)   12 :  0.014 0.014 0.015 0.010 0.041 0.010 0.009 0.875 0.012 
 70  BAFF335    (0)   12 :  0.023 0.012 0.014 0.011 0.893 0.015 0.008 0.018 0.006 
 71  BAFF507    (0)    6 :  0.019 0.014 0.015 0.018 0.025 0.781 0.029 0.007 0.092 
 72  BAFF450    (0)    7 :  0.141 0.023 0.155 0.054 0.035 0.071 0.110 0.038 0.374 
 73  BAFF209    (7)    8 :  0.115 0.141 0.042 0.169 0.136 0.066 0.027 0.025 0.278 
 74  BAFF072    (0)   12 :  0.146 0.019 0.251 0.249 0.248 0.017 0.011 0.041 0.019 
 75  BAFF339    (0)   12 :  0.057 0.009 0.136 0.007 0.075 0.048 0.011 0.289 0.367 
 76  BAFF508    (0)    6 :  0.210 0.015 0.325 0.259 0.040 0.031 0.062 0.019 0.039 
 77  BAFF451    (0)    7 :  0.213 0.054 0.196 0.014 0.066 0.395 0.010 0.022 0.030 
 78  BAFF210    (0)    8 :  0.068 0.080 0.099 0.005 0.017 0.058 0.072 0.427 0.174 
 79  BAFF139    (0)   12 :  0.191 0.024 0.149 0.036 0.160 0.341 0.040 0.012 0.046 
 80  BAFF341    (0)   12 :  0.292 0.026 0.341 0.087 0.070 0.031 0.015 0.012 0.126 
 81  BAFF509    (0)    6 :  0.113 0.559 0.022 0.010 0.101 0.046 0.058 0.039 0.050 
 82  BAFF453    (0)    7 :  0.072 0.034 0.049 0.015 0.049 0.033 0.008 0.065 0.674 
 83  BAFF389    (0)    8 :  0.010 0.015 0.007 0.423 0.011 0.013 0.013 0.005 0.504 
 84  BAFF163    (0)   12 :  0.007 0.009 0.006 0.009 0.005 0.010 0.003 0.940 0.011 
 85  BAFF344    (7)   12 :  0.055 0.021 0.046 0.032 0.587 0.034 0.009 0.161 0.055 
 86  BAFF510    (0)    6 :  0.046 0.183 0.035 0.048 0.069 0.546 0.010 0.028 0.034 
 87  BAFF456    (0)    7 :  0.178 0.011 0.191 0.010 0.047 0.450 0.016 0.032 0.066 
 88  BAFF390    (0)    8 :  0.040 0.005 0.013 0.016 0.007 0.018 0.006 0.005 0.891 
 89  BAFF142    (0)   12 :  0.142 0.010 0.287 0.026 0.255 0.012 0.226 0.033 0.008 
 90  BAFF363    (7)   12 :  0.012 0.010 0.011 0.018 0.021 0.010 0.006 0.906 0.007 
 91  BAFF517    (0)    6 :  0.058 0.022 0.082 0.020 0.087 0.431 0.007 0.029 0.265 
 92  BAFF458    (0)    7 :  0.372 0.044 0.284 0.011 0.034 0.176 0.034 0.024 0.022 
 93  BAFF391    (0)    8 :  0.075 0.048 0.133 0.007 0.095 0.129 0.163 0.300 0.049 
 94  BAFF149    (0)   12 :  0.060 0.010 0.146 0.028 0.604 0.015 0.010 0.025 0.100 
 95  BAFF366    (7)   12 :  0.117 0.006 0.056 0.023 0.673 0.074 0.008 0.014 0.028 
 96  BAFF512    (0)    6 :  0.184 0.061 0.338 0.014 0.022 0.153 0.124 0.038 0.066 
 97  BAFF460    (0)    7 :  0.138 0.012 0.201 0.013 0.514 0.070 0.014 0.013 0.025 
 98  BAFF138    (0)   12 :  0.056 0.007 0.039 0.016 0.823 0.014 0.016 0.017 0.011 
 99  BAFF374    (0)   12 :  0.080 0.470 0.011 0.063 0.034 0.024 0.043 0.254 0.021 
100  BAFF015    (0)    1 :  0.062 0.009 0.012 0.008 0.011 0.023 0.857 0.010 0.009 
101  BAFF380    (0)    2 :  0.364 0.096 0.057 0.140 0.071 0.202 0.010 0.043 0.018 
102  BAFF216    (0)    3 :  0.237 0.074 0.103 0.013 0.020 0.419 0.027 0.025 0.081 
103  BAFF017    (0)    4 :  0.014 0.006 0.015 0.007 0.005 0.574 0.014 0.019 0.347 
104  BAFF245    (0)    4 :  0.145 0.075 0.118 0.009 0.309 0.100 0.114 0.028 0.101 
105  BAFF378    (7)   13 :  0.212 0.013 0.300 0.010 0.021 0.226 0.173 0.010 0.034 
106  BAFF023    (0)    5 :  0.195 0.075 0.458 0.011 0.027 0.082 0.028 0.024 0.101 
107  BAFF079    (0)    6 :  0.182 0.059 0.039 0.028 0.195 0.294 0.037 0.045 0.122 
108  BAFF435    (0)    6 :  0.319 0.015 0.562 0.011 0.019 0.031 0.007 0.018 0.018 
109  BAFF174    (7)    7 :  0.107 0.021 0.034 0.011 0.016 0.024 0.006 0.020 0.760 
110  BAFF226    (0)    7 :  0.227 0.012 0.306 0.014 0.058 0.330 0.011 0.009 0.034 
111  BAFF190    (0)    8 :  0.321 0.290 0.151 0.034 0.073 0.025 0.015 0.073 0.017 
112  BAFF243    (0)    9 :  0.080 0.034 0.095 0.080 0.082 0.349 0.073 0.007 0.201 
113  BAFF177    (0)   10 :  0.120 0.576 0.025 0.021 0.076 0.034 0.030 0.007 0.111 
114  BAFF364    (7)   11 :  0.208 0.083 0.158 0.418 0.017 0.042 0.013 0.028 0.034 
115  BAFF305    (0)   12 :  0.047 0.011 0.014 0.009 0.836 0.023 0.020 0.018 0.021 
116  BAFF513    (0)    6 :  0.248 0.389 0.052 0.015 0.026 0.149 0.048 0.021 0.053 
117  BAFF462    (0)    7 :  0.268 0.115 0.132 0.015 0.011 0.043 0.362 0.043 0.010 
118  BAFF143    (0)   12 :  0.055 0.056 0.066 0.049 0.623 0.050 0.007 0.060 0.034 
119  BAFF403    (0)   12 :  0.009 0.008 0.008 0.010 0.008 0.008 0.006 0.935 0.007 
120  BAFF514    (0)    6 :  0.207 0.456 0.067 0.012 0.025 0.042 0.007 0.156 0.027 
121  BAFF463    (0)    7 :  0.006 0.944 0.007 0.016 0.005 0.005 0.005 0.004 0.006 
122  BAFF137    (0)   12 :  0.153 0.064 0.079 0.012 0.651 0.014 0.010 0.007 0.010 
123  BAFF404    (0)   12 :  0.010 0.008 0.013 0.015 0.010 0.013 0.013 0.910 0.009 
124  BAFF515    (0)    6 :  0.112 0.317 0.138 0.015 0.144 0.169 0.020 0.036 0.050 
125  BAFF144    (0)   12 :  0.329 0.122 0.166 0.121 0.105 0.054 0.011 0.073 0.019 
126  BAFF405    (7)   12 :  0.146 0.036 0.065 0.045 0.625 0.027 0.029 0.018 0.010 
127  BAFF518    (0)    6 :  0.071 0.013 0.221 0.019 0.220 0.044 0.009 0.372 0.030 
128  BAFF467    (0)    7 :  0.266 0.055 0.202 0.013 0.022 0.335 0.014 0.026 0.066 
129  BAFF145    (0)   12 :  0.110 0.021 0.148 0.341 0.233 0.033 0.080 0.012 0.022 
130  BAFF406    (0)   12 :  0.074 0.056 0.060 0.283 0.070 0.041 0.008 0.392 0.015 
131  BAFF519    (0)    6 :  0.069 0.042 0.118 0.011 0.066 0.046 0.011 0.011 0.626 
132  BAFF471    (0)    7 :  0.174 0.108 0.120 0.018 0.298 0.156 0.067 0.022 0.038 
133  BAFF136    (0)   12 :  0.040 0.030 0.009 0.008 0.179 0.011 0.005 0.671 0.047 
134  BAFF520    (7)    6 :  0.296 0.054 0.280 0.010 0.038 0.172 0.024 0.054 0.072 
135  BAFF472    (0)    7 :  0.367 0.170 0.188 0.072 0.036 0.058 0.019 0.018 0.071 
136  BAFF165    (0)   12 :  0.113 0.023 0.159 0.010 0.458 0.118 0.056 0.045 0.018 
137  BAFF408    (0)   12 :  0.124 0.015 0.177 0.029 0.492 0.023 0.030 0.083 0.026 
138  BAFF522    (0)    6 :  0.281 0.466 0.031 0.010 0.063 0.050 0.027 0.043 0.029 
139  BAFF475    (0)    7 :  0.164 0.035 0.132 0.018 0.051 0.438 0.008 0.045 0.109 
140  BAFF140    (0)   12 :  0.067 0.150 0.023 0.046 0.569 0.073 0.015 0.023 0.034 
141  BAFF409    (0)   12 :  0.013 0.061 0.011 0.012 0.016 0.014 0.099 0.754 0.019 
142  BAFF523    (0)    6 :  0.282 0.384 0.115 0.056 0.012 0.105 0.013 0.009 0.023 
143  BAFF476    (0)    7 :  0.058 0.013 0.133 0.217 0.058 0.403 0.007 0.031 0.080 
144  BAFF147    (0)   12 :  0.124 0.038 0.066 0.020 0.568 0.040 0.013 0.120 0.012 
145  BAFF410    (0)   12 :  0.047 0.007 0.033 0.009 0.236 0.145 0.014 0.490 0.020 
146  BAFF477    (0)    7 :  0.182 0.016 0.294 0.010 0.121 0.263 0.083 0.007 0.024 
147  BAFF411    (0)   12 :  0.028 0.016 0.059 0.059 0.072 0.016 0.419 0.086 0.246 
148  BAFF486    (7)    7 :  0.252 0.005 0.683 0.007 0.008 0.019 0.007 0.006 0.014 
149  BAFF412    (7)   12 :  0.033 0.092 0.020 0.024 0.021 0.031 0.039 0.719 0.021 
150  BAFF258    (0)    1 :  0.248 0.266 0.120 0.047 0.017 0.098 0.166 0.024 0.015 
151  BAFF392    (0)    2 :  0.165 0.604 0.013 0.156 0.011 0.016 0.005 0.006 0.025 
152  BAFF217    (0)    3 :  0.085 0.010 0.101 0.023 0.054 0.064 0.011 0.019 0.633 
153  BAFF016    (0)    4 :  0.037 0.008 0.012 0.060 0.134 0.578 0.005 0.038 0.128 
154  BAFF246    (0)    4 :  0.069 0.061 0.046 0.045 0.033 0.296 0.010 0.026 0.413 
155  BAFF381    (0)   13 :  0.187 0.030 0.311 0.013 0.275 0.088 0.009 0.032 0.055 
156  BAFF078    (0)    6 :  0.146 0.016 0.258 0.372 0.135 0.007 0.006 0.042 0.018 
157  BAFF481    (0)    6 :  0.147 0.029 0.434 0.011 0.123 0.058 0.022 0.038 0.139 
158  BAFF436    (0)    7 :  0.152 0.296 0.036 0.036 0.052 0.252 0.078 0.043 0.056 
159  BAFF191    (0)    8 :  0.166 0.082 0.043 0.010 0.039 0.071 0.009 0.020 0.562 
160  BAFF382    (0)    9 :  0.159 0.157 0.443 0.046 0.050 0.039 0.007 0.054 0.046 
161  BAFF178    (0)   10 :  0.103 0.598 0.014 0.006 0.030 0.048 0.009 0.059 0.131 
162  BAFF159    (7)   11 :  0.045 0.011 0.017 0.019 0.017 0.860 0.007 0.014 0.010 
163  BAFF365    (7)   11 :  0.151 0.015 0.193 0.039 0.253 0.095 0.194 0.018 0.041 
164  BAFF007    (0)   12 :  0.122 0.043 0.273 0.058 0.150 0.192 0.056 0.024 0.082 
165  BAFF304    (7)   12 :  0.140 0.014 0.281 0.057 0.371 0.044 0.011 0.069 0.014 
166  BAFF487    (0)    7 :  0.309 0.089 0.264 0.046 0.012 0.166 0.019 0.027 0.069 
167  BAFF415    (0)   12 :  0.051 0.040 0.037 0.019 0.166 0.059 0.057 0.558 0.012 
168  BAFF488    (0)    7 :  0.109 0.011 0.047 0.012 0.050 0.143 0.564 0.013 0.050 
169  BAFF417    (0)   12 :  0.054 0.030 0.135 0.014 0.370 0.032 0.015 0.323 0.028 
170  BAFF489    (0)    7 :  0.217 0.051 0.281 0.045 0.213 0.131 0.007 0.037 0.019 
171  BAFF426    (0)   12 :  0.021 0.025 0.038 0.010 0.013 0.012 0.019 0.848 0.013 
172  BAFF490    (7)    7 :  0.202 0.045 0.326 0.069 0.023 0.286 0.018 0.011 0.020 
173  BAFF491    (0)    7 :  0.214 0.147 0.463 0.038 0.029 0.027 0.038 0.007 0.036 
174  BAFF492    (0)    7 :  0.283 0.016 0.603 0.010 0.013 0.021 0.007 0.014 0.032 
175  BAFF493    (0)    7 :  0.226 0.081 0.101 0.013 0.027 0.046 0.441 0.038 0.027 
176  BAFF506    (0)    7 :  0.467 0.052 0.208 0.012 0.011 0.124 0.066 0.015 0.047 
177  BAFF393    (0)    2 :  0.181 0.010 0.378 0.185 0.098 0.091 0.023 0.010 0.025 
178  BAFF218    (0)    3 :  0.125 0.095 0.170 0.015 0.087 0.143 0.058 0.025 0.281 
179  BAFF254    (0)    4 :  0.257 0.017 0.344 0.203 0.110 0.019 0.027 0.011 0.011 
180  BAFF385    (0)   13 :  0.439 0.161 0.227 0.022 0.039 0.028 0.020 0.033 0.031 
181  BAFF076    (0)    6 :  0.025 0.903 0.009 0.013 0.009 0.011 0.010 0.011 0.010 
182  BAFF482    (0)    6 :  0.179 0.121 0.281 0.011 0.137 0.178 0.010 0.069 0.014 
183  BAFF437    (0)    7 :  0.165 0.025 0.096 0.005 0.447 0.217 0.021 0.012 0.012 
184  BAFF192    (0)    8 :  0.123 0.478 0.062 0.119 0.068 0.047 0.016 0.015 0.071 
185  BAFF383    (0)    9 :  0.030 0.024 0.024 0.005 0.073 0.013 0.804 0.011 0.016 
186  BAFF180    (0)   10 :  0.092 0.198 0.047 0.007 0.013 0.080 0.007 0.113 0.442 
187  BAFF048    (7)   12 :  0.388 0.037 0.027 0.202 0.068 0.210 0.049 0.011 0.008 
188  BAFF306    (0)   12 :  0.039 0.037 0.126 0.018 0.627 0.034 0.009 0.026 0.084 
189  BAFF394    (0)    2 :  0.076 0.054 0.081 0.195 0.156 0.173 0.067 0.018 0.181 
190  BAFF219    (0)    3 :  0.191 0.031 0.158 0.015 0.115 0.406 0.008 0.013 0.062 
191  BAFF388    (0)    4 :  0.157 0.176 0.045 0.012 0.011 0.055 0.175 0.347 0.021 
192  BAFF386    (7)   13 :  0.240 0.436 0.089 0.060 0.072 0.048 0.018 0.016 0.020 
193  BAFF084    (0)    6 :  0.203 0.010 0.299 0.372 0.021 0.059 0.011 0.009 0.015 
194  BAFF483    (0)    6 :  0.153 0.286 0.077 0.009 0.188 0.066 0.032 0.103 0.086 
195  BAFF438   (15)    7 :  0.136 0.070 0.400 0.124 0.174 0.025 0.015 0.030 0.025 
196  BAFF193    (0)    8 :  0.125 0.069 0.336 0.015 0.019 0.040 0.335 0.016 0.047 
197  BAFF183    (0)   10 :  0.399 0.008 0.133 0.038 0.018 0.322 0.033 0.024 0.026 
198  BAFF153    (0)   12 :  0.052 0.010 0.029 0.009 0.861 0.010 0.007 0.013 0.007 
199  BAFF307    (0)   12 :  0.097 0.017 0.236 0.063 0.512 0.025 0.011 0.019 0.022 
200  BAFF397    (0)    2 :  0.214 0.005 0.272 0.013 0.088 0.366 0.008 0.009 0.024 
201  BAFF220    (0)    3 :  0.028 0.830 0.011 0.084 0.007 0.017 0.008 0.010 0.005 
202  BAFF095    (0)    6 :  0.120 0.740 0.018 0.007 0.019 0.014 0.042 0.014 0.026 
203  BAFF494    (0)    6 :  0.056 0.620 0.143 0.019 0.014 0.088 0.005 0.024 0.030 
204  BAFF439    (0)    7 :  0.103 0.011 0.263 0.012 0.132 0.029 0.009 0.240 0.201 
205  BAFF182    (0)   10 :  0.080 0.526 0.049 0.069 0.056 0.057 0.026 0.113 0.024 
206  BAFF054    (0)   12 :  0.012 0.008 0.009 0.009 0.015 0.008 0.007 0.926 0.007 
207  BAFF308    (0)   12 :  0.131 0.015 0.147 0.019 0.613 0.037 0.014 0.016 0.009 
208  BAFF266    (0)    1 :  0.193 0.021 0.195 0.065 0.034 0.309 0.117 0.046 0.019 
209  BAFF398    (7)    2 :  0.031 0.910 0.017 0.005 0.006 0.007 0.014 0.005 0.005 
210  BAFF221    (0)    3 :  0.021 0.051 0.045 0.508 0.023 0.009 0.316 0.021 0.006 
211  BAFF090    (0)    6 :  0.475 0.029 0.226 0.077 0.051 0.024 0.012 0.091 0.017 
212  BAFF495    (0)    6 :  0.030 0.010 0.033 0.008 0.017 0.098 0.007 0.013 0.783 
213  BAFF459    (0)    7 :  0.075 0.013 0.044 0.091 0.056 0.628 0.007 0.014 0.073 
214  BAFF197    (0)    8 :  0.143 0.016 0.120 0.016 0.325 0.153 0.013 0.068 0.147 
215  BAFF188    (0)   10 :  0.096 0.017 0.191 0.098 0.514 0.022 0.013 0.029 0.020 
216  BAFF051    (0)   12 :  0.200 0.041 0.160 0.013 0.044 0.152 0.026 0.333 0.031 
217  BAFF309    (0)   12 :  0.205 0.067 0.543 0.015 0.061 0.052 0.009 0.012 0.036 
218  BAFF269    (0)    1 :  0.174 0.023 0.089 0.010 0.316 0.246 0.048 0.009 0.086 
219  BAFF077    (0)    6 :  0.011 0.005 0.009 0.061 0.026 0.809 0.008 0.010 0.062 
220  BAFF496    (0)    6 :  0.015 0.007 0.025 0.004 0.008 0.012 0.011 0.008 0.909 
221  BAFF443    (0)    7 :  0.189 0.037 0.265 0.011 0.112 0.191 0.059 0.106 0.031 
222  BAFF198    (0)    8 :  0.292 0.172 0.111 0.021 0.026 0.096 0.007 0.034 0.241 
223  BAFF053    (0)   12 :  0.122 0.009 0.137 0.012 0.620 0.015 0.017 0.030 0.039 
224  BAFF310    (0)   12 :  0.013 0.009 0.098 0.016 0.094 0.077 0.008 0.644 0.041 
225  BAFF282    (0)    1 :  0.029 0.044 0.015 0.013 0.035 0.084 0.739 0.015 0.027 
226  BAFF497    (0)    6 :  0.083 0.014 0.038 0.011 0.018 0.728 0.010 0.014 0.083 
227  BAFF466    (0)    7 :  0.308 0.048 0.224 0.096 0.102 0.152 0.013 0.035 0.023 
228  BAFF200    (7)    8 :  0.205 0.338 0.222 0.032 0.063 0.036 0.014 0.046 0.045 
229  BAFF240    (0)   10 :  0.107 0.035 0.131 0.618 0.035 0.036 0.013 0.010 0.015 
230  BAFF055    (0)   12 :  0.032 0.031 0.030 0.010 0.133 0.019 0.017 0.718 0.010 
231  BAFF311    (7)   12 :  0.086 0.715 0.011 0.044 0.071 0.017 0.037 0.008 0.011 


Estimated Allele Frequencies in each cluster
First column gives estimated ancestral frequencies


Locus 1 : btern01 
9 alleles
0.0% missing data
   1   (0.141) 0.151 0.131 0.129 0.058 0.188 0.178 0.117 0.033 0.186 
   2   (0.017) 0.009 0.004 0.007 0.003 0.004 0.013 0.025 0.004 0.003 
   3   (0.167) 0.140 0.159 0.190 0.170 0.192 0.248 0.067 0.091 0.194 
   4   (0.210) 0.192 0.186 0.236 0.267 0.184 0.129 0.203 0.175 0.329 
   5   (0.285) 0.371 0.122 0.335 0.368 0.337 0.300 0.439 0.336 0.101 
   6   (0.076) 0.057 0.042 0.057 0.037 0.056 0.071 0.033 0.333 0.068 
   7   (0.050) 0.041 0.295 0.017 0.084 0.020 0.017 0.086 0.019 0.014 
   8   (0.016) 0.005 0.003 0.004 0.002 0.007 0.007 0.024 0.002 0.019 
   9   (0.039) 0.034 0.057 0.024 0.010 0.012 0.037 0.007 0.007 0.085 

Locus 2 : bt28 
5 alleles
0.0% missing data
   1   (0.665) 0.613 0.559 0.704 0.691 0.755 0.655 0.777 0.713 0.741 
   2   (0.151) 0.168 0.168 0.119 0.056 0.131 0.119 0.164 0.097 0.167 
   3   (0.148) 0.203 0.266 0.162 0.240 0.100 0.101 0.040 0.184 0.080 
   4   (0.024) 0.014 0.004 0.012 0.011 0.011 0.121 0.005 0.004 0.009 
   5   (0.011) 0.003 0.003 0.002 0.002 0.003 0.004 0.014 0.002 0.002 

Locus 3 : b96 
8 alleles
0.9% missing data
   1   (0.336) 0.330 0.354 0.300 0.221 0.451 0.344 0.362 0.320 0.239 
   2   (0.477) 0.569 0.517 0.599 0.586 0.323 0.542 0.428 0.507 0.712 
   3   (0.045) 0.035 0.033 0.045 0.040 0.074 0.023 0.011 0.050 0.012 
   4   (0.015) 0.005 0.003 0.005 0.116 0.003 0.007 0.004 0.003 0.003 
   5   (0.050) 0.027 0.047 0.019 0.010 0.064 0.049 0.026 0.029 0.013 
   6   (0.026) 0.010 0.036 0.006 0.006 0.017 0.007 0.095 0.005 0.005 
   7   (0.037) 0.021 0.008 0.024 0.019 0.065 0.025 0.071 0.007 0.014 
   8   (0.013) 0.003 0.003 0.003 0.002 0.003 0.003 0.003 0.080 0.002 

Locus 4 : bt30 
12 alleles
0.9% missing data
   1   (0.113) 0.132 0.187 0.111 0.039 0.068 0.087 0.276 0.108 0.030 
   2   (0.283) 0.331 0.282 0.378 0.132 0.273 0.255 0.283 0.296 0.378 
   3   (0.070) 0.097 0.027 0.175 0.044 0.033 0.142 0.017 0.023 0.106 
   4   (0.188) 0.250 0.187 0.155 0.140 0.225 0.255 0.105 0.234 0.135 
   5   (0.015) 0.007 0.015 0.006 0.002 0.005 0.006 0.003 0.003 0.004 
   6   (0.103) 0.073 0.224 0.047 0.033 0.078 0.137 0.110 0.056 0.118 
   7   (0.033) 0.026 0.009 0.033 0.031 0.032 0.014 0.021 0.017 0.016 
   8   (0.052) 0.026 0.011 0.027 0.085 0.076 0.026 0.045 0.065 0.011 
   9   (0.102) 0.040 0.042 0.057 0.489 0.173 0.065 0.065 0.190 0.182 
  10   (0.012) 0.003 0.002 0.002 0.001 0.003 0.003 0.070 0.002 0.002 
  11   (0.018) 0.011 0.012 0.007 0.002 0.031 0.005 0.003 0.004 0.005 
  12   (0.012) 0.003 0.002 0.004 0.002 0.003 0.004 0.002 0.002 0.013 

Locus 5 : btms0081 
3 alleles
0.9% missing data
   1   (0.496) 0.508 0.667 0.515 0.731 0.409 0.601 0.584 0.305 0.294 
   2   (0.355) 0.372 0.240 0.340 0.196 0.443 0.307 0.222 0.487 0.480 
   3   (0.150) 0.120 0.092 0.145 0.073 0.147 0.092 0.194 0.208 0.226 

Locus 6 : btms0066 
24 alleles
0.0% missing data
   1   (0.268) 0.318 0.352 0.312 0.099 0.311 0.201 0.387 0.391 0.225 
   2   (0.016) 0.005 0.003 0.004 0.003 0.004 0.005 0.060 0.003 0.022 
   3   (0.032) 0.028 0.017 0.037 0.008 0.127 0.014 0.006 0.009 0.014 
   4   (0.156) 0.228 0.152 0.187 0.033 0.120 0.287 0.054 0.123 0.392 
   5   (0.095) 0.118 0.039 0.173 0.025 0.182 0.102 0.024 0.099 0.098 
   6   (0.047) 0.037 0.205 0.030 0.205 0.042 0.022 0.010 0.014 0.033 
   7   (0.019) 0.007 0.058 0.008 0.003 0.004 0.005 0.017 0.003 0.003 
   8   (0.056) 0.030 0.016 0.030 0.027 0.033 0.107 0.081 0.036 0.045 
   9   (0.024) 0.021 0.009 0.027 0.348 0.012 0.007 0.004 0.006 0.005 
  10   (0.025) 0.022 0.006 0.031 0.019 0.006 0.018 0.148 0.004 0.005 
  11   (0.018) 0.006 0.007 0.004 0.003 0.005 0.007 0.152 0.012 0.012 
  12   (0.037) 0.031 0.007 0.024 0.010 0.024 0.120 0.007 0.015 0.090 
  13   (0.025) 0.016 0.029 0.029 0.014 0.014 0.008 0.005 0.016 0.006 
  14   (0.021) 0.009 0.005 0.006 0.079 0.006 0.006 0.004 0.049 0.004 
  15   (0.017) 0.019 0.003 0.020 0.003 0.020 0.029 0.003 0.003 0.006 
  16   (0.026) 0.038 0.022 0.008 0.023 0.017 0.019 0.006 0.098 0.007 
  17   (0.020) 0.020 0.007 0.036 0.073 0.013 0.005 0.008 0.028 0.004 
  18   (0.010) 0.002 0.002 0.002 0.001 0.002 0.002 0.002 0.034 0.002 
  19   (0.015) 0.007 0.003 0.005 0.002 0.035 0.004 0.003 0.003 0.002 
  20   (0.023) 0.012 0.022 0.009 0.011 0.008 0.014 0.007 0.014 0.016 
  21   (0.016) 0.012 0.025 0.006 0.005 0.005 0.005 0.005 0.003 0.003 
  22   (0.011) 0.006 0.007 0.004 0.002 0.002 0.004 0.002 0.002 0.002 
  23   (0.012) 0.003 0.002 0.002 0.001 0.003 0.003 0.002 0.032 0.002 
  24   (0.011) 0.005 0.002 0.005 0.003 0.003 0.007 0.003 0.002 0.002 

Locus 7 : btms0083 
31 alleles
3.0% missing data
   1   (0.012) 0.003 0.003 0.003 0.011 0.003 0.003 0.235 0.002 0.002 
   2   (0.023) 0.018 0.005 0.023 0.006 0.028 0.007 0.102 0.004 0.004 
   3   (0.030) 0.017 0.075 0.016 0.142 0.013 0.022 0.006 0.010 0.007 
   4   (0.043) 0.045 0.037 0.048 0.029 0.022 0.024 0.058 0.011 0.017 
   5   (0.193) 0.231 0.366 0.249 0.090 0.228 0.166 0.227 0.265 0.166 
   6   (0.019) 0.035 0.012 0.013 0.005 0.005 0.023 0.004 0.004 0.005 
   7   (0.056) 0.101 0.020 0.159 0.100 0.068 0.035 0.016 0.138 0.019 
   8   (0.039) 0.044 0.009 0.047 0.010 0.116 0.042 0.016 0.014 0.014 
   9   (0.033) 0.035 0.040 0.031 0.007 0.040 0.031 0.007 0.006 0.035 
  10   (0.031) 0.025 0.113 0.010 0.007 0.022 0.011 0.009 0.020 0.011 
  11   (0.060) 0.078 0.016 0.067 0.420 0.037 0.113 0.016 0.011 0.098 
  12   (0.020) 0.012 0.006 0.008 0.003 0.005 0.010 0.035 0.004 0.012 
  13   (0.056) 0.036 0.023 0.031 0.021 0.087 0.095 0.011 0.077 0.069 
  14   (0.034) 0.064 0.009 0.081 0.007 0.017 0.126 0.007 0.006 0.014 
  15   (0.030) 0.013 0.022 0.008 0.006 0.015 0.069 0.019 0.006 0.034 
  16   (0.029) 0.042 0.056 0.025 0.019 0.008 0.020 0.031 0.005 0.009 
  17   (0.027) 0.016 0.008 0.010 0.021 0.015 0.010 0.054 0.005 0.325 
  18   (0.049) 0.064 0.034 0.042 0.010 0.039 0.030 0.034 0.121 0.029 
  19   (0.019) 0.008 0.004 0.008 0.004 0.006 0.008 0.009 0.121 0.007 
  20   (0.023) 0.011 0.006 0.010 0.004 0.115 0.008 0.004 0.053 0.005 
  21   (0.008) 0.002 0.002 0.002 0.001 0.002 0.002 0.034 0.001 0.001 
  22   (0.010) 0.002 0.002 0.002 0.002 0.003 0.002 0.021 0.002 0.014 
  23   (0.013) 0.008 0.003 0.006 0.002 0.010 0.013 0.015 0.002 0.006 
  24   (0.009) 0.002 0.002 0.002 0.001 0.002 0.002 0.003 0.014 0.002 
  25   (0.030) 0.019 0.102 0.039 0.005 0.036 0.011 0.006 0.006 0.008 
  26   (0.015) 0.004 0.004 0.005 0.009 0.007 0.077 0.003 0.003 0.014 
  27   (0.028) 0.023 0.006 0.019 0.007 0.025 0.012 0.005 0.043 0.052 
  28   (0.017) 0.021 0.006 0.018 0.046 0.005 0.006 0.005 0.003 0.011 
  29   (0.016) 0.011 0.004 0.011 0.003 0.004 0.010 0.005 0.003 0.004 
  30   (0.016) 0.005 0.003 0.004 0.002 0.011 0.004 0.003 0.036 0.002 
  31   (0.012) 0.005 0.002 0.003 0.002 0.007 0.006 0.003 0.002 0.003 

Locus 8 : b126 
16 alleles
0.0% missing data
   1   (0.043) 0.023 0.065 0.016 0.009 0.037 0.041 0.043 0.013 0.012 
   2   (0.050) 0.037 0.013 0.035 0.011 0.054 0.038 0.135 0.008 0.075 
   3   (0.309) 0.378 0.254 0.448 0.665 0.306 0.275 0.181 0.383 0.456 
   4   (0.031) 0.018 0.015 0.020 0.005 0.011 0.079 0.007 0.007 0.042 
   5   (0.070) 0.122 0.124 0.114 0.017 0.036 0.048 0.019 0.047 0.081 
   6   (0.065) 0.062 0.017 0.085 0.011 0.143 0.112 0.015 0.153 0.020 
   7   (0.110) 0.105 0.188 0.069 0.187 0.171 0.112 0.022 0.147 0.056 
   8   (0.030) 0.009 0.007 0.011 0.008 0.017 0.049 0.007 0.081 0.018 
   9   (0.013) 0.004 0.047 0.003 0.002 0.003 0.003 0.002 0.002 0.002 
  10   (0.042) 0.058 0.078 0.016 0.018 0.017 0.023 0.027 0.048 0.025 
  11   (0.089) 0.106 0.034 0.096 0.040 0.101 0.115 0.405 0.021 0.033 
  12   (0.030) 0.019 0.006 0.034 0.004 0.029 0.012 0.025 0.030 0.006 
  13   (0.065) 0.030 0.101 0.035 0.010 0.034 0.034 0.101 0.049 0.136 
  14   (0.024) 0.012 0.009 0.008 0.005 0.011 0.046 0.005 0.005 0.031 
  15   (0.015) 0.008 0.007 0.005 0.002 0.027 0.003 0.003 0.002 0.004 
  16   (0.015) 0.006 0.033 0.005 0.007 0.004 0.009 0.003 0.003 0.003 

Locus 9 : btms0062 
34 alleles
0.0% missing data
   1   (0.027) 0.069 0.022 0.019 0.018 0.010 0.034 0.074 0.008 0.007 
   2   (0.053) 0.035 0.041 0.030 0.034 0.024 0.051 0.105 0.014 0.241 
   3   (0.085) 0.088 0.028 0.132 0.038 0.237 0.054 0.098 0.056 0.076 
   4   (0.103) 0.107 0.240 0.095 0.192 0.052 0.163 0.054 0.210 0.034 
   5   (0.048) 0.101 0.035 0.181 0.050 0.073 0.027 0.017 0.011 0.013 
   6   (0.025) 0.016 0.015 0.026 0.010 0.037 0.018 0.006 0.005 0.025 
   7   (0.012) 0.008 0.004 0.013 0.002 0.005 0.006 0.002 0.002 0.003 
   8   (0.025) 0.029 0.005 0.030 0.004 0.037 0.049 0.007 0.004 0.012 
   9   (0.044) 0.033 0.026 0.037 0.046 0.021 0.132 0.020 0.023 0.038 
  10   (0.055) 0.070 0.061 0.059 0.010 0.028 0.058 0.040 0.065 0.031 
  11   (0.065) 0.071 0.170 0.058 0.347 0.043 0.073 0.016 0.036 0.027 
  12   (0.043) 0.046 0.061 0.014 0.016 0.044 0.020 0.009 0.028 0.299 
  13   (0.047) 0.036 0.131 0.020 0.014 0.066 0.045 0.027 0.018 0.012 
  14   (0.039) 0.031 0.011 0.027 0.008 0.049 0.062 0.010 0.286 0.013 
  15   (0.014) 0.018 0.003 0.018 0.002 0.097 0.005 0.003 0.003 0.004 
  16   (0.024) 0.012 0.004 0.015 0.082 0.017 0.006 0.005 0.009 0.005 
  17   (0.019) 0.007 0.012 0.005 0.003 0.005 0.006 0.163 0.003 0.009 
  18   (0.016) 0.008 0.030 0.004 0.008 0.006 0.004 0.003 0.003 0.006 
  19   (0.047) 0.027 0.016 0.024 0.007 0.017 0.043 0.085 0.096 0.066 
  20   (0.013) 0.003 0.002 0.002 0.001 0.003 0.003 0.036 0.002 0.002 
  21   (0.033) 0.019 0.022 0.029 0.006 0.015 0.044 0.051 0.006 0.028 
  22   (0.016) 0.008 0.003 0.012 0.002 0.014 0.005 0.108 0.003 0.003 
  23   (0.012) 0.004 0.003 0.006 0.002 0.003 0.003 0.027 0.002 0.002 
  24   (0.018) 0.017 0.004 0.025 0.004 0.006 0.037 0.004 0.008 0.009 
  25   (0.010) 0.007 0.003 0.008 0.001 0.002 0.010 0.008 0.002 0.003 
  26   (0.024) 0.087 0.017 0.054 0.035 0.008 0.015 0.007 0.027 0.008 
  27   (0.016) 0.017 0.011 0.027 0.039 0.023 0.004 0.003 0.005 0.003 
  28   (0.010) 0.003 0.002 0.002 0.001 0.028 0.002 0.002 0.002 0.002 
  29   (0.013) 0.007 0.002 0.009 0.010 0.004 0.004 0.005 0.002 0.009 
  30   (0.010) 0.002 0.002 0.002 0.001 0.002 0.002 0.002 0.033 0.002 
  31   (0.011) 0.007 0.002 0.009 0.002 0.013 0.004 0.002 0.002 0.003 
  32   (0.007) 0.003 0.008 0.002 0.003 0.003 0.002 0.001 0.001 0.002 
  33   (0.007) 0.004 0.001 0.003 0.001 0.005 0.005 0.002 0.001 0.002 
  34   (0.009) 0.002 0.002 0.004 0.002 0.004 0.004 0.002 0.023 0.003 

Locus 10 : btern02 
25 alleles
4.8% missing data
   1   (0.099) 0.124 0.066 0.059 0.283 0.170 0.170 0.132 0.038 0.107 
   2   (0.011) 0.003 0.002 0.002 0.002 0.003 0.003 0.016 0.002 0.002 
   3   (0.077) 0.098 0.137 0.128 0.031 0.089 0.094 0.025 0.024 0.126 
   4   (0.051) 0.042 0.170 0.028 0.009 0.026 0.043 0.014 0.101 0.077 
   5   (0.026) 0.019 0.031 0.029 0.031 0.015 0.019 0.013 0.006 0.013 
   6   (0.043) 0.112 0.021 0.102 0.063 0.027 0.040 0.013 0.020 0.021 
   7   (0.028) 0.017 0.030 0.015 0.005 0.025 0.011 0.005 0.145 0.015 
   8   (0.037) 0.033 0.011 0.038 0.015 0.037 0.022 0.107 0.006 0.014 
   9   (0.070) 0.086 0.106 0.085 0.047 0.191 0.039 0.068 0.037 0.028 
  10   (0.035) 0.044 0.015 0.086 0.007 0.011 0.029 0.007 0.006 0.112 
  11   (0.062) 0.048 0.022 0.067 0.015 0.109 0.076 0.017 0.062 0.104 
  12   (0.035) 0.018 0.011 0.018 0.015 0.018 0.022 0.140 0.006 0.089 
  13   (0.048) 0.037 0.074 0.023 0.015 0.021 0.060 0.053 0.058 0.024 
  14   (0.059) 0.039 0.033 0.025 0.027 0.028 0.064 0.172 0.126 0.035 
  15   (0.010) 0.002 0.002 0.002 0.219 0.002 0.002 0.002 0.002 0.002 
  16   (0.046) 0.033 0.013 0.047 0.011 0.023 0.089 0.048 0.050 0.018 
  17   (0.026) 0.028 0.019 0.033 0.016 0.010 0.028 0.006 0.051 0.012 
  18   (0.049) 0.037 0.020 0.033 0.013 0.033 0.064 0.011 0.171 0.094 
  19   (0.041) 0.063 0.060 0.061 0.085 0.057 0.016 0.008 0.009 0.023 
  20   (0.040) 0.030 0.094 0.034 0.006 0.027 0.040 0.055 0.008 0.017 
  21   (0.024) 0.013 0.006 0.018 0.005 0.011 0.021 0.046 0.009 0.022 
  22   (0.011) 0.003 0.003 0.004 0.002 0.004 0.005 0.016 0.006 0.010 
  23   (0.030) 0.032 0.027 0.016 0.010 0.041 0.025 0.018 0.006 0.024 
  24   (0.029) 0.031 0.013 0.043 0.065 0.017 0.013 0.006 0.048 0.007 
  25   (0.011) 0.008 0.014 0.005 0.002 0.003 0.004 0.002 0.004 0.006 

Locus 11 : btms0086 
3 alleles
0.0% missing data
   1   (0.842) 0.866 0.723 0.844 0.973 0.906 0.887 0.779 0.925 0.811 
   2   (0.137) 0.123 0.274 0.138 0.024 0.058 0.107 0.204 0.069 0.184 
   3   (0.021) 0.011 0.004 0.019 0.003 0.037 0.006 0.016 0.007 0.005 

Locus 12 : bl13 
3 alleles
0.0% missing data
   1   (0.071) 0.040 0.032 0.037 0.018 0.027 0.033 0.228 0.347 0.032 
   2   (0.832) 0.887 0.869 0.880 0.653 0.832 0.870 0.753 0.595 0.932 
   3   (0.098) 0.073 0.099 0.083 0.330 0.141 0.098 0.019 0.058 0.036 

Locus 13 : btms0059 
9 alleles
0.0% missing data
   1   (0.346) 0.406 0.321 0.367 0.436 0.532 0.321 0.357 0.295 0.184 
   2   (0.109) 0.111 0.030 0.078 0.273 0.070 0.274 0.113 0.019 0.233 
   3   (0.064) 0.032 0.030 0.037 0.022 0.055 0.037 0.129 0.116 0.035 
   4   (0.055) 0.037 0.105 0.035 0.010 0.039 0.034 0.045 0.020 0.024 
   5   (0.081) 0.101 0.027 0.127 0.026 0.079 0.072 0.035 0.041 0.066 
   6   (0.296) 0.278 0.474 0.327 0.219 0.202 0.195 0.311 0.501 0.428 
   7   (0.016) 0.005 0.003 0.005 0.006 0.004 0.040 0.003 0.003 0.023 
   8   (0.023) 0.022 0.009 0.020 0.005 0.015 0.018 0.006 0.004 0.005 
   9   (0.011) 0.009 0.002 0.004 0.002 0.003 0.008 0.002 0.002 0.002 

Values of parameters used in structure:
DATAFILE=/Users/johnmola/Desktop/rpbbfeb27/rpbbstructure/project_data,	OUTFILE=/Users/johnmola/Desktop/rpbbfeb27/rpbbstructure/rpbb20k100k/Results/rpbb20k100k_run_89,	NUMINDS=231,	NUMLOCI=13,	MISSING=-9,	LABEL=1,	POPDATA=1,	POPFLAG=0,	PHENOTYPE=0,	EXTRACOLS=0,	MAXPOPS=9,	BURNIN=20000,	NUMREPS=100000,	USEPOPINFO=0,	INFERALPHA=1,	INFERLAMBDA=0,	POPSPECIFICLAMBDA=0,	POPALPHAS=0,	COMPUTEPROB=1,	NOADMIX=0,	ADMBURNIN=2500,	UPDATEFREQ=1,	PRINTLIKES=0,	INTERMEDSAVE=0,	PRINTKLD=0,	PRINTNET=0,	PRINTLAMBDA=0,	ANCESTDIST=0,	NUMBOXES=1000,	ANCESTPINT=0.90000,	GENSBACK=2,	MIGRPRIOR=0.05000,	PRINTQHAT=0,	PRINTQSUM=0,	ALPHA=1.0000,	FREQSCORR=1,	FPRIORMEAN=0.0100,	FPRIORSD=0.0500,	ONEFST=0,	LAMBDA=1.0000,	UNIFPRIORALPHA=1,	ALPHAMAX=10.0000,	ALPHAPRIORA=1.0000,	ALPHAPRIORB=2.0000,	ALPHAPROPSD=0.0250,	STARTATPOPINFO=0,	RANDOMIZE=1,	LINKAGE=0,	METROFREQ=10,	REPORTHITRATE=0,	MARKOVPHASE=-1,	PHASED=0,	PLOIDY=2,	PHASEINFO=0	LOCPRIOR=0, 	LOCPRIORINIT=1.000000, 	LOCDATA=0, 	LOCISPOP=0, 	LOCPRIORSTEP=0.100000, 	MAXLOCPRIOR=20.000000, 	SEED=1677523664,	
[STRAT parameters]:    NUMSIMSTATS=1000,	PHENOTYPECOL=-9,	POOLFREQ=10,	LOCUSxONLY=0,	EMERROR=0.00100,	MISSINGPHENO=-9,	