

----------------------------------------------------
STRUCTURE by Pritchard, Stephens and Donnelly (2000)
     and Falush, Stephens and Pritchard (2003)
       Code by Pritchard, Falush and Hubisz
             Version 2.3.4 (Jul 2012)
----------------------------------------------------



Command line arguments:   bin/structure -m "/Users/johnmola/Desktop/rpbbfeb27/rpbbstructure/rpbb20k100k/mainparams" -e "/Users/johnmola/Desktop/rpbbfeb27/rpbbstructure/rpbb20k100k/extraparams" 
Input File:    /Users/johnmola/Desktop/rpbbfeb27/rpbbstructure/project_data

Run parameters:
   231 individuals
   13 loci
   10 populations assumed
   20000 Burn-in period
   100000 Reps


--------------------------------------------
Proportion of membership of each pre-defined
 population in each of the 10 clusters

Given    Inferred Clusters                                                        Number of
 Pop       1      2      3      4      5      6      7      8      9     10      Individuals

  1:     0.030  0.048  0.027  0.040  0.071  0.038  0.013  0.699  0.014  0.020       21
  2:     0.235  0.136  0.095  0.158  0.035  0.130  0.086  0.017  0.013  0.094        7
  3:     0.150  0.159  0.046  0.126  0.129  0.138  0.077  0.059  0.023  0.091        7
  4:     0.073  0.172  0.131  0.173  0.060  0.166  0.049  0.048  0.055  0.073        8
  5:     0.083  0.226  0.223  0.172  0.035  0.137  0.010  0.043  0.022  0.049        4
  6:     0.142  0.149  0.050  0.140  0.102  0.176  0.043  0.030  0.072  0.095       35
  7:     0.122  0.160  0.086  0.204  0.073  0.127  0.031  0.058  0.028  0.110       40
  8:     0.143  0.128  0.080  0.120  0.159  0.119  0.062  0.038  0.078  0.072       19
  9:     0.058  0.147  0.072  0.152  0.135  0.082  0.035  0.209  0.026  0.085        4
 10:     0.135  0.076  0.088  0.055  0.054  0.130  0.077  0.020  0.133  0.234       11
 11:     0.018  0.075  0.037  0.065  0.015  0.079  0.537  0.127  0.013  0.034        8
 12:     0.061  0.071  0.268  0.078  0.030  0.066  0.040  0.029  0.286  0.071       60
 13:     0.085  0.112  0.056  0.120  0.400  0.065  0.012  0.035  0.017  0.098        7
--------------------------------------------

Allele-freq. divergence among pops (Net nucleotide distance),
computed using point estimates of P.

      1       2       3       4       5       6       7       8       9      10      
 1      -    0.0163  0.0377  0.0205  0.0573  0.0163  0.0740  0.0401  0.0432  0.0229  
 2   0.0163     -    0.0182  0.0025  0.0373  0.0022  0.0608  0.0289  0.0312  0.0171  
 3   0.0377  0.0182     -    0.0204  0.0588  0.0221  0.0736  0.0411  0.0378  0.0324  
 4   0.0205  0.0025  0.0204     -    0.0392  0.0073  0.0647  0.0322  0.0351  0.0154  
 5   0.0573  0.0373  0.0588  0.0392     -    0.0417  0.1033  0.0723  0.0605  0.0462  
 6   0.0163  0.0022  0.0221  0.0073  0.0417     -    0.0617  0.0318  0.0355  0.0227  
 7   0.0740  0.0608  0.0736  0.0647  0.1033  0.0617     -    0.0937  0.0918  0.0707  
 8   0.0401  0.0289  0.0411  0.0322  0.0723  0.0318  0.0937     -    0.0503  0.0438  
 9   0.0432  0.0312  0.0378  0.0351  0.0605  0.0355  0.0918  0.0503     -    0.0353  
10   0.0229  0.0171  0.0324  0.0154  0.0462  0.0227  0.0707  0.0438  0.0353     -    

Average distances (expected heterozygosity) between individuals in same cluster:
cluster  1  : 0.6894 
cluster  2  : 0.6978 
cluster  3  : 0.6685 
cluster  4  : 0.6799 
cluster  5  : 0.6140 
cluster  6  : 0.6954 
cluster  7  : 0.5905 
cluster  8  : 0.6823 
cluster  9  : 0.6730 
cluster 10  : 0.6522 

--------------------------------------------
Estimated Ln Prob of Data   = -9920.1
Mean value of ln likelihood = -9130.8
Variance of ln likelihood   = 1578.5
Mean value of alpha         = 0.0533

Mean value of Fst_1         = 0.1176
Mean value of Fst_2         = 0.0680
Mean value of Fst_3         = 0.0770
Mean value of Fst_4         = 0.0799
Mean value of Fst_5         = 0.1671
Mean value of Fst_6         = 0.0832
Mean value of Fst_7         = 0.2722
Mean value of Fst_8         = 0.1022
Mean value of Fst_9         = 0.1123
Mean value of Fst_10         = 0.1590


Inferred ancestry of individuals:
        Label (%Miss) Pop:  Inferred clusters
  1  BAFF014    (0)    1 :  0.012 0.026 0.010 0.014 0.015 0.020 0.008 0.883 0.005 0.007 
  2  BAFF379    (0)    2 :  0.053 0.261 0.276 0.171 0.037 0.098 0.035 0.013 0.012 0.045 
  3  BAFF212    (0)    3 :  0.172 0.151 0.025 0.201 0.041 0.302 0.012 0.018 0.044 0.033 
  4  BAFF018    (0)    4 :  0.024 0.091 0.266 0.353 0.007 0.032 0.029 0.007 0.021 0.169 
  5  BAFF247    (0)    4 :  0.043 0.170 0.320 0.312 0.011 0.049 0.010 0.008 0.015 0.062 
  6  BAFF024    (0)    5 :  0.186 0.285 0.024 0.065 0.074 0.282 0.011 0.017 0.040 0.015 
  7  BAFF088    (0)    6 :  0.413 0.072 0.031 0.058 0.012 0.293 0.028 0.011 0.028 0.055 
  8  BAFF429    (0)    6 :  0.078 0.194 0.116 0.159 0.141 0.183 0.031 0.016 0.011 0.069 
  9  BAFF087    (7)    7 :  0.513 0.007 0.005 0.025 0.007 0.312 0.005 0.007 0.006 0.114 
 10  BAFF225    (0)    7 :  0.231 0.164 0.018 0.166 0.108 0.195 0.008 0.031 0.015 0.064 
 11  BAFF195    (0)    8 :  0.079 0.107 0.108 0.072 0.045 0.096 0.394 0.043 0.016 0.041 
 12  BAFF238    (0)    9 :  0.061 0.198 0.030 0.096 0.356 0.074 0.021 0.088 0.035 0.041 
 13  BAFF019    (0)   10 :  0.037 0.029 0.018 0.049 0.008 0.048 0.020 0.026 0.697 0.068 
 14  BAFF175    (0)   10 :  0.135 0.091 0.252 0.068 0.094 0.072 0.025 0.011 0.042 0.210 
 15  BAFF156    (0)   11 :  0.006 0.006 0.007 0.006 0.005 0.005 0.945 0.005 0.007 0.008 
 16  BAFF301    (0)   11 :  0.017 0.029 0.017 0.026 0.030 0.035 0.008 0.800 0.023 0.015 
 17  BAFF141    (0)   12 :  0.009 0.057 0.387 0.238 0.005 0.015 0.005 0.083 0.005 0.195 
 18  BAFF302    (0)   12 :  0.015 0.281 0.022 0.159 0.022 0.414 0.012 0.018 0.029 0.028 
 19  BAFF290    (0)    1 :  0.017 0.051 0.058 0.045 0.109 0.018 0.005 0.657 0.013 0.028 
 20  BAFF498    (0)    6 :  0.080 0.209 0.029 0.215 0.032 0.135 0.049 0.176 0.044 0.030 
 21  BAFF455    (0)    7 :  0.425 0.030 0.022 0.019 0.051 0.026 0.013 0.019 0.020 0.375 
 22  BAFF203    (7)    8 :  0.575 0.104 0.050 0.081 0.024 0.052 0.013 0.010 0.012 0.081 
 23  BAFF056    (0)   12 :  0.010 0.042 0.013 0.057 0.023 0.017 0.004 0.015 0.794 0.025 
 24  BAFF327    (0)   12 :  0.020 0.029 0.740 0.018 0.012 0.044 0.023 0.037 0.065 0.011 
 25  BAFF255    (0)    1 :  0.009 0.016 0.012 0.016 0.015 0.012 0.005 0.897 0.008 0.010 
 26  BAFF256    (0)    1 :  0.010 0.007 0.006 0.007 0.013 0.007 0.004 0.925 0.012 0.009 
 27  BAFF257    (0)    1 :  0.007 0.006 0.006 0.006 0.008 0.006 0.004 0.945 0.005 0.007 
 28  BAFF260    (0)    1 :  0.014 0.010 0.007 0.008 0.013 0.009 0.004 0.918 0.007 0.010 
 29  BAFF259    (0)    1 :  0.007 0.008 0.009 0.008 0.009 0.009 0.007 0.921 0.014 0.009 
 30  BAFF261    (0)    1 :  0.008 0.012 0.009 0.014 0.008 0.009 0.007 0.916 0.008 0.011 
 31  BAFF274    (0)    1 :  0.026 0.033 0.019 0.039 0.015 0.025 0.010 0.796 0.014 0.023 
 32  BAFF262    (0)    1 :  0.027 0.012 0.019 0.011 0.006 0.017 0.007 0.876 0.008 0.015 
 33  BAFF294    (0)    1 :  0.028 0.013 0.009 0.011 0.006 0.021 0.007 0.887 0.008 0.010 
 34  BAFF292    (0)    1 :  0.010 0.034 0.026 0.021 0.460 0.031 0.014 0.374 0.009 0.020 
 35  BAFF296    (0)    1 :  0.008 0.036 0.011 0.021 0.475 0.023 0.012 0.393 0.012 0.010 
 36  BAFF295    (0)    1 :  0.024 0.028 0.038 0.025 0.162 0.017 0.007 0.631 0.012 0.057 
 37  BAFF298    (0)    1 :  0.012 0.022 0.015 0.030 0.009 0.022 0.008 0.845 0.022 0.015 
 38  BAFF299    (0)    1 :  0.010 0.009 0.008 0.007 0.007 0.011 0.019 0.892 0.031 0.005 
 39  BAFF375    (0)   13 :  0.007 0.007 0.006 0.007 0.939 0.007 0.005 0.007 0.006 0.007 
 40  BAFF376    (0)   13 :  0.033 0.027 0.012 0.019 0.810 0.038 0.006 0.011 0.018 0.027 
 41  BAFF377    (0)   13 :  0.007 0.010 0.006 0.009 0.930 0.009 0.006 0.009 0.007 0.007 
 42  BAFF022    (0)    5 :  0.046 0.190 0.334 0.145 0.015 0.122 0.014 0.089 0.008 0.037 
 43  BAFF021    (0)    5 :  0.050 0.130 0.510 0.108 0.010 0.085 0.006 0.039 0.011 0.051 
 44  BAFF499    (0)    6 :  0.013 0.034 0.021 0.025 0.027 0.030 0.009 0.007 0.576 0.260 
 45  BAFF204    (0)    8 :  0.026 0.202 0.084 0.416 0.029 0.079 0.009 0.009 0.049 0.098 
 46  BAFF068    (0)   12 :  0.009 0.033 0.029 0.024 0.013 0.018 0.008 0.071 0.782 0.014 
 47  BAFF336    (0)   12 :  0.040 0.076 0.048 0.116 0.009 0.048 0.057 0.011 0.518 0.076 
 48  BAFF447    (0)    7 :  0.024 0.256 0.020 0.422 0.023 0.164 0.017 0.006 0.013 0.055 
 49  BAFF457    (0)    7 :  0.012 0.234 0.029 0.382 0.085 0.166 0.033 0.026 0.010 0.023 
 50  BAFF448    (0)    7 :  0.251 0.181 0.032 0.192 0.023 0.079 0.023 0.050 0.006 0.162 
 51  BAFF465    (0)    7 :  0.576 0.036 0.016 0.027 0.014 0.029 0.010 0.014 0.010 0.268 
 52  BAFF194    (0)    8 :  0.043 0.251 0.028 0.115 0.070 0.417 0.021 0.026 0.012 0.017 
 53  BAFF199    (0)    8 :  0.016 0.181 0.063 0.278 0.022 0.092 0.019 0.014 0.013 0.301 
 54  BAFF500    (0)    6 :  0.091 0.312 0.012 0.124 0.035 0.135 0.007 0.167 0.074 0.043 
 55  BAFF206    (0)    8 :  0.097 0.049 0.412 0.061 0.172 0.110 0.009 0.021 0.050 0.017 
 56  BAFF069    (0)   12 :  0.025 0.022 0.015 0.015 0.015 0.021 0.016 0.008 0.848 0.015 
 57  BAFF330    (0)   12 :  0.304 0.135 0.042 0.102 0.016 0.247 0.052 0.018 0.021 0.063 
 58  BAFF239    (0)   10 :  0.014 0.035 0.037 0.012 0.009 0.011 0.048 0.014 0.185 0.635 
 59  BAFF241    (0)   10 :  0.007 0.037 0.007 0.009 0.008 0.013 0.021 0.018 0.227 0.652 
 60  BAFF157    (0)   11 :  0.005 0.006 0.006 0.005 0.005 0.006 0.953 0.004 0.005 0.006 
 61  BAFF161    (0)   11 :  0.005 0.005 0.004 0.005 0.005 0.005 0.959 0.004 0.005 0.005 
 62  BAFF160    (0)   11 :  0.006 0.005 0.006 0.005 0.005 0.006 0.953 0.004 0.005 0.005 
 63  BAFF008    (0)   12 :  0.299 0.113 0.036 0.108 0.026 0.125 0.011 0.031 0.166 0.086 
 64  BAFF013    (0)   12 :  0.404 0.058 0.051 0.052 0.017 0.303 0.009 0.010 0.013 0.083 
 65  BAFF407    (0)   12 :  0.016 0.016 0.022 0.017 0.012 0.018 0.011 0.010 0.863 0.015 
 66  BAFF503    (0)    6 :  0.069 0.057 0.012 0.117 0.020 0.107 0.039 0.006 0.542 0.033 
 67  BAFF449    (0)    7 :  0.238 0.047 0.324 0.039 0.007 0.274 0.007 0.009 0.018 0.036 
 68  BAFF207    (0)    8 :  0.153 0.167 0.022 0.023 0.081 0.126 0.004 0.013 0.385 0.027 
 69  BAFF070    (0)   12 :  0.013 0.013 0.039 0.014 0.012 0.012 0.008 0.008 0.855 0.024 
 70  BAFF335    (0)   12 :  0.009 0.011 0.907 0.010 0.006 0.012 0.011 0.008 0.017 0.010 
 71  BAFF507    (0)    6 :  0.017 0.294 0.016 0.114 0.043 0.446 0.019 0.028 0.008 0.015 
 72  BAFF450    (0)    7 :  0.027 0.142 0.030 0.157 0.309 0.072 0.050 0.100 0.037 0.077 
 73  BAFF209    (7)    8 :  0.264 0.161 0.078 0.057 0.199 0.042 0.095 0.025 0.024 0.055 
 74  BAFF072    (0)   12 :  0.019 0.056 0.189 0.084 0.013 0.011 0.083 0.011 0.031 0.503 
 75  BAFF339    (0)   12 :  0.022 0.111 0.101 0.128 0.250 0.054 0.007 0.011 0.293 0.024 
 76  BAFF508    (0)    6 :  0.016 0.110 0.032 0.246 0.044 0.028 0.304 0.064 0.020 0.135 
 77  BAFF451    (0)    7 :  0.084 0.292 0.088 0.243 0.038 0.177 0.013 0.010 0.023 0.031 
 78  BAFF210    (0)    8 :  0.079 0.096 0.016 0.094 0.110 0.110 0.005 0.068 0.379 0.042 
 79  BAFF139    (0)   12 :  0.088 0.267 0.110 0.246 0.047 0.110 0.047 0.048 0.014 0.023 
 80  BAFF341    (0)   12 :  0.051 0.160 0.067 0.197 0.082 0.058 0.034 0.016 0.013 0.320 
 81  BAFF509    (0)    6 :  0.359 0.159 0.045 0.024 0.022 0.277 0.007 0.053 0.030 0.026 
 82  BAFF453    (0)    7 :  0.052 0.056 0.074 0.071 0.555 0.060 0.010 0.009 0.080 0.033 
 83  BAFF389    (0)    8 :  0.015 0.013 0.013 0.007 0.522 0.015 0.386 0.010 0.005 0.013 
 84  BAFF163    (0)   12 :  0.012 0.018 0.007 0.005 0.039 0.008 0.012 0.004 0.878 0.016 
 85  BAFF344    (7)   12 :  0.028 0.048 0.498 0.040 0.057 0.030 0.033 0.009 0.202 0.055 
 86  BAFF510    (0)    6 :  0.096 0.210 0.044 0.090 0.022 0.418 0.056 0.010 0.027 0.026 
 87  BAFF456    (0)    7 :  0.021 0.240 0.062 0.278 0.068 0.235 0.011 0.016 0.035 0.034 
 88  BAFF390    (0)    8 :  0.006 0.011 0.006 0.009 0.919 0.015 0.014 0.005 0.005 0.010 
 89  BAFF142    (0)   12 :  0.010 0.063 0.146 0.113 0.008 0.011 0.009 0.193 0.025 0.423 
 90  BAFF363    (7)   12 :  0.010 0.012 0.029 0.010 0.008 0.012 0.020 0.007 0.882 0.010 
 91  BAFF517    (0)    6 :  0.016 0.154 0.094 0.088 0.306 0.269 0.020 0.007 0.032 0.013 
 92  BAFF458    (0)    7 :  0.046 0.172 0.027 0.348 0.018 0.207 0.010 0.045 0.027 0.100 
 93  BAFF391    (0)    8 :  0.025 0.182 0.079 0.125 0.034 0.103 0.007 0.096 0.297 0.051 
 94  BAFF149    (0)   12 :  0.011 0.033 0.708 0.033 0.080 0.018 0.025 0.010 0.023 0.061 
 95  BAFF366    (7)   12 :  0.008 0.040 0.729 0.084 0.032 0.033 0.025 0.009 0.016 0.025 
 96  BAFF512    (0)    6 :  0.056 0.236 0.020 0.312 0.062 0.098 0.013 0.124 0.040 0.040 
 97  BAFF460    (0)    7 :  0.013 0.079 0.594 0.160 0.023 0.030 0.011 0.015 0.014 0.061 
 98  BAFF138    (0)   12 :  0.008 0.015 0.822 0.026 0.012 0.013 0.012 0.014 0.017 0.062 
 99  BAFF374    (0)   12 :  0.294 0.089 0.023 0.013 0.014 0.282 0.048 0.029 0.193 0.015 
100  BAFF015    (0)    1 :  0.012 0.020 0.010 0.012 0.010 0.017 0.006 0.885 0.010 0.018 
101  BAFF380    (0)    2 :  0.126 0.071 0.047 0.148 0.016 0.298 0.203 0.010 0.034 0.046 
102  BAFF216    (0)    3 :  0.070 0.302 0.016 0.158 0.076 0.266 0.014 0.033 0.026 0.041 
103  BAFF017    (0)    4 :  0.009 0.271 0.005 0.100 0.158 0.401 0.005 0.017 0.018 0.016 
104  BAFF245    (0)    4 :  0.094 0.154 0.243 0.162 0.040 0.090 0.008 0.118 0.029 0.062 
105  BAFF378    (7)   13 :  0.022 0.351 0.021 0.245 0.028 0.108 0.011 0.167 0.011 0.035 
106  BAFF023    (0)    5 :  0.050 0.297 0.025 0.372 0.042 0.059 0.008 0.029 0.027 0.092 
107  BAFF079    (0)    6 :  0.122 0.216 0.117 0.124 0.066 0.227 0.030 0.040 0.040 0.017 
108  BAFF435    (0)    6 :  0.018 0.178 0.015 0.483 0.012 0.042 0.008 0.008 0.016 0.219 
109  BAFF174    (7)    7 :  0.023 0.028 0.018 0.058 0.731 0.060 0.012 0.006 0.027 0.035 
110  BAFF226    (0)    7 :  0.011 0.275 0.053 0.399 0.039 0.157 0.016 0.012 0.009 0.030 
111  BAFF190    (0)    8 :  0.363 0.079 0.047 0.127 0.012 0.073 0.016 0.016 0.061 0.205 
112  BAFF243    (0)    9 :  0.028 0.219 0.081 0.146 0.108 0.220 0.076 0.069 0.006 0.047 
113  BAFF177    (0)   10 :  0.360 0.108 0.048 0.033 0.065 0.287 0.027 0.027 0.008 0.037 
114  BAFF364    (7)   11 :  0.073 0.106 0.015 0.165 0.029 0.058 0.437 0.011 0.028 0.078 
115  BAFF305    (0)   12 :  0.011 0.015 0.860 0.021 0.021 0.015 0.009 0.022 0.016 0.009 
116  BAFF513    (0)    6 :  0.299 0.112 0.018 0.135 0.048 0.275 0.013 0.040 0.018 0.043 
117  BAFF462    (0)    7 :  0.153 0.076 0.012 0.112 0.008 0.064 0.011 0.361 0.041 0.162 
118  BAFF143    (0)   12 :  0.053 0.085 0.551 0.077 0.023 0.045 0.055 0.008 0.062 0.042 
119  BAFF403    (0)   12 :  0.008 0.009 0.009 0.008 0.007 0.009 0.010 0.007 0.924 0.009 
120  BAFF514    (0)    6 :  0.284 0.089 0.018 0.052 0.014 0.282 0.007 0.007 0.111 0.135 
121  BAFF463    (0)    7 :  0.687 0.008 0.005 0.005 0.005 0.005 0.010 0.005 0.004 0.266 
122  BAFF137    (0)   12 :  0.117 0.040 0.614 0.049 0.007 0.087 0.008 0.011 0.008 0.058 
123  BAFF404    (0)   12 :  0.009 0.012 0.010 0.012 0.008 0.011 0.021 0.014 0.892 0.011 
124  BAFF515    (0)    6 :  0.180 0.193 0.133 0.151 0.040 0.182 0.018 0.020 0.038 0.043 
125  BAFF144    (0)   12 :  0.081 0.103 0.079 0.219 0.017 0.166 0.132 0.010 0.090 0.103 
126  BAFF405    (7)   12 :  0.048 0.052 0.673 0.057 0.009 0.055 0.032 0.028 0.018 0.027 
127  BAFF518    (0)    6 :  0.019 0.090 0.213 0.134 0.022 0.043 0.013 0.010 0.338 0.117 
128  BAFF467    (0)    7 :  0.058 0.320 0.015 0.179 0.044 0.204 0.009 0.015 0.023 0.135 
129  BAFF145    (0)   12 :  0.029 0.092 0.179 0.112 0.018 0.063 0.357 0.081 0.011 0.059 
130  BAFF406    (0)   12 :  0.082 0.065 0.052 0.035 0.012 0.080 0.305 0.008 0.317 0.043 
131  BAFF519    (0)    6 :  0.088 0.143 0.070 0.110 0.468 0.052 0.012 0.011 0.013 0.033 
132  BAFF471    (0)    7 :  0.136 0.129 0.328 0.121 0.026 0.107 0.013 0.059 0.020 0.061 
133  BAFF136    (0)   12 :  0.034 0.021 0.134 0.014 0.046 0.024 0.007 0.005 0.705 0.010 
134  BAFF520    (7)    6 :  0.063 0.206 0.029 0.325 0.041 0.146 0.010 0.026 0.051 0.102 
135  BAFF472    (0)    7 :  0.193 0.125 0.035 0.195 0.048 0.095 0.052 0.023 0.015 0.219 
136  BAFF165    (0)   12 :  0.025 0.086 0.511 0.125 0.014 0.046 0.007 0.047 0.037 0.101 
137  BAFF408    (0)   12 :  0.019 0.053 0.506 0.095 0.021 0.028 0.032 0.035 0.075 0.136 
138  BAFF522    (0)    6 :  0.393 0.078 0.059 0.120 0.022 0.189 0.015 0.030 0.050 0.044 
139  BAFF475    (0)    7 :  0.120 0.251 0.038 0.175 0.058 0.198 0.013 0.007 0.039 0.101 
140  BAFF140    (0)   12 :  0.128 0.073 0.495 0.033 0.024 0.130 0.047 0.014 0.026 0.030 
141  BAFF409    (0)   12 :  0.044 0.016 0.018 0.013 0.023 0.018 0.010 0.088 0.746 0.024 
142  BAFF523    (0)    6 :  0.379 0.165 0.013 0.162 0.026 0.113 0.048 0.014 0.009 0.073 
143  BAFF476    (0)    7 :  0.012 0.206 0.045 0.128 0.042 0.263 0.254 0.007 0.023 0.020 
144  BAFF147    (0)   12 :  0.058 0.037 0.548 0.044 0.010 0.073 0.009 0.015 0.137 0.069 
145  BAFF410    (0)   12 :  0.015 0.062 0.288 0.029 0.016 0.093 0.008 0.013 0.451 0.025 
146  BAFF477    (0)    7 :  0.015 0.257 0.128 0.284 0.023 0.143 0.009 0.084 0.007 0.051 
147  BAFF411    (0)   12 :  0.013 0.059 0.068 0.062 0.344 0.016 0.053 0.290 0.076 0.018 
148  BAFF486    (7)    7 :  0.005 0.202 0.008 0.527 0.013 0.025 0.006 0.008 0.006 0.201 
149  BAFF412    (7)   12 :  0.080 0.059 0.024 0.022 0.014 0.069 0.020 0.031 0.660 0.020 
150  BAFF258    (0)    1 :  0.272 0.122 0.019 0.140 0.015 0.103 0.041 0.193 0.030 0.064 
151  BAFF392    (0)    2 :  0.636 0.062 0.007 0.072 0.019 0.035 0.071 0.005 0.005 0.087 
152  BAFF217    (0)    3 :  0.018 0.122 0.050 0.136 0.512 0.061 0.024 0.010 0.021 0.046 
153  BAFF016    (0)    4 :  0.116 0.252 0.110 0.058 0.056 0.264 0.087 0.005 0.046 0.008 
154  BAFF246    (0)    4 :  0.144 0.224 0.028 0.051 0.183 0.277 0.045 0.009 0.022 0.017 
155  BAFF381    (0)   13 :  0.028 0.198 0.257 0.231 0.042 0.056 0.010 0.010 0.035 0.133 
156  BAFF078    (0)    6 :  0.012 0.053 0.116 0.065 0.017 0.008 0.121 0.005 0.031 0.572 
157  BAFF481    (0)    6 :  0.038 0.197 0.115 0.297 0.094 0.064 0.008 0.023 0.036 0.128 
158  BAFF436    (0)    7 :  0.195 0.118 0.044 0.105 0.046 0.240 0.042 0.074 0.039 0.098 
159  BAFF191    (0)    8 :  0.120 0.115 0.032 0.111 0.384 0.187 0.011 0.009 0.018 0.013 
160  BAFF382    (0)    9 :  0.083 0.151 0.037 0.335 0.061 0.022 0.039 0.007 0.052 0.212 
161  BAFF178    (0)   10 :  0.405 0.085 0.018 0.029 0.057 0.314 0.006 0.008 0.050 0.028 
162  BAFF159    (7)   11 :  0.010 0.324 0.011 0.137 0.007 0.468 0.014 0.009 0.013 0.006 
163  BAFF365    (7)   11 :  0.020 0.121 0.234 0.169 0.031 0.052 0.025 0.182 0.018 0.148 
164  BAFF007    (0)   12 :  0.041 0.215 0.143 0.201 0.060 0.143 0.042 0.045 0.024 0.087 
165  BAFF304    (7)   12 :  0.013 0.072 0.299 0.137 0.011 0.023 0.030 0.010 0.055 0.350 
166  BAFF487    (0)    7 :  0.111 0.268 0.012 0.304 0.054 0.115 0.058 0.017 0.025 0.036 
167  BAFF415    (0)   12 :  0.034 0.048 0.165 0.051 0.011 0.032 0.022 0.057 0.552 0.027 
168  BAFF488    (0)    7 :  0.014 0.121 0.044 0.087 0.044 0.088 0.011 0.562 0.014 0.015 
169  BAFF417    (0)   12 :  0.033 0.053 0.376 0.059 0.025 0.063 0.012 0.014 0.321 0.046 
170  BAFF489    (0)    7 :  0.067 0.204 0.222 0.265 0.013 0.067 0.041 0.007 0.039 0.074 
171  BAFF426    (0)   12 :  0.023 0.015 0.015 0.016 0.013 0.014 0.006 0.017 0.772 0.110 
172  BAFF490    (7)    7 :  0.070 0.199 0.018 0.307 0.014 0.187 0.089 0.021 0.011 0.084 
173  BAFF491    (0)    7 :  0.086 0.136 0.020 0.404 0.028 0.096 0.025 0.040 0.008 0.157 
174  BAFF492    (0)    7 :  0.018 0.163 0.011 0.463 0.027 0.023 0.006 0.007 0.011 0.271 
175  BAFF493    (0)    7 :  0.124 0.100 0.024 0.112 0.020 0.060 0.012 0.450 0.036 0.062 
176  BAFF506    (0)    7 :  0.056 0.200 0.012 0.367 0.030 0.165 0.011 0.087 0.015 0.058 
177  BAFF393    (0)    2 :  0.023 0.151 0.096 0.323 0.023 0.075 0.177 0.023 0.011 0.099 
178  BAFF218    (0)    3 :  0.115 0.189 0.087 0.168 0.202 0.102 0.019 0.040 0.025 0.055 
179  BAFF254    (0)    4 :  0.016 0.097 0.070 0.305 0.010 0.034 0.200 0.036 0.011 0.219 
180  BAFF385    (0)   13 :  0.127 0.125 0.029 0.200 0.026 0.105 0.015 0.020 0.031 0.321 
181  BAFF076    (0)    6 :  0.496 0.010 0.009 0.027 0.013 0.301 0.013 0.009 0.012 0.110 
182  BAFF482    (0)    6 :  0.073 0.259 0.125 0.258 0.016 0.106 0.013 0.010 0.078 0.063 
183  BAFF437    (0)    7 :  0.033 0.116 0.565 0.164 0.012 0.052 0.005 0.019 0.010 0.024 
184  BAFF192    (0)    8 :  0.305 0.141 0.052 0.043 0.040 0.203 0.116 0.016 0.014 0.068 
185  BAFF383    (0)    9 :  0.060 0.019 0.140 0.029 0.014 0.010 0.006 0.671 0.012 0.039 
186  BAFF180    (0)   10 :  0.181 0.118 0.011 0.056 0.269 0.211 0.008 0.008 0.090 0.047 
187  BAFF048    (7)   12 :  0.050 0.096 0.055 0.151 0.007 0.189 0.352 0.055 0.014 0.032 
188  BAFF306    (0)   12 :  0.048 0.064 0.674 0.050 0.062 0.028 0.014 0.010 0.027 0.022 
189  BAFF394    (0)    2 :  0.119 0.152 0.096 0.069 0.116 0.152 0.102 0.047 0.015 0.132 
190  BAFF219    (0)    3 :  0.023 0.265 0.116 0.197 0.061 0.208 0.011 0.008 0.011 0.098 
191  BAFF388    (0)    4 :  0.139 0.119 0.010 0.046 0.012 0.185 0.009 0.178 0.275 0.028 
192  BAFF386    (7)   13 :  0.372 0.067 0.058 0.130 0.023 0.129 0.032 0.018 0.014 0.157 
193  BAFF084    (0)    6 :  0.018 0.100 0.018 0.258 0.016 0.049 0.417 0.012 0.009 0.104 
194  BAFF483    (0)    6 :  0.249 0.153 0.087 0.050 0.036 0.295 0.008 0.026 0.069 0.027 
195  BAFF438   (15)    7 :  0.044 0.095 0.119 0.150 0.018 0.027 0.055 0.016 0.026 0.450 
196  BAFF193    (0)    8 :  0.047 0.140 0.016 0.240 0.052 0.048 0.011 0.309 0.016 0.122 
197  BAFF183    (0)   10 :  0.018 0.171 0.017 0.151 0.030 0.249 0.016 0.052 0.019 0.275 
198  BAFF153    (0)   12 :  0.011 0.012 0.885 0.022 0.006 0.011 0.010 0.008 0.013 0.021 
199  BAFF307    (0)   12 :  0.020 0.074 0.512 0.160 0.016 0.037 0.075 0.010 0.020 0.076 
200  BAFF397    (0)    2 :  0.005 0.237 0.140 0.307 0.026 0.236 0.011 0.007 0.010 0.020 
201  BAFF220    (0)    3 :  0.604 0.073 0.007 0.017 0.007 0.016 0.059 0.008 0.012 0.196 
202  BAFF095    (0)    6 :  0.466 0.072 0.019 0.038 0.019 0.290 0.006 0.042 0.014 0.033 
203  BAFF494    (0)    6 :  0.373 0.166 0.013 0.134 0.021 0.074 0.023 0.006 0.028 0.162 
204  BAFF439    (0)    7 :  0.023 0.113 0.107 0.132 0.129 0.050 0.008 0.009 0.236 0.193 
205  BAFF182    (0)   10 :  0.247 0.051 0.037 0.039 0.019 0.163 0.056 0.027 0.106 0.255 
206  BAFF054    (0)   12 :  0.008 0.008 0.012 0.008 0.007 0.013 0.009 0.007 0.918 0.009 
207  BAFF308    (0)   12 :  0.021 0.072 0.651 0.097 0.009 0.026 0.013 0.015 0.016 0.080 
208  BAFF266    (0)    1 :  0.019 0.299 0.025 0.202 0.011 0.168 0.070 0.132 0.040 0.035 
209  BAFF398    (7)    2 :  0.685 0.016 0.006 0.019 0.005 0.017 0.005 0.012 0.005 0.231 
210  BAFF221    (0)    3 :  0.050 0.010 0.023 0.007 0.007 0.010 0.403 0.300 0.020 0.168 
211  BAFF090    (0)    6 :  0.044 0.067 0.035 0.111 0.016 0.089 0.032 0.011 0.061 0.535 
212  BAFF495    (0)    6 :  0.021 0.077 0.021 0.042 0.718 0.079 0.009 0.008 0.015 0.010 
213  BAFF459    (0)    7 :  0.026 0.246 0.039 0.159 0.075 0.312 0.111 0.008 0.012 0.012 
214  BAFF197    (0)    8 :  0.025 0.141 0.361 0.116 0.146 0.061 0.013 0.014 0.073 0.049 
215  BAFF188    (0)   10 :  0.016 0.043 0.491 0.050 0.019 0.024 0.060 0.013 0.026 0.258 
216  BAFF051    (0)   12 :  0.037 0.221 0.028 0.175 0.023 0.127 0.012 0.024 0.308 0.046 
217  BAFF309    (0)   12 :  0.053 0.213 0.035 0.484 0.020 0.039 0.012 0.009 0.013 0.121 
218  BAFF269    (0)    1 :  0.051 0.195 0.211 0.166 0.112 0.156 0.009 0.053 0.010 0.035 
219  BAFF077    (0)    6 :  0.006 0.234 0.008 0.085 0.084 0.471 0.084 0.009 0.010 0.008 
220  BAFF496    (0)    6 :  0.007 0.016 0.007 0.024 0.901 0.012 0.004 0.012 0.009 0.007 
221  BAFF443    (0)    7 :  0.038 0.270 0.086 0.193 0.024 0.156 0.010 0.043 0.089 0.090 
222  BAFF198    (0)    8 :  0.209 0.135 0.029 0.162 0.149 0.178 0.017 0.009 0.028 0.084 
223  BAFF053    (0)   12 :  0.010 0.025 0.622 0.071 0.042 0.015 0.008 0.019 0.031 0.157 
224  BAFF310    (0)   12 :  0.010 0.119 0.070 0.042 0.014 0.141 0.017 0.007 0.560 0.019 
225  BAFF282    (0)    1 :  0.042 0.053 0.034 0.039 0.023 0.098 0.011 0.670 0.015 0.016 
226  BAFF497    (0)    6 :  0.014 0.312 0.019 0.149 0.087 0.369 0.012 0.011 0.014 0.013 
227  BAFF466    (0)    7 :  0.060 0.236 0.098 0.231 0.021 0.113 0.133 0.014 0.035 0.059 
228  BAFF200    (7)    8 :  0.268 0.157 0.028 0.146 0.018 0.254 0.021 0.011 0.029 0.070 
229  BAFF240    (0)   10 :  0.063 0.066 0.027 0.104 0.012 0.032 0.563 0.015 0.010 0.107 
230  BAFF055    (0)   12 :  0.026 0.026 0.113 0.025 0.010 0.033 0.008 0.017 0.714 0.026 
231  BAFF311    (7)   12 :  0.626 0.170 0.030 0.010 0.006 0.046 0.025 0.027 0.007 0.052 


Estimated Allele Frequencies in each cluster
First column gives estimated ancestral frequencies


Locus 1 : btern01 
9 alleles
0.0% missing data
   1   (0.139) 0.122 0.150 0.196 0.158 0.175 0.184 0.076 0.121 0.034 0.065 
   2   (0.018) 0.004 0.014 0.004 0.008 0.003 0.009 0.003 0.027 0.004 0.003 
   3   (0.167) 0.130 0.196 0.199 0.188 0.201 0.188 0.170 0.063 0.089 0.207 
   4   (0.210) 0.180 0.203 0.187 0.207 0.334 0.167 0.276 0.198 0.172 0.172 
   5   (0.280) 0.154 0.290 0.331 0.343 0.097 0.268 0.384 0.449 0.340 0.321 
   6   (0.077) 0.052 0.069 0.051 0.035 0.045 0.082 0.015 0.033 0.334 0.112 
   7   (0.053) 0.311 0.041 0.017 0.022 0.012 0.049 0.062 0.084 0.019 0.099 
   8   (0.016) 0.003 0.007 0.006 0.005 0.033 0.006 0.002 0.017 0.002 0.003 
   9   (0.040) 0.043 0.031 0.010 0.034 0.100 0.048 0.011 0.007 0.007 0.019 

Locus 2 : bt28 
5 alleles
0.0% missing data
   1   (0.668) 0.570 0.659 0.770 0.683 0.766 0.641 0.657 0.770 0.714 0.616 
   2   (0.154) 0.141 0.139 0.126 0.126 0.160 0.167 0.045 0.175 0.097 0.137 
   3   (0.143) 0.282 0.142 0.093 0.161 0.063 0.106 0.285 0.037 0.183 0.241 
   4   (0.024) 0.005 0.056 0.008 0.027 0.008 0.082 0.011 0.006 0.004 0.004 
   5   (0.012) 0.003 0.004 0.003 0.003 0.002 0.004 0.001 0.013 0.002 0.002 

Locus 3 : b96 
8 alleles
0.9% missing data
   1   (0.331) 0.345 0.353 0.462 0.311 0.194 0.363 0.203 0.364 0.320 0.277 
   2   (0.479) 0.531 0.525 0.308 0.579 0.765 0.532 0.577 0.418 0.500 0.642 
   3   (0.046) 0.027 0.034 0.078 0.044 0.010 0.025 0.053 0.011 0.050 0.024 
   4   (0.015) 0.003 0.007 0.003 0.005 0.002 0.005 0.130 0.004 0.003 0.003 
   5   (0.051) 0.044 0.038 0.062 0.028 0.011 0.041 0.010 0.028 0.033 0.025 
   6   (0.027) 0.038 0.015 0.016 0.006 0.004 0.011 0.005 0.098 0.005 0.007 
   7   (0.037) 0.009 0.023 0.068 0.023 0.010 0.019 0.020 0.075 0.007 0.021 
   8   (0.014) 0.003 0.004 0.003 0.003 0.002 0.004 0.002 0.003 0.083 0.003 

Locus 4 : bt30 
12 alleles
0.9% missing data
   1   (0.119) 0.177 0.107 0.071 0.101 0.026 0.105 0.023 0.288 0.104 0.168 
   2   (0.282) 0.252 0.298 0.249 0.374 0.424 0.253 0.117 0.278 0.299 0.371 
   3   (0.072) 0.028 0.146 0.034 0.183 0.071 0.110 0.046 0.017 0.023 0.060 
   4   (0.191) 0.224 0.199 0.231 0.175 0.125 0.251 0.131 0.103 0.239 0.195 
   5   (0.013) 0.011 0.008 0.003 0.005 0.003 0.013 0.002 0.003 0.003 0.003 
   6   (0.105) 0.232 0.125 0.073 0.063 0.070 0.151 0.028 0.112 0.051 0.077 
   7   (0.033) 0.012 0.021 0.030 0.016 0.014 0.012 0.011 0.022 0.014 0.069 
   8   (0.050) 0.011 0.026 0.084 0.030 0.010 0.018 0.094 0.047 0.069 0.012 
   9   (0.095) 0.033 0.054 0.192 0.040 0.239 0.063 0.544 0.052 0.191 0.036 
  10   (0.011) 0.002 0.003 0.002 0.002 0.003 0.002 0.001 0.072 0.002 0.002 
  11   (0.018) 0.014 0.008 0.026 0.006 0.004 0.018 0.002 0.003 0.004 0.004 
  12   (0.012) 0.002 0.005 0.003 0.004 0.012 0.004 0.002 0.002 0.002 0.003 

Locus 5 : btms0081 
3 alleles
0.9% missing data
   1   (0.499) 0.641 0.561 0.385 0.565 0.239 0.597 0.790 0.598 0.303 0.454 
   2   (0.351) 0.269 0.328 0.481 0.353 0.534 0.288 0.178 0.209 0.504 0.282 
   3   (0.149) 0.090 0.111 0.134 0.082 0.227 0.115 0.032 0.193 0.193 0.263 

Locus 6 : btms0066 
24 alleles
0.0% missing data
   1   (0.260) 0.365 0.277 0.319 0.306 0.222 0.220 0.082 0.379 0.403 0.322 
   2   (0.016) 0.003 0.006 0.003 0.005 0.033 0.004 0.002 0.057 0.003 0.003 
   3   (0.032) 0.020 0.026 0.148 0.026 0.010 0.014 0.007 0.006 0.009 0.016 
   4   (0.162) 0.162 0.244 0.110 0.225 0.408 0.291 0.032 0.056 0.124 0.113 
   5   (0.099) 0.055 0.134 0.185 0.159 0.065 0.093 0.022 0.025 0.090 0.115 
   6   (0.050) 0.191 0.037 0.034 0.023 0.028 0.054 0.198 0.010 0.013 0.108 
   7   (0.018) 0.036 0.006 0.004 0.009 0.003 0.021 0.002 0.017 0.003 0.016 
   8   (0.055) 0.023 0.062 0.030 0.042 0.041 0.073 0.031 0.083 0.037 0.019 
   9   (0.021) 0.007 0.011 0.010 0.013 0.004 0.007 0.376 0.004 0.005 0.052 
  10   (0.031) 0.008 0.021 0.007 0.033 0.007 0.015 0.026 0.157 0.005 0.013 
  11   (0.021) 0.007 0.008 0.006 0.007 0.020 0.008 0.004 0.151 0.014 0.005 
  12   (0.036) 0.008 0.059 0.025 0.039 0.113 0.077 0.011 0.007 0.014 0.019 
  13   (0.023) 0.022 0.012 0.010 0.015 0.005 0.007 0.012 0.005 0.012 0.057 
  14   (0.018) 0.004 0.006 0.005 0.007 0.003 0.006 0.089 0.003 0.051 0.004 
  15   (0.020) 0.004 0.022 0.020 0.030 0.009 0.019 0.003 0.004 0.003 0.005 
  16   (0.024) 0.019 0.015 0.014 0.018 0.008 0.029 0.039 0.005 0.101 0.011 
  17   (0.023) 0.007 0.010 0.013 0.010 0.004 0.006 0.043 0.009 0.022 0.097 
  18   (0.009) 0.002 0.002 0.002 0.002 0.001 0.002 0.001 0.001 0.036 0.001 
  19   (0.013) 0.004 0.004 0.040 0.004 0.002 0.004 0.001 0.002 0.003 0.003 
  20   (0.017) 0.022 0.016 0.005 0.007 0.007 0.027 0.006 0.005 0.010 0.005 
  21   (0.018) 0.020 0.008 0.005 0.009 0.003 0.013 0.006 0.005 0.004 0.008 
  22   (0.011) 0.009 0.005 0.002 0.005 0.002 0.004 0.002 0.002 0.002 0.003 
  23   (0.012) 0.002 0.003 0.003 0.002 0.002 0.003 0.001 0.002 0.035 0.002 
  24   (0.010) 0.002 0.007 0.002 0.005 0.002 0.005 0.003 0.004 0.002 0.002 

Locus 7 : btms0083 
31 alleles
3.0% missing data
   1   (0.015) 0.005 0.004 0.004 0.003 0.002 0.003 0.009 0.243 0.002 0.007 
   2   (0.023) 0.005 0.011 0.024 0.022 0.003 0.007 0.006 0.110 0.004 0.020 
   3   (0.032) 0.081 0.027 0.012 0.016 0.006 0.024 0.154 0.006 0.011 0.025 
   4   (0.039) 0.045 0.044 0.021 0.044 0.011 0.022 0.025 0.061 0.010 0.037 
   5   (0.202) 0.299 0.218 0.214 0.230 0.158 0.254 0.088 0.232 0.272 0.258 
   6   (0.019) 0.014 0.015 0.005 0.021 0.004 0.031 0.006 0.005 0.004 0.011 
   7   (0.047) 0.021 0.050 0.053 0.086 0.012 0.023 0.020 0.012 0.119 0.317 
   8   (0.039) 0.012 0.039 0.144 0.048 0.011 0.021 0.007 0.016 0.015 0.029 
   9   (0.036) 0.049 0.043 0.039 0.035 0.028 0.035 0.006 0.008 0.007 0.016 
  10   (0.026) 0.078 0.027 0.017 0.009 0.005 0.064 0.005 0.007 0.015 0.007 
  11   (0.052) 0.027 0.081 0.032 0.083 0.074 0.080 0.509 0.014 0.009 0.031 
  12   (0.019) 0.009 0.013 0.004 0.008 0.008 0.008 0.003 0.038 0.004 0.007 
  13   (0.051) 0.040 0.063 0.103 0.033 0.043 0.073 0.021 0.010 0.071 0.020 
  14   (0.038) 0.011 0.095 0.018 0.096 0.014 0.077 0.007 0.008 0.007 0.030 
  15   (0.027) 0.019 0.037 0.013 0.018 0.020 0.062 0.005 0.016 0.006 0.009 
  16   (0.029) 0.089 0.029 0.007 0.034 0.009 0.021 0.010 0.032 0.005 0.019 
  17   (0.026) 0.014 0.015 0.013 0.012 0.419 0.012 0.014 0.037 0.005 0.006 
  18   (0.052) 0.033 0.041 0.040 0.057 0.026 0.042 0.011 0.037 0.126 0.031 
  19   (0.022) 0.005 0.013 0.006 0.009 0.010 0.008 0.004 0.008 0.126 0.005 
  20   (0.026) 0.007 0.011 0.122 0.012 0.005 0.008 0.004 0.005 0.059 0.006 
  21   (0.011) 0.002 0.003 0.002 0.002 0.002 0.003 0.001 0.035 0.002 0.002 
  22   (0.012) 0.002 0.004 0.003 0.003 0.024 0.003 0.002 0.015 0.002 0.002 
  23   (0.014) 0.005 0.011 0.008 0.010 0.010 0.007 0.002 0.015 0.002 0.004 
  24   (0.013) 0.002 0.004 0.003 0.003 0.002 0.003 0.002 0.003 0.015 0.002 
  25   (0.033) 0.095 0.024 0.038 0.037 0.007 0.012 0.005 0.006 0.007 0.060 
  26   (0.012) 0.003 0.027 0.004 0.010 0.017 0.059 0.009 0.002 0.002 0.002 
  27   (0.024) 0.008 0.015 0.027 0.020 0.049 0.015 0.006 0.005 0.045 0.013 
  28   (0.016) 0.009 0.012 0.004 0.019 0.010 0.007 0.052 0.004 0.003 0.014 
  29   (0.017) 0.006 0.014 0.004 0.012 0.004 0.007 0.003 0.005 0.003 0.003 
  30   (0.017) 0.004 0.005 0.011 0.004 0.002 0.005 0.002 0.003 0.040 0.003 
  31   (0.011) 0.003 0.005 0.005 0.005 0.004 0.005 0.001 0.003 0.002 0.002 

Locus 8 : b126 
16 alleles
0.0% missing data
   1   (0.043) 0.070 0.042 0.032 0.022 0.009 0.035 0.008 0.044 0.013 0.016 
   2   (0.053) 0.020 0.045 0.056 0.046 0.073 0.027 0.010 0.140 0.009 0.018 
   3   (0.305) 0.238 0.327 0.303 0.358 0.502 0.273 0.631 0.167 0.378 0.554 
   4   (0.027) 0.013 0.055 0.009 0.025 0.029 0.057 0.004 0.007 0.006 0.010 
   5   (0.073) 0.138 0.092 0.033 0.129 0.049 0.090 0.017 0.020 0.041 0.079 
   6   (0.067) 0.017 0.083 0.162 0.087 0.017 0.083 0.009 0.014 0.159 0.044 
   7   (0.106) 0.148 0.098 0.168 0.084 0.039 0.160 0.217 0.021 0.152 0.061 
   8   (0.029) 0.009 0.028 0.016 0.013 0.019 0.036 0.010 0.007 0.083 0.005 
   9   (0.014) 0.029 0.004 0.003 0.004 0.002 0.017 0.001 0.002 0.002 0.011 
  10   (0.041) 0.110 0.029 0.014 0.033 0.016 0.040 0.010 0.027 0.046 0.027 
  11   (0.092) 0.034 0.104 0.105 0.101 0.032 0.097 0.058 0.423 0.021 0.059 
  12   (0.031) 0.006 0.018 0.023 0.035 0.005 0.010 0.004 0.025 0.032 0.025 
  13   (0.065) 0.109 0.034 0.039 0.036 0.171 0.024 0.008 0.092 0.049 0.067 
  14   (0.026) 0.013 0.027 0.008 0.014 0.030 0.034 0.005 0.005 0.005 0.006 
  15   (0.015) 0.009 0.005 0.025 0.005 0.003 0.011 0.002 0.003 0.002 0.003 
  16   (0.014) 0.035 0.010 0.004 0.006 0.003 0.006 0.005 0.003 0.002 0.014 

Locus 9 : btms0062 
34 alleles
0.0% missing data
   1   (0.036) 0.030 0.035 0.010 0.041 0.008 0.041 0.034 0.084 0.009 0.013 
   2   (0.053) 0.046 0.052 0.022 0.029 0.249 0.057 0.027 0.107 0.013 0.039 
   3   (0.084) 0.037 0.089 0.265 0.104 0.069 0.057 0.030 0.085 0.055 0.074 
   4   (0.093) 0.167 0.134 0.041 0.120 0.023 0.206 0.222 0.049 0.210 0.063 
   5   (0.051) 0.031 0.073 0.059 0.166 0.011 0.043 0.051 0.018 0.011 0.102 
   6   (0.027) 0.013 0.023 0.034 0.029 0.018 0.017 0.014 0.007 0.005 0.015 
   7   (0.010) 0.003 0.010 0.006 0.013 0.002 0.003 0.001 0.002 0.002 0.004 
   8   (0.026) 0.007 0.034 0.050 0.037 0.013 0.031 0.003 0.007 0.005 0.010 
   9   (0.040) 0.035 0.073 0.016 0.043 0.029 0.101 0.054 0.019 0.019 0.020 
  10   (0.053) 0.096 0.074 0.024 0.068 0.019 0.049 0.009 0.041 0.059 0.040 
  11   (0.058) 0.165 0.064 0.035 0.050 0.018 0.061 0.364 0.014 0.032 0.162 
  12   (0.043) 0.078 0.031 0.040 0.026 0.343 0.036 0.010 0.009 0.031 0.019 
  13   (0.052) 0.121 0.037 0.066 0.031 0.011 0.057 0.014 0.028 0.019 0.052 
  14   (0.041) 0.013 0.048 0.053 0.032 0.013 0.042 0.009 0.010 0.299 0.016 
  15   (0.013) 0.004 0.005 0.115 0.009 0.003 0.004 0.002 0.002 0.003 0.019 
  16   (0.021) 0.004 0.008 0.013 0.008 0.004 0.005 0.088 0.004 0.008 0.024 
  17   (0.018) 0.010 0.008 0.004 0.006 0.014 0.009 0.002 0.166 0.003 0.004 
  18   (0.012) 0.041 0.010 0.004 0.003 0.003 0.004 0.004 0.002 0.002 0.006 
  19   (0.044) 0.015 0.040 0.014 0.029 0.067 0.036 0.006 0.085 0.101 0.013 
  20   (0.012) 0.002 0.003 0.002 0.002 0.002 0.003 0.001 0.037 0.002 0.002 
  21   (0.033) 0.017 0.036 0.014 0.035 0.034 0.034 0.005 0.046 0.006 0.013 
  22   (0.019) 0.004 0.007 0.013 0.007 0.003 0.005 0.002 0.112 0.003 0.018 
  23   (0.010) 0.002 0.004 0.002 0.005 0.002 0.003 0.001 0.028 0.002 0.003 
  24   (0.021) 0.005 0.025 0.006 0.034 0.009 0.024 0.004 0.004 0.009 0.006 
  25   (0.012) 0.003 0.013 0.003 0.008 0.002 0.007 0.001 0.008 0.003 0.003 
  26   (0.019) 0.021 0.020 0.005 0.024 0.005 0.025 0.006 0.006 0.019 0.171 
  27   (0.018) 0.009 0.009 0.021 0.009 0.003 0.009 0.011 0.003 0.005 0.068 
  28   (0.007) 0.001 0.002 0.030 0.001 0.001 0.001 0.001 0.001 0.001 0.001 
  29   (0.015) 0.003 0.007 0.004 0.009 0.009 0.005 0.012 0.005 0.003 0.006 
  30   (0.013) 0.002 0.004 0.003 0.003 0.003 0.003 0.002 0.002 0.034 0.002 
  31   (0.015) 0.003 0.007 0.015 0.009 0.003 0.004 0.002 0.003 0.003 0.005 
  32   (0.010) 0.007 0.005 0.003 0.003 0.002 0.005 0.004 0.002 0.002 0.003 
  33   (0.012) 0.003 0.006 0.005 0.005 0.004 0.005 0.001 0.003 0.002 0.002 
  34   (0.009) 0.002 0.006 0.004 0.003 0.002 0.008 0.002 0.001 0.022 0.002 

Locus 10 : btern02 
25 alleles
4.8% missing data
   1   (0.098) 0.065 0.102 0.179 0.071 0.124 0.148 0.309 0.137 0.032 0.115 
   2   (0.012) 0.002 0.003 0.002 0.002 0.002 0.003 0.002 0.017 0.002 0.002 
   3   (0.083) 0.120 0.117 0.092 0.122 0.130 0.111 0.029 0.027 0.024 0.072 
   4   (0.051) 0.142 0.040 0.024 0.030 0.080 0.068 0.008 0.014 0.096 0.087 
   5   (0.027) 0.022 0.026 0.013 0.030 0.016 0.019 0.037 0.012 0.006 0.017 
   6   (0.041) 0.029 0.063 0.020 0.123 0.016 0.041 0.073 0.014 0.019 0.063 
   7   (0.029) 0.025 0.018 0.022 0.013 0.011 0.024 0.004 0.005 0.157 0.011 
   8   (0.036) 0.011 0.026 0.038 0.038 0.012 0.021 0.013 0.114 0.006 0.024 
   9   (0.077) 0.090 0.049 0.185 0.054 0.037 0.071 0.021 0.061 0.035 0.175 
  10   (0.028) 0.012 0.047 0.008 0.084 0.136 0.017 0.005 0.006 0.005 0.033 
  11   (0.063) 0.024 0.071 0.121 0.062 0.089 0.063 0.014 0.017 0.064 0.039 
  12   (0.036) 0.012 0.024 0.019 0.019 0.113 0.016 0.016 0.144 0.006 0.011 
  13   (0.052) 0.078 0.055 0.024 0.033 0.020 0.049 0.013 0.058 0.060 0.028 
  14   (0.055) 0.029 0.043 0.023 0.028 0.022 0.063 0.016 0.181 0.125 0.054 
  15   (0.011) 0.002 0.003 0.002 0.002 0.002 0.002 0.246 0.002 0.002 0.002 
  16   (0.042) 0.012 0.068 0.023 0.051 0.014 0.064 0.009 0.049 0.048 0.016 
  17   (0.027) 0.020 0.036 0.009 0.037 0.008 0.030 0.020 0.006 0.048 0.012 
  18   (0.046) 0.038 0.059 0.033 0.037 0.059 0.059 0.014 0.011 0.174 0.019 
  19   (0.038) 0.097 0.030 0.059 0.035 0.018 0.018 0.037 0.007 0.009 0.124 
  20   (0.038) 0.107 0.036 0.034 0.038 0.015 0.028 0.006 0.046 0.008 0.050 
  21   (0.025) 0.006 0.022 0.012 0.018 0.034 0.021 0.004 0.036 0.009 0.007 
  22   (0.014) 0.003 0.007 0.004 0.005 0.015 0.005 0.002 0.012 0.007 0.003 
  23   (0.028) 0.028 0.028 0.036 0.026 0.016 0.033 0.010 0.019 0.005 0.010 
  24   (0.033) 0.014 0.020 0.016 0.037 0.007 0.019 0.091 0.007 0.048 0.022 
  25   (0.011) 0.013 0.006 0.003 0.006 0.005 0.007 0.002 0.002 0.004 0.005 

Locus 11 : btms0086 
3 alleles
0.0% missing data
   1   (0.837) 0.782 0.853 0.914 0.822 0.799 0.850 0.975 0.777 0.925 0.866 
   2   (0.141) 0.214 0.138 0.052 0.162 0.196 0.145 0.023 0.207 0.068 0.119 
   3   (0.022) 0.004 0.009 0.035 0.016 0.005 0.006 0.003 0.016 0.007 0.015 

Locus 12 : bl13 
3 alleles
0.0% missing data
   1   (0.072) 0.037 0.045 0.025 0.034 0.024 0.046 0.013 0.238 0.354 0.035 
   2   (0.832) 0.825 0.858 0.837 0.884 0.951 0.873 0.637 0.743 0.586 0.916 
   3   (0.096) 0.138 0.097 0.138 0.082 0.025 0.081 0.350 0.018 0.061 0.050 

Locus 13 : btms0059 
9 alleles
0.0% missing data
   1   (0.342) 0.346 0.319 0.558 0.363 0.156 0.326 0.492 0.356 0.290 0.369 
   2   (0.109) 0.049 0.172 0.063 0.123 0.280 0.189 0.298 0.110 0.018 0.038 
   3   (0.065) 0.028 0.050 0.053 0.029 0.022 0.053 0.018 0.131 0.117 0.030 
   4   (0.055) 0.082 0.042 0.033 0.038 0.019 0.063 0.009 0.044 0.021 0.032 
   5   (0.081) 0.033 0.091 0.083 0.132 0.058 0.068 0.026 0.035 0.041 0.060 
   6   (0.300) 0.444 0.275 0.188 0.280 0.447 0.249 0.146 0.313 0.504 0.452 
   7   (0.015) 0.003 0.021 0.004 0.010 0.012 0.033 0.005 0.003 0.002 0.003 
   8   (0.022) 0.013 0.024 0.016 0.020 0.004 0.013 0.004 0.006 0.004 0.010 
   9   (0.011) 0.002 0.005 0.002 0.005 0.002 0.007 0.002 0.003 0.002 0.007 

Values of parameters used in structure:
