

----------------------------------------------------
STRUCTURE by Pritchard, Stephens and Donnelly (2000)
     and Falush, Stephens and Pritchard (2003)
       Code by Pritchard, Falush and Hubisz
             Version 2.3.4 (Jul 2012)
----------------------------------------------------



Command line arguments:   bin/structure -m "/Users/johnmola/Desktop/rpbbfeb27/rpbbstructure/rpbb20k100k/mainparams" -e "/Users/johnmola/Desktop/rpbbfeb27/rpbbstructure/rpbb20k100k/extraparams" 
Input File:    /Users/johnmola/Desktop/rpbbfeb27/rpbbstructure/project_data

Run parameters:
   231 individuals
   13 loci
   10 populations assumed
   20000 Burn-in period
   100000 Reps


--------------------------------------------
Proportion of membership of each pre-defined
 population in each of the 10 clusters

Given    Inferred Clusters                                                        Number of
 Pop       1      2      3      4      5      6      7      8      9     10      Individuals

  1:     0.025  0.052  0.032  0.045  0.018  0.012  0.014  0.688  0.032  0.083       21
  2:     0.108  0.149  0.197  0.107  0.144  0.077  0.013  0.016  0.161  0.028        7
  3:     0.055  0.117  0.111  0.138  0.184  0.081  0.024  0.051  0.125  0.116        7
  4:     0.118  0.098  0.146  0.229  0.034  0.050  0.043  0.048  0.205  0.029        8
  5:     0.162  0.170  0.222  0.147  0.034  0.009  0.019  0.044  0.165  0.027        4
  6:     0.057  0.157  0.186  0.163  0.097  0.046  0.078  0.030  0.092  0.093       35
  7:     0.076  0.198  0.094  0.127  0.138  0.031  0.032  0.056  0.183  0.065       40
  8:     0.072  0.136  0.219  0.089  0.055  0.059  0.073  0.038  0.116  0.143       19
  9:     0.072  0.105  0.046  0.123  0.142  0.038  0.024  0.205  0.137  0.108        4
 10:     0.105  0.087  0.193  0.066  0.178  0.082  0.179  0.020  0.048  0.042       11
 11:     0.036  0.037  0.020  0.129  0.016  0.543  0.012  0.130  0.062  0.014        8
 12:     0.245  0.070  0.094  0.047  0.038  0.041  0.289  0.027  0.118  0.030       60
 13:     0.060  0.190  0.079  0.042  0.074  0.013  0.018  0.034  0.091  0.401        7
--------------------------------------------

Allele-freq. divergence among pops (Net nucleotide distance),
computed using point estimates of P.

      1       2       3       4       5       6       7       8       9      10      
 1      -    0.0214  0.0212  0.0287  0.0528  0.0643  0.0338  0.0398  0.0109  0.0598  
 2   0.0214     -    0.0137  0.0163  0.0293  0.0575  0.0329  0.0327  0.0094  0.0463  
 3   0.0212  0.0137     -    0.0212  0.0276  0.0646  0.0322  0.0343  0.0181  0.0540  
 4   0.0287  0.0163  0.0212     -    0.0448  0.0579  0.0457  0.0403  0.0200  0.0555  
 5   0.0528  0.0293  0.0276  0.0448     -    0.0775  0.0553  0.0524  0.0391  0.0715  
 6   0.0643  0.0575  0.0646  0.0579  0.0775     -    0.0822  0.0887  0.0623  0.1001  
 7   0.0338  0.0329  0.0322  0.0457  0.0553  0.0822     -    0.0499  0.0347  0.0631  
 8   0.0398  0.0327  0.0343  0.0403  0.0524  0.0887  0.0499     -    0.0358  0.0788  
 9   0.0109  0.0094  0.0181  0.0200  0.0391  0.0623  0.0347  0.0358     -    0.0500  
10   0.0598  0.0463  0.0540  0.0555  0.0715  0.1001  0.0631  0.0788  0.0500     -    

Average distances (expected heterozygosity) between individuals in same cluster:
cluster  1  : 0.6691 
cluster  2  : 0.6739 
cluster  3  : 0.7032 
cluster  4  : 0.6813 
cluster  5  : 0.6581 
cluster  6  : 0.5988 
cluster  7  : 0.6736 
cluster  8  : 0.6824 
cluster  9  : 0.6731 
cluster 10  : 0.5988 

--------------------------------------------
Estimated Ln Prob of Data   = -9963.6
Mean value of ln likelihood = -9125.3
Variance of ln likelihood   = 1676.5
Mean value of alpha         = 0.0502

Mean value of Fst_1         = 0.0844
Mean value of Fst_2         = 0.0787
Mean value of Fst_3         = 0.0744
Mean value of Fst_4         = 0.0857
Mean value of Fst_5         = 0.1612
Mean value of Fst_6         = 0.2539
Mean value of Fst_7         = 0.1061
Mean value of Fst_8         = 0.1034
Mean value of Fst_9         = 0.0836
Mean value of Fst_10         = 0.1797


Inferred ancestry of individuals:
        Label (%Miss) Pop:  Inferred clusters
  1  BAFF014    (0)    1 :  0.009 0.030 0.016 0.024 0.008 0.007 0.005 0.876 0.009 0.016 
  2  BAFF379    (0)    2 :  0.298 0.178 0.081 0.126 0.036 0.045 0.010 0.012 0.177 0.036 
  3  BAFF212    (0)    3 :  0.024 0.190 0.419 0.055 0.093 0.012 0.045 0.016 0.112 0.034 
  4  BAFF018    (0)    4 :  0.327 0.111 0.017 0.014 0.016 0.029 0.015 0.007 0.457 0.006 
  5  BAFF247    (0)    4 :  0.253 0.108 0.034 0.025 0.032 0.009 0.011 0.007 0.512 0.010 
  6  BAFF024    (0)    5 :  0.020 0.027 0.451 0.376 0.025 0.007 0.031 0.016 0.020 0.028 
  7  BAFF088    (0)    6 :  0.037 0.072 0.516 0.030 0.211 0.026 0.031 0.011 0.054 0.012 
  8  BAFF429    (0)    6 :  0.117 0.284 0.164 0.159 0.034 0.032 0.010 0.015 0.069 0.116 
  9  BAFF087    (7)    7 :  0.006 0.008 0.311 0.006 0.635 0.005 0.006 0.007 0.010 0.007 
 10  BAFF225    (0)    7 :  0.018 0.212 0.380 0.053 0.089 0.008 0.016 0.036 0.101 0.088 
 11  BAFF195    (0)    8 :  0.102 0.051 0.062 0.112 0.097 0.416 0.014 0.036 0.062 0.049 
 12  BAFF238    (0)    9 :  0.044 0.156 0.119 0.064 0.038 0.024 0.025 0.092 0.135 0.303 
 13  BAFF019    (0)   10 :  0.025 0.092 0.052 0.025 0.037 0.022 0.686 0.035 0.020 0.006 
 14  BAFF175    (0)   10 :  0.238 0.075 0.087 0.058 0.258 0.027 0.058 0.010 0.112 0.077 
 15  BAFF156    (0)   11 :  0.006 0.005 0.005 0.005 0.006 0.953 0.006 0.004 0.005 0.005 
 16  BAFF301    (0)   11 :  0.016 0.027 0.027 0.034 0.013 0.008 0.021 0.811 0.018 0.026 
 17  BAFF141    (0)   12 :  0.326 0.080 0.009 0.006 0.006 0.005 0.005 0.055 0.503 0.004 
 18  BAFF302    (0)   12 :  0.021 0.059 0.017 0.755 0.037 0.011 0.029 0.016 0.041 0.014 
 19  BAFF290    (0)    1 :  0.054 0.036 0.024 0.018 0.010 0.005 0.012 0.646 0.064 0.130 
 20  BAFF498    (0)    6 :  0.027 0.261 0.069 0.205 0.045 0.044 0.043 0.185 0.098 0.023 
 21  BAFF455    (0)    7 :  0.040 0.032 0.100 0.015 0.689 0.015 0.022 0.018 0.023 0.047 
 22  BAFF203    (7)    8 :  0.046 0.170 0.525 0.018 0.142 0.010 0.012 0.010 0.043 0.023 
 23  BAFF056    (0)   12 :  0.013 0.039 0.010 0.012 0.008 0.004 0.815 0.014 0.062 0.022 
 24  BAFF327    (0)   12 :  0.674 0.015 0.060 0.022 0.007 0.019 0.077 0.039 0.075 0.012 
 25  BAFF255    (0)    1 :  0.011 0.014 0.010 0.013 0.009 0.005 0.008 0.898 0.017 0.017 
 26  BAFF256    (0)    1 :  0.006 0.007 0.009 0.005 0.009 0.004 0.010 0.931 0.006 0.012 
 27  BAFF257    (0)    1 :  0.005 0.007 0.006 0.004 0.007 0.004 0.005 0.949 0.006 0.008 
 28  BAFF260    (0)    1 :  0.006 0.007 0.009 0.008 0.023 0.004 0.006 0.918 0.006 0.012 
 29  BAFF259    (0)    1 :  0.009 0.008 0.007 0.008 0.007 0.006 0.013 0.926 0.007 0.009 
 30  BAFF261    (0)    1 :  0.010 0.014 0.007 0.007 0.013 0.007 0.008 0.918 0.010 0.007 
 31  BAFF274    (0)    1 :  0.019 0.035 0.026 0.029 0.020 0.010 0.013 0.794 0.041 0.014 
 32  BAFF262    (0)    1 :  0.017 0.011 0.022 0.012 0.031 0.007 0.008 0.875 0.012 0.005 
 33  BAFF294    (0)    1 :  0.008 0.009 0.029 0.014 0.025 0.007 0.007 0.888 0.008 0.005 
 34  BAFF292    (0)    1 :  0.029 0.018 0.011 0.039 0.012 0.011 0.010 0.303 0.018 0.547 
 35  BAFF296    (0)    1 :  0.014 0.011 0.008 0.028 0.009 0.011 0.010 0.317 0.017 0.575 
 36  BAFF295    (0)    1 :  0.038 0.020 0.030 0.012 0.035 0.007 0.012 0.609 0.033 0.203 
 37  BAFF298    (0)    1 :  0.014 0.023 0.014 0.030 0.009 0.006 0.024 0.838 0.033 0.007 
 38  BAFF299    (0)    1 :  0.008 0.009 0.013 0.008 0.006 0.017 0.028 0.899 0.006 0.006 
 39  BAFF375    (0)   13 :  0.006 0.006 0.006 0.006 0.008 0.004 0.006 0.006 0.007 0.946 
 40  BAFF376    (0)   13 :  0.012 0.013 0.027 0.028 0.063 0.006 0.014 0.009 0.016 0.813 
 41  BAFF377    (0)   13 :  0.006 0.007 0.006 0.011 0.006 0.005 0.006 0.008 0.008 0.936 
 42  BAFF022    (0)    5 :  0.239 0.165 0.156 0.117 0.019 0.012 0.008 0.095 0.174 0.014 
 43  BAFF021    (0)    5 :  0.355 0.063 0.205 0.050 0.016 0.006 0.014 0.041 0.239 0.010 
 44  BAFF499    (0)    6 :  0.040 0.019 0.011 0.047 0.103 0.012 0.700 0.007 0.040 0.021 
 45  BAFF204    (0)    8 :  0.081 0.242 0.026 0.116 0.024 0.010 0.041 0.008 0.434 0.019 
 46  BAFF068    (0)   12 :  0.025 0.027 0.008 0.021 0.010 0.008 0.817 0.052 0.019 0.012 
 47  BAFF336    (0)   12 :  0.060 0.085 0.070 0.033 0.020 0.083 0.493 0.011 0.137 0.008 
 48  BAFF447    (0)    7 :  0.018 0.215 0.014 0.233 0.040 0.021 0.013 0.006 0.425 0.015 
 49  BAFF457    (0)    7 :  0.023 0.168 0.012 0.255 0.015 0.040 0.009 0.023 0.399 0.057 
 50  BAFF448    (0)    7 :  0.032 0.141 0.042 0.027 0.570 0.018 0.006 0.048 0.081 0.035 
 51  BAFF465    (0)    7 :  0.013 0.023 0.083 0.009 0.821 0.008 0.009 0.011 0.013 0.009 
 52  BAFF194    (0)    8 :  0.023 0.057 0.077 0.710 0.022 0.010 0.010 0.023 0.034 0.034 
 53  BAFF199    (0)    8 :  0.094 0.324 0.028 0.150 0.017 0.033 0.017 0.015 0.301 0.020 
 54  BAFF500    (0)    6 :  0.011 0.273 0.049 0.226 0.121 0.007 0.089 0.173 0.030 0.021 
 55  BAFF206    (0)    8 :  0.275 0.029 0.280 0.013 0.033 0.008 0.042 0.019 0.154 0.148 
 56  BAFF069    (0)   12 :  0.015 0.041 0.039 0.013 0.009 0.015 0.835 0.008 0.012 0.012 
 57  BAFF330    (0)   12 :  0.037 0.064 0.686 0.012 0.069 0.041 0.021 0.013 0.040 0.016 
 58  BAFF239    (0)   10 :  0.125 0.030 0.028 0.012 0.292 0.063 0.399 0.014 0.025 0.012 
 59  BAFF241    (0)   10 :  0.070 0.044 0.020 0.016 0.321 0.026 0.472 0.017 0.006 0.008 
 60  BAFF157    (0)   11 :  0.006 0.005 0.005 0.009 0.006 0.950 0.005 0.004 0.005 0.005 
 61  BAFF161    (0)   11 :  0.005 0.005 0.004 0.005 0.005 0.959 0.005 0.004 0.004 0.005 
 62  BAFF160    (0)   11 :  0.005 0.005 0.005 0.006 0.006 0.954 0.005 0.004 0.006 0.004 
 63  BAFF008    (0)   12 :  0.036 0.143 0.203 0.018 0.304 0.013 0.162 0.034 0.065 0.021 
 64  BAFF013    (0)   12 :  0.052 0.031 0.490 0.018 0.294 0.015 0.015 0.011 0.059 0.016 
 65  BAFF407    (0)   12 :  0.027 0.022 0.037 0.010 0.008 0.011 0.849 0.010 0.015 0.011 
 66  BAFF503    (0)    6 :  0.014 0.280 0.107 0.022 0.019 0.017 0.503 0.005 0.014 0.018 
 67  BAFF449    (0)    7 :  0.216 0.021 0.536 0.012 0.096 0.007 0.019 0.009 0.079 0.006 
 68  BAFF207    (0)    8 :  0.013 0.096 0.385 0.049 0.026 0.004 0.357 0.012 0.029 0.029 
 69  BAFF070    (0)   12 :  0.051 0.011 0.015 0.010 0.015 0.008 0.852 0.009 0.019 0.010 
 70  BAFF335    (0)   12 :  0.831 0.010 0.009 0.013 0.014 0.010 0.019 0.008 0.082 0.006 
 71  BAFF507    (0)    6 :  0.010 0.024 0.014 0.863 0.023 0.012 0.007 0.021 0.009 0.018 
 72  BAFF450    (0)    7 :  0.045 0.162 0.071 0.065 0.020 0.069 0.048 0.088 0.086 0.346 
 73  BAFF209    (7)    8 :  0.067 0.034 0.522 0.035 0.022 0.070 0.022 0.019 0.072 0.137 
 74  BAFF072    (0)   12 :  0.314 0.063 0.031 0.010 0.051 0.206 0.050 0.010 0.241 0.024 
 75  BAFF339    (0)   12 :  0.119 0.115 0.043 0.063 0.011 0.007 0.350 0.011 0.105 0.175 
 76  BAFF508    (0)    6 :  0.078 0.163 0.018 0.013 0.030 0.337 0.021 0.073 0.217 0.050 
 77  BAFF451    (0)    7 :  0.083 0.102 0.058 0.241 0.037 0.017 0.021 0.009 0.414 0.017 
 78  BAFF210    (0)    8 :  0.020 0.092 0.159 0.044 0.060 0.006 0.400 0.071 0.051 0.097 
 79  BAFF139    (0)   12 :  0.091 0.115 0.192 0.212 0.011 0.042 0.011 0.042 0.248 0.035 
 80  BAFF341    (0)   12 :  0.101 0.477 0.050 0.023 0.076 0.035 0.014 0.013 0.131 0.082 
 81  BAFF509    (0)    6 :  0.020 0.016 0.747 0.020 0.069 0.006 0.023 0.041 0.044 0.013 
 82  BAFF453    (0)    7 :  0.062 0.108 0.124 0.041 0.017 0.011 0.090 0.009 0.056 0.481 
 83  BAFF389    (0)    8 :  0.011 0.009 0.022 0.019 0.022 0.319 0.005 0.012 0.008 0.572 
 84  BAFF163    (0)   12 :  0.006 0.017 0.018 0.006 0.018 0.007 0.911 0.003 0.005 0.009 
 85  BAFF344    (7)   12 :  0.486 0.029 0.063 0.026 0.019 0.040 0.192 0.009 0.079 0.059 
 86  BAFF510    (0)    6 :  0.040 0.041 0.137 0.594 0.078 0.037 0.017 0.009 0.034 0.013 
 87  BAFF456    (0)    7 :  0.056 0.108 0.031 0.383 0.012 0.010 0.030 0.015 0.319 0.038 
 88  BAFF390    (0)    8 :  0.006 0.011 0.008 0.018 0.006 0.011 0.005 0.005 0.005 0.925 
 89  BAFF142    (0)   12 :  0.218 0.058 0.011 0.010 0.058 0.012 0.043 0.210 0.372 0.009 
 90  BAFF363    (7)   12 :  0.028 0.014 0.017 0.008 0.008 0.020 0.881 0.007 0.012 0.006 
 91  BAFF517    (0)    6 :  0.102 0.024 0.030 0.370 0.015 0.011 0.033 0.007 0.136 0.272 
 92  BAFF458    (0)    7 :  0.034 0.503 0.139 0.090 0.038 0.010 0.023 0.038 0.111 0.014 
 93  BAFF391    (0)    8 :  0.099 0.053 0.014 0.096 0.060 0.011 0.224 0.103 0.300 0.039 
 94  BAFF149    (0)   12 :  0.611 0.041 0.018 0.014 0.011 0.024 0.025 0.009 0.141 0.106 
 95  BAFF366    (7)   12 :  0.535 0.025 0.016 0.079 0.005 0.032 0.019 0.009 0.258 0.021 
 96  BAFF512    (0)    6 :  0.026 0.295 0.060 0.140 0.039 0.014 0.050 0.120 0.191 0.065 
 97  BAFF460    (0)    7 :  0.455 0.069 0.012 0.038 0.018 0.013 0.012 0.015 0.347 0.021 
 98  BAFF138    (0)   12 :  0.768 0.016 0.012 0.017 0.010 0.014 0.021 0.015 0.115 0.012 
 99  BAFF374    (0)   12 :  0.024 0.039 0.577 0.017 0.079 0.046 0.165 0.027 0.013 0.012 
100  BAFF015    (0)    1 :  0.011 0.041 0.011 0.012 0.015 0.006 0.011 0.876 0.009 0.009 
101  BAFF380    (0)    2 :  0.064 0.291 0.272 0.094 0.060 0.136 0.033 0.010 0.027 0.013 
102  BAFF216    (0)    3 :  0.024 0.262 0.059 0.396 0.077 0.015 0.026 0.032 0.043 0.067 
103  BAFF017    (0)    4 :  0.005 0.050 0.026 0.773 0.037 0.005 0.017 0.016 0.008 0.063 
104  BAFF245    (0)    4 :  0.184 0.087 0.178 0.052 0.060 0.008 0.024 0.130 0.238 0.041 
105  BAFF378    (7)   13 :  0.018 0.417 0.012 0.153 0.032 0.014 0.012 0.176 0.139 0.027 
106  BAFF023    (0)    5 :  0.033 0.427 0.077 0.043 0.077 0.010 0.025 0.024 0.229 0.054 
107  BAFF079    (0)    6 :  0.076 0.063 0.438 0.191 0.029 0.025 0.027 0.039 0.078 0.034 
108  BAFF435    (0)    6 :  0.020 0.403 0.037 0.024 0.013 0.009 0.017 0.007 0.458 0.012 
109  BAFF174    (7)    7 :  0.019 0.103 0.052 0.020 0.016 0.013 0.027 0.007 0.021 0.721 
110  BAFF226    (0)    7 :  0.038 0.165 0.013 0.228 0.014 0.021 0.009 0.011 0.476 0.024 
111  BAFF190    (0)    8 :  0.059 0.377 0.291 0.012 0.054 0.023 0.059 0.013 0.101 0.010 
112  BAFF243    (0)    9 :  0.075 0.073 0.023 0.400 0.075 0.088 0.006 0.078 0.133 0.048 
113  BAFF177    (0)   10 :  0.037 0.034 0.666 0.028 0.100 0.026 0.007 0.025 0.035 0.041 
114  BAFF364    (7)   11 :  0.025 0.161 0.055 0.038 0.058 0.493 0.023 0.010 0.100 0.037 
115  BAFF305    (0)   12 :  0.777 0.031 0.019 0.017 0.007 0.008 0.019 0.019 0.080 0.023 
116  BAFF513    (0)    6 :  0.018 0.226 0.456 0.067 0.106 0.011 0.017 0.035 0.024 0.039 
117  BAFF462    (0)    7 :  0.015 0.307 0.088 0.017 0.118 0.013 0.041 0.355 0.040 0.006 
118  BAFF143    (0)   12 :  0.481 0.041 0.042 0.042 0.090 0.054 0.072 0.008 0.154 0.016 
119  BAFF403    (0)   12 :  0.009 0.010 0.009 0.008 0.007 0.010 0.927 0.006 0.007 0.007 
120  BAFF514    (0)    6 :  0.025 0.152 0.440 0.030 0.175 0.008 0.127 0.007 0.025 0.010 
121  BAFF463    (0)    7 :  0.004 0.005 0.111 0.004 0.850 0.008 0.004 0.004 0.004 0.005 
122  BAFF137    (0)   12 :  0.417 0.021 0.313 0.010 0.019 0.008 0.007 0.010 0.187 0.007 
123  BAFF404    (0)   12 :  0.012 0.012 0.009 0.013 0.009 0.017 0.896 0.013 0.010 0.008 
124  BAFF515    (0)    6 :  0.167 0.077 0.221 0.163 0.143 0.018 0.038 0.020 0.111 0.041 
125  BAFF144    (0)   12 :  0.077 0.391 0.138 0.034 0.056 0.137 0.074 0.009 0.067 0.017 
126  BAFF405    (7)   12 :  0.657 0.067 0.059 0.025 0.017 0.022 0.024 0.024 0.098 0.008 
127  BAFF518    (0)    6 :  0.188 0.087 0.029 0.043 0.025 0.012 0.421 0.009 0.169 0.017 
128  BAFF467    (0)    7 :  0.038 0.328 0.038 0.300 0.129 0.009 0.031 0.016 0.084 0.028 
129  BAFF145    (0)   12 :  0.148 0.051 0.074 0.024 0.027 0.400 0.010 0.086 0.164 0.015 
130  BAFF406    (0)   12 :  0.063 0.027 0.150 0.037 0.033 0.317 0.313 0.008 0.044 0.010 
131  BAFF519    (0)    6 :  0.067 0.095 0.163 0.047 0.025 0.012 0.013 0.010 0.108 0.461 
132  BAFF471    (0)    7 :  0.267 0.257 0.083 0.119 0.071 0.016 0.019 0.056 0.087 0.024 
133  BAFF136    (0)   12 :  0.159 0.015 0.092 0.009 0.010 0.006 0.639 0.005 0.021 0.043 
134  BAFF520    (7)    6 :  0.028 0.444 0.130 0.136 0.034 0.011 0.050 0.027 0.110 0.029 
135  BAFF472    (0)    7 :  0.052 0.422 0.179 0.034 0.089 0.052 0.018 0.019 0.082 0.051 
136  BAFF165    (0)   12 :  0.363 0.015 0.017 0.045 0.056 0.008 0.047 0.057 0.381 0.011 
137  BAFF408    (0)   12 :  0.465 0.052 0.027 0.020 0.019 0.037 0.077 0.030 0.250 0.022 
138  BAFF522    (0)    6 :  0.049 0.270 0.420 0.019 0.129 0.010 0.033 0.024 0.027 0.018 
139  BAFF475    (0)    7 :  0.037 0.094 0.273 0.351 0.034 0.013 0.031 0.007 0.133 0.026 
140  BAFF140    (0)   12 :  0.476 0.027 0.199 0.084 0.054 0.038 0.025 0.014 0.063 0.021 
141  BAFF409    (0)   12 :  0.020 0.014 0.024 0.013 0.071 0.011 0.742 0.069 0.011 0.025 
142  BAFF523    (0)    6 :  0.012 0.422 0.286 0.060 0.100 0.050 0.008 0.013 0.033 0.015 
143  BAFF476    (0)    7 :  0.060 0.081 0.016 0.428 0.020 0.230 0.025 0.007 0.103 0.031 
144  BAFF147    (0)   12 :  0.414 0.030 0.160 0.037 0.025 0.012 0.154 0.014 0.146 0.008 
145  BAFF410    (0)   12 :  0.200 0.039 0.020 0.190 0.008 0.007 0.473 0.013 0.039 0.011 
146  BAFF477    (0)    7 :  0.100 0.162 0.014 0.197 0.024 0.009 0.007 0.098 0.367 0.022 
147  BAFF411    (0)   12 :  0.081 0.037 0.011 0.012 0.022 0.043 0.076 0.212 0.033 0.473 
148  BAFF486    (7)    7 :  0.009 0.379 0.005 0.015 0.007 0.008 0.006 0.008 0.550 0.012 
149  BAFF412    (7)   12 :  0.017 0.066 0.139 0.027 0.044 0.021 0.614 0.038 0.022 0.013 
150  BAFF258    (0)    1 :  0.015 0.416 0.189 0.054 0.054 0.042 0.025 0.146 0.045 0.015 
151  BAFF392    (0)    2 :  0.007 0.211 0.586 0.005 0.074 0.077 0.006 0.005 0.010 0.017 
152  BAFF217    (0)    3 :  0.067 0.090 0.042 0.059 0.016 0.030 0.021 0.010 0.188 0.479 
153  BAFF016    (0)    4 :  0.059 0.015 0.256 0.576 0.006 0.028 0.026 0.005 0.015 0.012 
154  BAFF246    (0)    4 :  0.016 0.104 0.321 0.349 0.046 0.029 0.019 0.009 0.031 0.076 
155  BAFF381    (0)   13 :  0.285 0.142 0.034 0.049 0.044 0.011 0.037 0.009 0.350 0.039 
156  BAFF078    (0)    6 :  0.237 0.087 0.037 0.009 0.056 0.282 0.078 0.006 0.170 0.038 
157  BAFF481    (0)    6 :  0.158 0.246 0.092 0.044 0.031 0.010 0.041 0.022 0.204 0.152 
158  BAFF436    (0)    7 :  0.039 0.150 0.117 0.283 0.208 0.034 0.048 0.052 0.028 0.039 
159  BAFF191    (0)    8 :  0.024 0.103 0.403 0.043 0.051 0.010 0.015 0.008 0.050 0.293 
160  BAFF382    (0)    9 :  0.045 0.175 0.015 0.018 0.371 0.033 0.051 0.006 0.221 0.064 
161  BAFF178    (0)   10 :  0.015 0.026 0.695 0.043 0.100 0.005 0.040 0.008 0.030 0.038 
162  BAFF159    (7)   11 :  0.009 0.033 0.014 0.889 0.008 0.007 0.012 0.008 0.014 0.005 
163  BAFF365    (7)   11 :  0.218 0.055 0.042 0.048 0.023 0.023 0.019 0.199 0.347 0.026 
164  BAFF007    (0)   12 :  0.135 0.165 0.056 0.153 0.036 0.053 0.021 0.046 0.262 0.073 
165  BAFF304    (7)   12 :  0.363 0.040 0.021 0.019 0.042 0.050 0.073 0.011 0.368 0.012 
166  BAFF487    (0)    7 :  0.015 0.571 0.055 0.068 0.097 0.058 0.026 0.019 0.042 0.050 
167  BAFF415    (0)   12 :  0.133 0.021 0.031 0.039 0.044 0.021 0.563 0.061 0.078 0.010 
168  BAFF488    (0)    7 :  0.041 0.077 0.042 0.103 0.011 0.012 0.013 0.586 0.072 0.041 
169  BAFF417    (0)   12 :  0.376 0.040 0.073 0.023 0.025 0.013 0.334 0.012 0.074 0.029 
170  BAFF489    (0)    7 :  0.162 0.266 0.053 0.060 0.029 0.047 0.037 0.007 0.327 0.011 
171  BAFF426    (0)   12 :  0.015 0.016 0.014 0.011 0.083 0.007 0.808 0.016 0.020 0.010 
172  BAFF490    (7)    7 :  0.016 0.195 0.138 0.273 0.019 0.072 0.010 0.021 0.246 0.010 
173  BAFF491    (0)    7 :  0.034 0.274 0.067 0.020 0.185 0.033 0.008 0.038 0.309 0.031 
174  BAFF492    (0)    7 :  0.017 0.376 0.031 0.016 0.025 0.009 0.013 0.008 0.479 0.027 
175  BAFF493    (0)    7 :  0.024 0.337 0.057 0.024 0.063 0.012 0.030 0.402 0.036 0.016 
176  BAFF506    (0)    7 :  0.009 0.580 0.095 0.044 0.047 0.014 0.014 0.090 0.083 0.025 
177  BAFF393    (0)    2 :  0.148 0.184 0.050 0.091 0.011 0.184 0.010 0.023 0.278 0.021 
178  BAFF218    (0)    3 :  0.092 0.140 0.073 0.139 0.116 0.017 0.025 0.038 0.177 0.184 
179  BAFF254    (0)    4 :  0.086 0.163 0.024 0.011 0.016 0.286 0.012 0.031 0.361 0.009 
180  BAFF385    (0)   13 :  0.044 0.485 0.073 0.014 0.216 0.020 0.032 0.018 0.074 0.024 
181  BAFF076    (0)    6 :  0.009 0.013 0.304 0.007 0.615 0.012 0.010 0.008 0.010 0.013 
182  BAFF482    (0)    6 :  0.157 0.227 0.038 0.142 0.126 0.012 0.070 0.009 0.204 0.015 
183  BAFF437    (0)    7 :  0.354 0.024 0.027 0.054 0.022 0.005 0.011 0.022 0.472 0.010 
184  BAFF192    (0)    8 :  0.054 0.101 0.419 0.049 0.137 0.125 0.013 0.016 0.051 0.034 
185  BAFF383    (0)    9 :  0.125 0.017 0.026 0.008 0.086 0.005 0.013 0.643 0.060 0.017 
186  BAFF180    (0)   10 :  0.013 0.071 0.369 0.090 0.093 0.008 0.102 0.008 0.036 0.210 
187  BAFF048    (7)   12 :  0.070 0.362 0.085 0.145 0.028 0.230 0.011 0.049 0.014 0.006 
188  BAFF306    (0)   12 :  0.619 0.051 0.067 0.038 0.021 0.014 0.029 0.009 0.089 0.063 
189  BAFF394    (0)    2 :  0.117 0.034 0.244 0.230 0.073 0.079 0.017 0.047 0.067 0.092 
190  BAFF219    (0)    3 :  0.138 0.095 0.020 0.292 0.055 0.014 0.012 0.007 0.331 0.036 
191  BAFF388    (0)    4 :  0.012 0.146 0.310 0.031 0.061 0.009 0.221 0.181 0.018 0.010 
192  BAFF386    (7)   13 :  0.049 0.257 0.391 0.031 0.148 0.029 0.017 0.016 0.043 0.020 
193  BAFF084    (0)    6 :  0.032 0.141 0.023 0.056 0.009 0.455 0.010 0.012 0.253 0.010 
194  BAFF483    (0)    6 :  0.048 0.073 0.608 0.031 0.065 0.007 0.050 0.024 0.071 0.023 
195  BAFF438   (15)    7 :  0.195 0.084 0.046 0.021 0.213 0.086 0.042 0.016 0.272 0.025 
196  BAFF193    (0)    8 :  0.021 0.244 0.040 0.029 0.097 0.014 0.019 0.319 0.149 0.067 
197  BAFF183    (0)   10 :  0.050 0.346 0.041 0.358 0.060 0.012 0.034 0.047 0.035 0.017 
198  BAFF153    (0)   12 :  0.775 0.008 0.015 0.010 0.010 0.010 0.014 0.007 0.144 0.005 
199  BAFF307    (0)   12 :  0.502 0.129 0.040 0.019 0.016 0.063 0.020 0.010 0.187 0.015 
200  BAFF397    (0)    2 :  0.112 0.080 0.006 0.196 0.006 0.013 0.009 0.007 0.557 0.015 
201  BAFF220    (0)    3 :  0.007 0.036 0.141 0.015 0.663 0.096 0.012 0.008 0.016 0.006 
202  BAFF095    (0)    6 :  0.016 0.065 0.696 0.013 0.106 0.006 0.014 0.041 0.025 0.018 
203  BAFF494    (0)    6 :  0.018 0.131 0.079 0.066 0.576 0.027 0.034 0.006 0.047 0.015 
204  BAFF439    (0)    7 :  0.142 0.125 0.076 0.024 0.015 0.008 0.287 0.009 0.212 0.101 
205  BAFF182    (0)   10 :  0.040 0.037 0.101 0.040 0.554 0.041 0.121 0.026 0.021 0.018 
206  BAFF054    (0)   12 :  0.019 0.018 0.008 0.006 0.008 0.010 0.909 0.006 0.010 0.007 
207  BAFF308    (0)   12 :  0.516 0.091 0.019 0.026 0.013 0.018 0.014 0.012 0.283 0.009 
208  BAFF266    (0)    1 :  0.027 0.268 0.026 0.290 0.027 0.071 0.045 0.134 0.103 0.009 
209  BAFF398    (7)    2 :  0.006 0.067 0.142 0.005 0.745 0.005 0.005 0.009 0.011 0.005 
210  BAFF221    (0)    3 :  0.032 0.007 0.020 0.008 0.266 0.379 0.025 0.246 0.008 0.007 
211  BAFF090    (0)    6 :  0.108 0.414 0.030 0.016 0.212 0.043 0.105 0.010 0.043 0.019 
212  BAFF495    (0)    6 :  0.019 0.036 0.035 0.165 0.014 0.008 0.014 0.008 0.018 0.684 
213  BAFF459    (0)    7 :  0.038 0.033 0.087 0.603 0.009 0.089 0.014 0.007 0.085 0.036 
214  BAFF197    (0)    8 :  0.320 0.053 0.050 0.067 0.019 0.011 0.084 0.012 0.256 0.128 
215  BAFF188    (0)   10 :  0.507 0.026 0.023 0.026 0.114 0.067 0.040 0.013 0.164 0.021 
216  BAFF051    (0)   12 :  0.043 0.256 0.034 0.118 0.065 0.012 0.363 0.021 0.067 0.021 
217  BAFF309    (0)   12 :  0.054 0.333 0.038 0.032 0.077 0.016 0.012 0.009 0.409 0.020 
218  BAFF269    (0)    1 :  0.182 0.074 0.149 0.211 0.025 0.010 0.010 0.035 0.198 0.106 
219  BAFF077    (0)    6 :  0.008 0.008 0.005 0.918 0.005 0.022 0.010 0.007 0.006 0.011 
220  BAFF496    (0)    6 :  0.008 0.015 0.010 0.016 0.006 0.004 0.008 0.012 0.017 0.903 
221  BAFF443    (0)    7 :  0.093 0.222 0.053 0.182 0.051 0.010 0.134 0.051 0.179 0.025 
222  BAFF198    (0)    8 :  0.025 0.394 0.211 0.087 0.089 0.013 0.033 0.008 0.054 0.087 
223  BAFF053    (0)   12 :  0.559 0.037 0.012 0.015 0.017 0.011 0.036 0.017 0.261 0.035 
224  BAFF310    (0)   12 :  0.121 0.038 0.017 0.089 0.014 0.034 0.529 0.007 0.143 0.009 
225  BAFF282    (0)    1 :  0.031 0.034 0.057 0.114 0.021 0.011 0.014 0.660 0.030 0.028 
226  BAFF497    (0)    6 :  0.015 0.059 0.013 0.757 0.014 0.008 0.015 0.010 0.075 0.035 
227  BAFF466    (0)    7 :  0.129 0.411 0.017 0.108 0.067 0.119 0.033 0.012 0.085 0.019 
228  BAFF200    (7)    8 :  0.027 0.152 0.630 0.018 0.060 0.020 0.021 0.011 0.049 0.011 
229  BAFF240    (0)   10 :  0.032 0.179 0.045 0.027 0.027 0.610 0.010 0.013 0.047 0.012 
230  BAFF055    (0)   12 :  0.097 0.022 0.029 0.016 0.027 0.009 0.722 0.016 0.055 0.008 
231  BAFF311    (7)   12 :  0.013 0.012 0.858 0.011 0.038 0.021 0.006 0.020 0.016 0.006 


Estimated Allele Frequencies in each cluster
First column gives estimated ancestral frequencies


Locus 1 : btern01 
9 alleles
0.0% missing data
   1   (0.140) 0.191 0.132 0.178 0.177 0.058 0.062 0.036 0.122 0.172 0.155 
   2   (0.016) 0.004 0.011 0.004 0.013 0.005 0.003 0.004 0.027 0.005 0.003 
   3   (0.160) 0.193 0.118 0.085 0.255 0.282 0.166 0.084 0.062 0.226 0.199 
   4   (0.210) 0.187 0.247 0.215 0.115 0.149 0.279 0.168 0.201 0.184 0.363 
   5   (0.285) 0.339 0.372 0.202 0.294 0.119 0.391 0.342 0.453 0.334 0.096 
   6   (0.076) 0.054 0.039 0.087 0.083 0.069 0.018 0.337 0.034 0.042 0.032 
   7   (0.056) 0.016 0.042 0.177 0.017 0.272 0.068 0.019 0.079 0.016 0.012 
   8   (0.016) 0.005 0.004 0.005 0.007 0.003 0.002 0.003 0.014 0.005 0.040 
   9   (0.041) 0.010 0.037 0.047 0.039 0.043 0.011 0.007 0.008 0.016 0.101 

Locus 2 : bt28 
5 alleles
0.0% missing data
   1   (0.669) 0.765 0.609 0.658 0.651 0.518 0.669 0.715 0.766 0.729 0.779 
   2   (0.155) 0.117 0.155 0.192 0.115 0.131 0.052 0.102 0.179 0.110 0.156 
   3   (0.142) 0.109 0.220 0.140 0.080 0.345 0.272 0.178 0.037 0.144 0.058 
   4   (0.023) 0.007 0.013 0.006 0.149 0.004 0.006 0.004 0.005 0.014 0.005 
   5   (0.011) 0.003 0.003 0.003 0.005 0.002 0.002 0.002 0.013 0.003 0.002 

Locus 3 : b96 
8 alleles
0.9% missing data
   1   (0.336) 0.429 0.289 0.438 0.320 0.292 0.206 0.314 0.364 0.374 0.174 
   2   (0.477) 0.345 0.632 0.433 0.567 0.592 0.578 0.514 0.413 0.501 0.790 
   3   (0.044) 0.088 0.027 0.024 0.022 0.032 0.052 0.049 0.011 0.048 0.010 
   4   (0.015) 0.003 0.006 0.003 0.007 0.003 0.126 0.003 0.004 0.004 0.002 
   5   (0.052) 0.059 0.024 0.035 0.049 0.062 0.010 0.031 0.027 0.024 0.011 
   6   (0.025) 0.014 0.006 0.047 0.006 0.006 0.004 0.004 0.099 0.007 0.004 
   7   (0.036) 0.059 0.011 0.015 0.026 0.012 0.022 0.007 0.078 0.040 0.008 
   8   (0.014) 0.003 0.005 0.006 0.003 0.003 0.002 0.078 0.003 0.003 0.002 

Locus 4 : bt30 
12 alleles
0.9% missing data
   1   (0.114) 0.075 0.155 0.109 0.082 0.247 0.021 0.114 0.286 0.063 0.024 
   2   (0.288) 0.276 0.304 0.262 0.220 0.326 0.153 0.286 0.284 0.415 0.443 
   3   (0.072) 0.038 0.129 0.036 0.158 0.040 0.055 0.027 0.018 0.178 0.051 
   4   (0.187) 0.220 0.263 0.235 0.280 0.090 0.121 0.238 0.099 0.138 0.118 
   5   (0.012) 0.003 0.005 0.021 0.004 0.005 0.002 0.003 0.003 0.004 0.002 
   6   (0.107) 0.064 0.065 0.231 0.145 0.177 0.028 0.047 0.115 0.058 0.055 
   7   (0.033) 0.037 0.014 0.017 0.013 0.037 0.012 0.025 0.022 0.023 0.012 
   8   (0.051) 0.071 0.021 0.015 0.023 0.010 0.094 0.069 0.047 0.044 0.010 
   9   (0.096) 0.194 0.035 0.037 0.066 0.058 0.510 0.185 0.047 0.058 0.267 
  10   (0.013) 0.003 0.003 0.003 0.003 0.002 0.001 0.002 0.074 0.003 0.003 
  11   (0.017) 0.017 0.004 0.032 0.004 0.006 0.002 0.003 0.003 0.010 0.003 
  12   (0.011) 0.003 0.004 0.003 0.003 0.002 0.002 0.002 0.002 0.005 0.012 

Locus 5 : btms0081 
3 alleles
0.9% missing data
   1   (0.497) 0.383 0.569 0.531 0.639 0.692 0.752 0.294 0.596 0.494 0.217 
   2   (0.347) 0.470 0.342 0.318 0.262 0.168 0.211 0.489 0.207 0.393 0.553 
   3   (0.155) 0.146 0.088 0.150 0.099 0.140 0.037 0.218 0.197 0.113 0.230 

Locus 6 : btms0066 
24 alleles
0.0% missing data
   1   (0.254) 0.330 0.332 0.285 0.166 0.349 0.098 0.384 0.379 0.325 0.233 
   2   (0.016) 0.004 0.005 0.004 0.005 0.003 0.002 0.003 0.053 0.004 0.041 
   3   (0.031) 0.143 0.033 0.020 0.012 0.012 0.007 0.009 0.005 0.034 0.011 
   4   (0.151) 0.110 0.254 0.239 0.312 0.087 0.029 0.127 0.055 0.135 0.399 
   5   (0.093) 0.173 0.120 0.092 0.085 0.030 0.024 0.089 0.024 0.233 0.052 
   6   (0.057) 0.034 0.025 0.132 0.023 0.213 0.188 0.018 0.012 0.026 0.034 
   7   (0.017) 0.003 0.006 0.019 0.004 0.067 0.002 0.003 0.016 0.006 0.003 
   8   (0.057) 0.027 0.031 0.034 0.123 0.013 0.025 0.036 0.085 0.034 0.040 
   9   (0.021) 0.015 0.012 0.010 0.006 0.008 0.394 0.005 0.004 0.018 0.005 
  10   (0.029) 0.007 0.025 0.009 0.018 0.006 0.027 0.005 0.162 0.027 0.006 
  11   (0.028) 0.008 0.008 0.008 0.010 0.010 0.005 0.016 0.147 0.007 0.029 
  12   (0.045) 0.026 0.021 0.012 0.139 0.011 0.008 0.018 0.009 0.043 0.105 
  13   (0.019) 0.014 0.010 0.007 0.005 0.062 0.014 0.014 0.004 0.019 0.005 
  14   (0.019) 0.005 0.009 0.005 0.005 0.004 0.086 0.048 0.003 0.005 0.003 
  15   (0.017) 0.015 0.013 0.006 0.028 0.003 0.004 0.003 0.003 0.034 0.007 
  16   (0.028) 0.015 0.036 0.032 0.014 0.016 0.025 0.096 0.006 0.008 0.006 
  17   (0.023) 0.019 0.009 0.006 0.006 0.066 0.043 0.040 0.008 0.010 0.004 
  18   (0.012) 0.003 0.002 0.003 0.003 0.002 0.002 0.035 0.002 0.002 0.002 
  19   (0.017) 0.033 0.004 0.009 0.004 0.003 0.002 0.004 0.003 0.010 0.002 
  20   (0.021) 0.006 0.010 0.043 0.016 0.008 0.005 0.009 0.006 0.006 0.006 
  21   (0.017) 0.005 0.017 0.014 0.005 0.020 0.005 0.004 0.005 0.005 0.003 
  22   (0.007) 0.002 0.008 0.006 0.003 0.003 0.002 0.001 0.001 0.002 0.001 
  23   (0.011) 0.003 0.003 0.003 0.002 0.002 0.001 0.033 0.002 0.002 0.002 
  24   (0.009) 0.002 0.006 0.002 0.007 0.002 0.002 0.002 0.004 0.003 0.001 

Locus 7 : btms0083 
31 alleles
3.0% missing data
   1   (0.016) 0.005 0.004 0.004 0.003 0.014 0.013 0.003 0.243 0.004 0.002 
   2   (0.024) 0.026 0.015 0.006 0.006 0.005 0.007 0.005 0.111 0.035 0.004 
   3   (0.034) 0.013 0.020 0.047 0.024 0.058 0.158 0.010 0.007 0.016 0.006 
   4   (0.037) 0.023 0.076 0.021 0.017 0.055 0.026 0.009 0.060 0.022 0.010 
   5   (0.206) 0.224 0.225 0.293 0.153 0.377 0.100 0.255 0.242 0.231 0.163 
   6   (0.019) 0.006 0.034 0.025 0.016 0.008 0.005 0.004 0.004 0.007 0.004 
   7   (0.063) 0.090 0.069 0.031 0.041 0.108 0.042 0.153 0.018 0.126 0.017 
   8   (0.039) 0.114 0.022 0.018 0.022 0.010 0.009 0.016 0.018 0.104 0.011 
   9   (0.035) 0.036 0.034 0.066 0.030 0.015 0.006 0.007 0.007 0.027 0.029 
  10   (0.019) 0.014 0.013 0.129 0.006 0.016 0.003 0.012 0.006 0.008 0.004 
  11   (0.059) 0.038 0.067 0.053 0.104 0.017 0.474 0.011 0.016 0.094 0.058 
  12   (0.020) 0.005 0.015 0.008 0.009 0.008 0.003 0.004 0.039 0.006 0.008 
  13   (0.059) 0.086 0.034 0.061 0.116 0.021 0.018 0.068 0.012 0.043 0.031 
  14   (0.029) 0.018 0.070 0.008 0.128 0.012 0.006 0.005 0.006 0.091 0.007 
  15   (0.025) 0.012 0.013 0.023 0.095 0.013 0.005 0.005 0.015 0.008 0.015 
  16   (0.028) 0.007 0.066 0.057 0.016 0.016 0.010 0.006 0.031 0.015 0.010 
  17   (0.026) 0.011 0.012 0.024 0.010 0.008 0.011 0.005 0.029 0.012 0.454 
  18   (0.048) 0.032 0.078 0.037 0.029 0.027 0.011 0.126 0.036 0.034 0.020 
  19   (0.018) 0.006 0.009 0.005 0.008 0.004 0.003 0.124 0.007 0.006 0.012 
  20   (0.025) 0.123 0.009 0.010 0.009 0.005 0.004 0.053 0.005 0.022 0.004 
  21   (0.011) 0.002 0.002 0.003 0.003 0.002 0.001 0.002 0.036 0.002 0.002 
  22   (0.011) 0.003 0.003 0.002 0.003 0.002 0.002 0.002 0.011 0.002 0.033 
  23   (0.016) 0.008 0.006 0.008 0.011 0.004 0.003 0.003 0.014 0.010 0.011 
  24   (0.008) 0.002 0.002 0.002 0.002 0.002 0.001 0.014 0.002 0.002 0.001 
  25   (0.026) 0.038 0.024 0.021 0.007 0.170 0.005 0.006 0.005 0.025 0.005 
  26   (0.015) 0.005 0.004 0.005 0.098 0.003 0.003 0.003 0.003 0.006 0.010 
  27   (0.028) 0.028 0.028 0.013 0.010 0.006 0.005 0.046 0.005 0.017 0.047 
  28   (0.017) 0.007 0.021 0.008 0.006 0.006 0.059 0.003 0.004 0.012 0.013 
  29   (0.014) 0.003 0.019 0.004 0.007 0.004 0.003 0.003 0.005 0.005 0.003 
  30   (0.013) 0.008 0.003 0.005 0.003 0.002 0.002 0.038 0.002 0.005 0.002 
  31   (0.009) 0.004 0.003 0.004 0.006 0.002 0.001 0.001 0.002 0.004 0.003 

Locus 8 : b126 
16 alleles
0.0% missing data
   1   (0.043) 0.025 0.015 0.079 0.039 0.028 0.008 0.014 0.045 0.024 0.008 
   2   (0.051) 0.044 0.030 0.034 0.030 0.014 0.010 0.009 0.142 0.065 0.070 
   3   (0.310) 0.334 0.376 0.267 0.261 0.351 0.653 0.404 0.161 0.359 0.538 
   4   (0.030) 0.011 0.025 0.010 0.106 0.024 0.004 0.008 0.007 0.013 0.021 
   5   (0.076) 0.034 0.161 0.141 0.041 0.097 0.020 0.043 0.022 0.079 0.041 
   6   (0.064) 0.159 0.047 0.021 0.105 0.023 0.011 0.147 0.014 0.141 0.016 
   7   (0.116) 0.171 0.090 0.177 0.123 0.133 0.201 0.141 0.023 0.081 0.035 
   8   (0.029) 0.016 0.011 0.014 0.060 0.006 0.005 0.083 0.007 0.009 0.009 
   9   (0.011) 0.002 0.002 0.017 0.002 0.048 0.001 0.002 0.002 0.003 0.002 
  10   (0.039) 0.012 0.066 0.097 0.015 0.023 0.009 0.040 0.028 0.015 0.012 
  11   (0.090) 0.107 0.116 0.038 0.127 0.039 0.051 0.022 0.429 0.088 0.033 
  12   (0.027) 0.025 0.018 0.006 0.009 0.006 0.004 0.031 0.023 0.053 0.005 
  13   (0.059) 0.034 0.026 0.037 0.026 0.155 0.008 0.048 0.087 0.045 0.181 
  14   (0.026) 0.007 0.009 0.030 0.047 0.007 0.004 0.005 0.005 0.009 0.027 
  15   (0.014) 0.016 0.003 0.021 0.003 0.004 0.002 0.002 0.002 0.008 0.003 
  16   (0.015) 0.004 0.005 0.011 0.007 0.043 0.008 0.003 0.003 0.008 0.002 

Locus 9 : btms0062 
34 alleles
0.0% missing data
   1   (0.032) 0.011 0.080 0.029 0.023 0.014 0.022 0.007 0.084 0.010 0.006 
   2   (0.052) 0.023 0.046 0.059 0.067 0.041 0.021 0.013 0.104 0.019 0.258 
   3   (0.083) 0.263 0.083 0.069 0.047 0.025 0.031 0.059 0.081 0.133 0.085 
   4   (0.108) 0.044 0.120 0.177 0.171 0.197 0.213 0.200 0.054 0.080 0.023 
   5   (0.054) 0.067 0.117 0.054 0.023 0.035 0.063 0.014 0.018 0.175 0.012 
   6   (0.026) 0.037 0.017 0.010 0.018 0.025 0.013 0.005 0.007 0.035 0.018 
   7   (0.011) 0.006 0.010 0.004 0.003 0.003 0.002 0.002 0.002 0.015 0.003 
   8   (0.023) 0.037 0.011 0.008 0.029 0.005 0.003 0.004 0.006 0.080 0.010 
   9   (0.044) 0.016 0.033 0.057 0.157 0.012 0.042 0.019 0.020 0.034 0.016 
  10   (0.052) 0.022 0.080 0.108 0.045 0.018 0.009 0.055 0.040 0.057 0.013 
  11   (0.052) 0.041 0.069 0.053 0.070 0.279 0.357 0.033 0.013 0.035 0.013 
  12   (0.040) 0.040 0.040 0.092 0.016 0.017 0.010 0.027 0.008 0.017 0.350 
  13   (0.052) 0.057 0.031 0.079 0.042 0.131 0.015 0.019 0.028 0.034 0.010 
  14   (0.038) 0.052 0.035 0.012 0.070 0.015 0.008 0.294 0.009 0.025 0.010 
  15   (0.022) 0.093 0.007 0.010 0.007 0.006 0.004 0.005 0.004 0.041 0.004 
  16   (0.017) 0.014 0.005 0.005 0.004 0.009 0.096 0.010 0.003 0.009 0.003 
  17   (0.019) 0.004 0.007 0.012 0.007 0.005 0.003 0.003 0.167 0.005 0.017 
  18   (0.005) 0.002 0.003 0.039 0.001 0.003 0.002 0.001 0.001 0.002 0.002 
  19   (0.049) 0.017 0.027 0.031 0.044 0.012 0.007 0.097 0.088 0.031 0.063 
  20   (0.012) 0.002 0.002 0.003 0.003 0.002 0.001 0.002 0.038 0.002 0.002 
  21   (0.033) 0.015 0.025 0.012 0.052 0.028 0.006 0.006 0.043 0.026 0.039 
  22   (0.015) 0.013 0.004 0.003 0.004 0.004 0.002 0.003 0.115 0.018 0.002 
  23   (0.012) 0.003 0.005 0.003 0.003 0.003 0.002 0.002 0.028 0.004 0.002 
  24   (0.015) 0.005 0.016 0.007 0.036 0.004 0.004 0.007 0.003 0.033 0.005 
  25   (0.015) 0.003 0.013 0.004 0.010 0.005 0.002 0.003 0.009 0.005 0.003 
  26   (0.023) 0.017 0.080 0.019 0.017 0.074 0.008 0.036 0.007 0.009 0.005 
  27   (0.021) 0.031 0.009 0.014 0.005 0.012 0.030 0.009 0.004 0.023 0.005 
  28   (0.014) 0.031 0.003 0.003 0.003 0.002 0.002 0.002 0.002 0.005 0.002 
  29   (0.012) 0.004 0.007 0.004 0.004 0.003 0.014 0.003 0.005 0.007 0.010 
  30   (0.007) 0.001 0.002 0.002 0.001 0.001 0.001 0.033 0.001 0.001 0.001 
  31   (0.010) 0.013 0.005 0.003 0.003 0.002 0.001 0.002 0.002 0.013 0.002 
  32   (0.012) 0.003 0.004 0.009 0.003 0.004 0.004 0.002 0.002 0.003 0.002 
  33   (0.011) 0.005 0.003 0.004 0.006 0.002 0.001 0.002 0.002 0.005 0.003 
  34   (0.009) 0.006 0.003 0.002 0.005 0.002 0.003 0.020 0.002 0.007 0.001 

Locus 10 : btern02 
25 alleles
4.8% missing data
   1   (0.097) 0.181 0.101 0.089 0.202 0.079 0.254 0.040 0.138 0.051 0.125 
   2   (0.011) 0.002 0.003 0.003 0.003 0.002 0.002 0.002 0.017 0.002 0.002 
   3   (0.077) 0.097 0.087 0.172 0.083 0.047 0.030 0.022 0.025 0.133 0.137 
   4   (0.053) 0.025 0.035 0.088 0.037 0.206 0.008 0.097 0.014 0.027 0.072 
   5   (0.027) 0.013 0.021 0.015 0.015 0.049 0.037 0.006 0.011 0.024 0.021 
   6   (0.041) 0.026 0.135 0.027 0.028 0.018 0.091 0.018 0.014 0.091 0.014 
   7   (0.029) 0.023 0.012 0.041 0.009 0.011 0.004 0.146 0.005 0.019 0.009 
   8   (0.037) 0.040 0.036 0.015 0.021 0.015 0.015 0.007 0.114 0.035 0.010 
   9   (0.076) 0.195 0.057 0.083 0.038 0.138 0.027 0.048 0.060 0.089 0.043 
  10   (0.033) 0.010 0.060 0.016 0.024 0.021 0.007 0.006 0.007 0.077 0.146 
  11   (0.064) 0.107 0.047 0.040 0.078 0.023 0.016 0.066 0.017 0.090 0.084 
  12   (0.035) 0.018 0.024 0.011 0.020 0.010 0.017 0.006 0.144 0.017 0.125 
  13   (0.049) 0.022 0.035 0.052 0.056 0.068 0.017 0.055 0.057 0.036 0.018 
  14   (0.052) 0.022 0.027 0.047 0.075 0.047 0.017 0.126 0.181 0.019 0.015 
  15   (0.008) 0.002 0.002 0.002 0.002 0.001 0.239 0.001 0.001 0.002 0.001 
  16   (0.044) 0.023 0.044 0.018 0.100 0.013 0.009 0.049 0.049 0.040 0.017 
  17   (0.027) 0.012 0.049 0.013 0.026 0.025 0.020 0.044 0.006 0.023 0.007 
  18   (0.051) 0.028 0.048 0.069 0.076 0.018 0.010 0.172 0.012 0.027 0.038 
  19   (0.039) 0.059 0.073 0.067 0.014 0.036 0.064 0.010 0.008 0.048 0.020 
  20   (0.039) 0.028 0.031 0.035 0.036 0.130 0.006 0.008 0.046 0.049 0.013 
  21   (0.023) 0.011 0.012 0.007 0.021 0.006 0.004 0.008 0.033 0.030 0.040 
  22   (0.014) 0.004 0.004 0.003 0.006 0.003 0.002 0.005 0.011 0.008 0.018 
  23   (0.029) 0.027 0.020 0.052 0.018 0.014 0.011 0.005 0.020 0.028 0.014 
  24   (0.032) 0.021 0.026 0.025 0.011 0.010 0.089 0.045 0.007 0.033 0.007 
  25   (0.013) 0.003 0.011 0.010 0.004 0.011 0.002 0.005 0.003 0.004 0.004 

Locus 11 : btms0086 
3 alleles
0.0% missing data
   1   (0.838) 0.909 0.839 0.846 0.896 0.684 0.974 0.923 0.778 0.853 0.789 
   2   (0.140) 0.055 0.152 0.148 0.098 0.312 0.023 0.070 0.207 0.117 0.205 
   3   (0.022) 0.036 0.009 0.005 0.006 0.004 0.003 0.008 0.015 0.030 0.006 

Locus 12 : bl13 
3 alleles
0.0% missing data
   1   (0.071) 0.026 0.041 0.064 0.029 0.030 0.015 0.340 0.243 0.029 0.021 
   2   (0.834) 0.842 0.900 0.757 0.875 0.942 0.655 0.604 0.739 0.886 0.959 
   3   (0.095) 0.132 0.059 0.179 0.096 0.028 0.330 0.057 0.018 0.085 0.019 

Locus 13 : btms0059 
9 alleles
0.0% missing data
   1   (0.343) 0.538 0.373 0.366 0.298 0.289 0.470 0.289 0.351 0.424 0.151 
   2   (0.110) 0.065 0.105 0.078 0.307 0.027 0.272 0.019 0.110 0.084 0.283 
   3   (0.065) 0.057 0.027 0.052 0.039 0.019 0.025 0.103 0.134 0.054 0.021 
   4   (0.056) 0.029 0.030 0.090 0.031 0.076 0.010 0.021 0.045 0.039 0.017 
   5   (0.080) 0.076 0.112 0.049 0.058 0.024 0.031 0.046 0.035 0.145 0.050 
   6   (0.297) 0.214 0.308 0.349 0.183 0.550 0.179 0.514 0.313 0.228 0.467 
   7   (0.016) 0.004 0.006 0.004 0.058 0.005 0.006 0.002 0.003 0.005 0.005 
   8   (0.023) 0.014 0.031 0.010 0.016 0.007 0.005 0.004 0.006 0.017 0.004 
   9   (0.011) 0.003 0.007 0.003 0.009 0.003 0.001 0.002 0.003 0.003 0.002 

Values of parameters used in structure:
