

----------------------------------------------------
STRUCTURE by Pritchard, Stephens and Donnelly (2000)
     and Falush, Stephens and Pritchard (2003)
       Code by Pritchard, Falush and Hubisz
             Version 2.3.4 (Jul 2012)
----------------------------------------------------



Command line arguments:   bin/structure -m "/Users/johnmola/Desktop/rpbbfeb27/rpbbstructure/rpbb20k100k/mainparams" -e "/Users/johnmola/Desktop/rpbbfeb27/rpbbstructure/rpbb20k100k/extraparams" 
Input File:    /Users/johnmola/Desktop/rpbbfeb27/rpbbstructure/project_data

Run parameters:
   231 individuals
   13 loci
   10 populations assumed
   20000 Burn-in period
   100000 Reps


--------------------------------------------
Proportion of membership of each pre-defined
 population in each of the 10 clusters

Given    Inferred Clusters                                                        Number of
 Pop       1      2      3      4      5      6      7      8      9     10      Individuals

  1:     0.028  0.028  0.020  0.063  0.014  0.689  0.075  0.041  0.028  0.014       21
  2:     0.138  0.143  0.104  0.036  0.100  0.017  0.108  0.129  0.210  0.014        7
  3:     0.165  0.098  0.047  0.118  0.082  0.054  0.124  0.151  0.137  0.023        7
  4:     0.043  0.166  0.151  0.060  0.051  0.045  0.150  0.210  0.067  0.057        8
  5:     0.069  0.148  0.142  0.034  0.010  0.039  0.192  0.245  0.098  0.023        4
  6:     0.118  0.131  0.051  0.096  0.050  0.030  0.125  0.132  0.193  0.075       35
  7:     0.126  0.223  0.077  0.067  0.031  0.056  0.121  0.137  0.132  0.030       40
  8:     0.096  0.137  0.069  0.155  0.067  0.035  0.106  0.109  0.141  0.086       19
  9:     0.076  0.138  0.079  0.128  0.037  0.202  0.130  0.131  0.050  0.029        4
 10:     0.237  0.036  0.066  0.056  0.098  0.020  0.060  0.077  0.197  0.153       11
 11:     0.023  0.041  0.029  0.013  0.539  0.122  0.081  0.122  0.017  0.012        8
 12:     0.054  0.077  0.248  0.030  0.045  0.029  0.079  0.081  0.077  0.282       60
 13:     0.134  0.118  0.048  0.401  0.017  0.034  0.090  0.056  0.085  0.017        7
--------------------------------------------

Allele-freq. divergence among pops (Net nucleotide distance),
computed using point estimates of P.

      1       2       3       4       5       6       7       8       9      10      
 1      -    0.0202  0.0343  0.0498  0.0530  0.0415  0.0150  0.0220  0.0194  0.0353  
 2   0.0202     -    0.0287  0.0473  0.0592  0.0391  0.0120  0.0184  0.0282  0.0412  
 3   0.0343  0.0287     -    0.0656  0.0665  0.0440  0.0206  0.0216  0.0408  0.0404  
 4   0.0498  0.0473  0.0656     -    0.0941  0.0783  0.0406  0.0493  0.0617  0.0639  
 5   0.0530  0.0592  0.0665  0.0941     -    0.0849  0.0506  0.0515  0.0676  0.0777  
 6   0.0415  0.0391  0.0440  0.0783  0.0849     -    0.0309  0.0367  0.0416  0.0509  
 7   0.0150  0.0120  0.0206  0.0406  0.0506  0.0309     -    0.0035  0.0185  0.0286  
 8   0.0220  0.0184  0.0216  0.0493  0.0515  0.0367  0.0035     -    0.0274  0.0400  
 9   0.0194  0.0282  0.0408  0.0617  0.0676  0.0416  0.0185  0.0274     -    0.0450  
10   0.0353  0.0412  0.0404  0.0639  0.0777  0.0509  0.0286  0.0400  0.0450     -    

Average distances (expected heterozygosity) between individuals in same cluster:
cluster  1  : 0.6661 
cluster  2  : 0.6580 
cluster  3  : 0.6612 
cluster  4  : 0.6055 
cluster  5  : 0.6077 
cluster  6  : 0.6816 
cluster  7  : 0.7016 
cluster  8  : 0.6895 
cluster  9  : 0.6894 
cluster 10  : 0.6732 

--------------------------------------------
Estimated Ln Prob of Data   = -10459.7
Mean value of ln likelihood = -9141.1
Variance of ln likelihood   = 2637.2
Mean value of alpha         = 0.0535

Mean value of Fst_1         = 0.1436
Mean value of Fst_2         = 0.0925
Mean value of Fst_3         = 0.0957
Mean value of Fst_4         = 0.1826
Mean value of Fst_5         = 0.2424
Mean value of Fst_6         = 0.1063
Mean value of Fst_7         = 0.0692
Mean value of Fst_8         = 0.0795
Mean value of Fst_9         = 0.0962
Mean value of Fst_10         = 0.1116


Inferred ancestry of individuals:
        Label (%Miss) Pop:  Inferred clusters
  1  BAFF014    (0)    1 :  0.012 0.010 0.009 0.017 0.007 0.873 0.037 0.019 0.012 0.006 
  2  BAFF379    (0)    2 :  0.034 0.138 0.275 0.043 0.047 0.012 0.239 0.162 0.040 0.011 
  3  BAFF212    (0)    3 :  0.115 0.262 0.025 0.035 0.011 0.016 0.215 0.054 0.226 0.041 
  4  BAFF018    (0)    4 :  0.015 0.441 0.417 0.006 0.037 0.008 0.025 0.016 0.017 0.018 
  5  BAFF247    (0)    4 :  0.026 0.232 0.398 0.012 0.010 0.007 0.088 0.148 0.066 0.012 
  6  BAFF024    (0)    5 :  0.027 0.031 0.025 0.047 0.008 0.018 0.266 0.354 0.182 0.041 
  7  BAFF088    (0)    6 :  0.049 0.047 0.035 0.013 0.023 0.011 0.055 0.026 0.713 0.030 
  8  BAFF429    (0)    6 :  0.365 0.055 0.109 0.124 0.037 0.017 0.091 0.120 0.073 0.009 
  9  BAFF087    (7)    7 :  0.027 0.007 0.005 0.007 0.006 0.008 0.011 0.006 0.918 0.006 
 10  BAFF225    (0)    7 :  0.046 0.268 0.019 0.123 0.008 0.036 0.089 0.063 0.330 0.017 
 11  BAFF195    (0)    8 :  0.042 0.042 0.101 0.040 0.408 0.036 0.097 0.132 0.088 0.014 
 12  BAFF238    (0)    9 :  0.037 0.086 0.023 0.346 0.024 0.097 0.208 0.114 0.032 0.034 
 13  BAFF019    (0)   10 :  0.166 0.019 0.019 0.007 0.023 0.031 0.027 0.027 0.034 0.647 
 14  BAFF175    (0)   10 :  0.220 0.045 0.155 0.099 0.035 0.010 0.110 0.157 0.120 0.049 
 15  BAFF156    (0)   11 :  0.007 0.005 0.006 0.005 0.952 0.004 0.005 0.005 0.005 0.006 
 16  BAFF301    (0)   11 :  0.020 0.030 0.016 0.030 0.008 0.790 0.034 0.032 0.020 0.021 
 17  BAFF141    (0)   12 :  0.043 0.378 0.453 0.005 0.005 0.074 0.019 0.009 0.008 0.005 
 18  BAFF302    (0)   12 :  0.030 0.039 0.026 0.019 0.011 0.017 0.264 0.537 0.022 0.035 
 19  BAFF290    (0)    1 :  0.022 0.042 0.062 0.121 0.006 0.615 0.081 0.024 0.016 0.011 
 20  BAFF498    (0)    6 :  0.090 0.159 0.027 0.024 0.039 0.172 0.281 0.132 0.032 0.045 
 21  BAFF455    (0)    7 :  0.379 0.023 0.015 0.053 0.028 0.016 0.019 0.023 0.426 0.017 
 22  BAFF203    (7)    8 :  0.209 0.049 0.047 0.025 0.027 0.011 0.087 0.031 0.501 0.012 
 23  BAFF056    (0)   12 :  0.022 0.077 0.020 0.028 0.005 0.017 0.043 0.016 0.009 0.764 
 24  BAFF327    (0)   12 :  0.012 0.011 0.804 0.010 0.015 0.036 0.019 0.025 0.028 0.042 
 25  BAFF255    (0)    1 :  0.008 0.017 0.011 0.013 0.005 0.898 0.016 0.014 0.010 0.008 
 26  BAFF256    (0)    1 :  0.008 0.008 0.006 0.014 0.004 0.925 0.007 0.006 0.010 0.011 
 27  BAFF257    (0)    1 :  0.007 0.006 0.006 0.009 0.004 0.945 0.006 0.006 0.007 0.005 
 28  BAFF260    (0)    1 :  0.009 0.007 0.006 0.015 0.004 0.918 0.009 0.008 0.016 0.008 
 29  BAFF259    (0)    1 :  0.010 0.008 0.010 0.009 0.006 0.921 0.008 0.007 0.007 0.013 
 30  BAFF261    (0)    1 :  0.012 0.013 0.009 0.008 0.007 0.913 0.012 0.009 0.009 0.008 
 31  BAFF274    (0)    1 :  0.016 0.050 0.020 0.014 0.010 0.789 0.028 0.031 0.026 0.014 
 32  BAFF262    (0)    1 :  0.024 0.010 0.021 0.006 0.008 0.864 0.011 0.014 0.035 0.007 
 33  BAFF294    (0)    1 :  0.010 0.008 0.008 0.006 0.008 0.879 0.016 0.014 0.042 0.008 
 34  BAFF292    (0)    1 :  0.017 0.014 0.031 0.427 0.016 0.370 0.082 0.024 0.010 0.010 
 35  BAFF296    (0)    1 :  0.009 0.015 0.015 0.431 0.012 0.381 0.103 0.017 0.007 0.009 
 36  BAFF295    (0)    1 :  0.039 0.019 0.032 0.116 0.009 0.637 0.074 0.030 0.030 0.014 
 37  BAFF298    (0)    1 :  0.011 0.044 0.017 0.008 0.007 0.830 0.026 0.025 0.012 0.021 
 38  BAFF299    (0)    1 :  0.010 0.005 0.008 0.006 0.016 0.893 0.011 0.007 0.012 0.031 
 39  BAFF375    (0)   13 :  0.007 0.007 0.006 0.942 0.005 0.007 0.007 0.006 0.008 0.006 
 40  BAFF376    (0)   13 :  0.027 0.013 0.012 0.816 0.006 0.010 0.030 0.029 0.042 0.016 
 41  BAFF377    (0)   13 :  0.006 0.008 0.006 0.933 0.006 0.009 0.009 0.011 0.007 0.006 
 42  BAFF022    (0)    5 :  0.126 0.106 0.203 0.019 0.011 0.079 0.133 0.259 0.055 0.009 
 43  BAFF021    (0)    5 :  0.067 0.055 0.317 0.013 0.007 0.031 0.129 0.283 0.084 0.014 
 44  BAFF499    (0)    6 :  0.173 0.034 0.022 0.026 0.015 0.007 0.031 0.054 0.014 0.625 
 45  BAFF204    (0)    8 :  0.037 0.532 0.138 0.023 0.009 0.008 0.088 0.100 0.025 0.039 
 46  BAFF068    (0)   12 :  0.014 0.022 0.027 0.013 0.010 0.063 0.059 0.025 0.008 0.761 
 47  BAFF336    (0)   12 :  0.029 0.124 0.083 0.009 0.088 0.011 0.097 0.040 0.033 0.485 
 48  BAFF447    (0)    7 :  0.028 0.436 0.020 0.013 0.020 0.006 0.198 0.245 0.022 0.012 
 49  BAFF457    (0)    7 :  0.015 0.341 0.035 0.062 0.034 0.026 0.176 0.290 0.012 0.009 
 50  BAFF448    (0)    7 :  0.101 0.211 0.033 0.029 0.018 0.045 0.204 0.032 0.320 0.006 
 51  BAFF465    (0)    7 :  0.323 0.026 0.015 0.012 0.012 0.014 0.023 0.014 0.553 0.009 
 52  BAFF194    (0)    8 :  0.070 0.041 0.030 0.036 0.011 0.026 0.183 0.551 0.039 0.013 
 53  BAFF199    (0)    8 :  0.138 0.483 0.073 0.022 0.040 0.015 0.076 0.121 0.016 0.015 
 54  BAFF500    (0)    6 :  0.103 0.096 0.011 0.031 0.007 0.176 0.323 0.092 0.082 0.079 
 55  BAFF206    (0)    8 :  0.028 0.018 0.268 0.148 0.008 0.020 0.157 0.151 0.159 0.042 
 56  BAFF069    (0)   12 :  0.013 0.020 0.014 0.013 0.017 0.008 0.017 0.012 0.014 0.873 
 57  BAFF330    (0)   12 :  0.051 0.203 0.051 0.017 0.052 0.017 0.051 0.022 0.510 0.026 
 58  BAFF239    (0)   10 :  0.456 0.014 0.031 0.009 0.123 0.016 0.016 0.023 0.017 0.296 
 59  BAFF241    (0)   10 :  0.503 0.009 0.008 0.008 0.073 0.014 0.009 0.008 0.008 0.362 
 60  BAFF157    (0)   11 :  0.007 0.005 0.007 0.006 0.945 0.004 0.006 0.009 0.005 0.005 
 61  BAFF161    (0)   11 :  0.005 0.005 0.004 0.005 0.955 0.004 0.005 0.005 0.005 0.005 
 62  BAFF160    (0)   11 :  0.006 0.005 0.006 0.004 0.951 0.004 0.006 0.007 0.006 0.005 
 63  BAFF008    (0)   12 :  0.071 0.088 0.028 0.020 0.013 0.026 0.179 0.046 0.358 0.172 
 64  BAFF013    (0)   12 :  0.035 0.028 0.025 0.017 0.019 0.011 0.068 0.046 0.738 0.014 
 65  BAFF407    (0)   12 :  0.018 0.018 0.026 0.011 0.011 0.010 0.015 0.011 0.014 0.866 
 66  BAFF503    (0)    6 :  0.287 0.021 0.009 0.017 0.015 0.006 0.089 0.015 0.051 0.490 
 67  BAFF449    (0)    7 :  0.050 0.027 0.183 0.009 0.009 0.010 0.070 0.089 0.532 0.021 
 68  BAFF207    (0)    8 :  0.020 0.078 0.016 0.094 0.004 0.015 0.060 0.058 0.070 0.584 
 69  BAFF070    (0)   12 :  0.021 0.014 0.059 0.013 0.010 0.009 0.014 0.011 0.014 0.834 
 70  BAFF335    (0)   12 :  0.010 0.010 0.889 0.006 0.009 0.008 0.023 0.017 0.013 0.015 
 71  BAFF507    (0)    6 :  0.023 0.012 0.015 0.040 0.015 0.026 0.247 0.599 0.014 0.009 
 72  BAFF450    (0)    7 :  0.026 0.201 0.024 0.253 0.058 0.082 0.252 0.045 0.021 0.037 
 73  BAFF209    (7)    8 :  0.071 0.025 0.048 0.171 0.142 0.022 0.159 0.141 0.195 0.026 
 74  BAFF072    (0)   12 :  0.196 0.091 0.148 0.017 0.297 0.012 0.045 0.137 0.015 0.043 
 75  BAFF339    (0)   12 :  0.022 0.189 0.072 0.201 0.008 0.010 0.168 0.043 0.013 0.274 
 76  BAFF508    (0)    6 :  0.037 0.342 0.038 0.036 0.294 0.054 0.144 0.025 0.012 0.017 
 77  BAFF451    (0)    7 :  0.050 0.197 0.109 0.022 0.018 0.010 0.131 0.395 0.043 0.026 
 78  BAFF210    (0)    8 :  0.040 0.097 0.018 0.149 0.006 0.077 0.077 0.037 0.086 0.415 
 79  BAFF139    (0)   12 :  0.017 0.134 0.079 0.029 0.037 0.034 0.248 0.380 0.029 0.012 
 80  BAFF341    (0)   12 :  0.322 0.201 0.059 0.089 0.067 0.015 0.153 0.054 0.024 0.015 
 81  BAFF509    (0)    6 :  0.044 0.021 0.053 0.020 0.010 0.060 0.119 0.042 0.597 0.034 
 82  BAFF453    (0)    7 :  0.063 0.078 0.043 0.542 0.017 0.009 0.096 0.037 0.048 0.068 
 83  BAFF389    (0)    8 :  0.023 0.007 0.013 0.555 0.336 0.011 0.012 0.016 0.022 0.005 
 84  BAFF163    (0)   12 :  0.016 0.005 0.005 0.018 0.007 0.004 0.147 0.005 0.009 0.784 
 85  BAFF344    (7)   12 :  0.043 0.029 0.498 0.069 0.049 0.009 0.059 0.042 0.031 0.171 
 86  BAFF510    (0)    6 :  0.018 0.019 0.048 0.015 0.036 0.010 0.213 0.457 0.162 0.021 
 87  BAFF456    (0)    7 :  0.017 0.220 0.078 0.053 0.011 0.017 0.151 0.400 0.012 0.041 
 88  BAFF390    (0)    8 :  0.042 0.006 0.006 0.898 0.011 0.005 0.009 0.012 0.006 0.005 
 89  BAFF142    (0)   12 :  0.152 0.205 0.306 0.008 0.013 0.238 0.019 0.015 0.010 0.034 
 90  BAFF363    (7)   12 :  0.014 0.010 0.032 0.008 0.020 0.007 0.046 0.010 0.011 0.841 
 91  BAFF517    (0)    6 :  0.013 0.034 0.122 0.225 0.009 0.007 0.210 0.336 0.019 0.026 
 92  BAFF458    (0)    7 :  0.255 0.415 0.032 0.015 0.010 0.037 0.077 0.051 0.080 0.029 
 93  BAFF391    (0)    8 :  0.033 0.087 0.127 0.031 0.007 0.107 0.262 0.103 0.029 0.214 
 94  BAFF149    (0)   12 :  0.027 0.051 0.608 0.094 0.027 0.011 0.035 0.105 0.013 0.029 
 95  BAFF366    (7)   12 :  0.013 0.025 0.488 0.024 0.025 0.009 0.121 0.271 0.009 0.016 
 96  BAFF512    (0)    6 :  0.039 0.334 0.020 0.061 0.016 0.113 0.231 0.094 0.053 0.039 
 97  BAFF460    (0)    7 :  0.020 0.206 0.571 0.024 0.012 0.014 0.052 0.077 0.011 0.013 
 98  BAFF138    (0)   12 :  0.031 0.035 0.827 0.013 0.016 0.015 0.020 0.017 0.007 0.018 
 99  BAFF374    (0)   12 :  0.038 0.010 0.032 0.017 0.047 0.039 0.034 0.021 0.532 0.230 
100  BAFF015    (0)    1 :  0.026 0.009 0.009 0.009 0.006 0.886 0.023 0.011 0.010 0.011 
101  BAFF380    (0)    2 :  0.309 0.054 0.056 0.012 0.144 0.010 0.058 0.112 0.204 0.041 
102  BAFF216    (0)    3 :  0.306 0.066 0.022 0.073 0.016 0.036 0.131 0.258 0.066 0.026 
103  BAFF017    (0)    4 :  0.038 0.015 0.005 0.139 0.005 0.015 0.339 0.420 0.007 0.017 
104  BAFF245    (0)    4 :  0.078 0.093 0.135 0.050 0.010 0.095 0.192 0.223 0.098 0.026 
105  BAFF378    (7)   13 :  0.097 0.243 0.019 0.025 0.011 0.165 0.302 0.112 0.013 0.012 
106  BAFF023    (0)    5 :  0.056 0.399 0.022 0.054 0.013 0.027 0.241 0.086 0.071 0.030 
107  BAFF079    (0)    6 :  0.111 0.025 0.073 0.044 0.025 0.039 0.219 0.268 0.166 0.031 
108  BAFF435    (0)    6 :  0.027 0.857 0.016 0.011 0.009 0.007 0.023 0.019 0.016 0.015 
109  BAFF174    (7)    7 :  0.136 0.025 0.016 0.717 0.014 0.006 0.023 0.015 0.025 0.023 
110  BAFF226    (0)    7 :  0.011 0.224 0.031 0.027 0.016 0.011 0.279 0.379 0.013 0.009 
111  BAFF190    (0)    8 :  0.386 0.135 0.042 0.012 0.056 0.014 0.041 0.034 0.212 0.067 
112  BAFF243    (0)    9 :  0.051 0.078 0.060 0.080 0.081 0.078 0.195 0.336 0.034 0.007 
113  BAFF177    (0)   10 :  0.078 0.020 0.053 0.082 0.024 0.032 0.045 0.035 0.622 0.008 
114  BAFF364    (7)   11 :  0.079 0.164 0.019 0.026 0.466 0.010 0.105 0.041 0.065 0.025 
115  BAFF305    (0)   12 :  0.024 0.011 0.858 0.023 0.008 0.021 0.014 0.018 0.012 0.012 
116  BAFF513    (0)    6 :  0.252 0.038 0.020 0.047 0.015 0.042 0.088 0.067 0.412 0.019 
117  BAFF462    (0)    7 :  0.259 0.121 0.011 0.008 0.015 0.375 0.064 0.016 0.073 0.058 
118  BAFF143    (0)   12 :  0.032 0.055 0.445 0.022 0.057 0.008 0.103 0.140 0.061 0.077 
119  BAFF403    (0)   12 :  0.010 0.008 0.008 0.008 0.010 0.007 0.009 0.008 0.009 0.923 
120  BAFF514    (0)    6 :  0.203 0.033 0.019 0.015 0.009 0.007 0.042 0.030 0.468 0.175 
121  BAFF463    (0)    7 :  0.349 0.006 0.005 0.006 0.012 0.005 0.006 0.005 0.603 0.004 
122  BAFF137    (0)   12 :  0.041 0.016 0.337 0.007 0.015 0.010 0.129 0.214 0.222 0.008 
123  BAFF404    (0)   12 :  0.011 0.013 0.012 0.009 0.018 0.014 0.015 0.012 0.008 0.889 
124  BAFF515    (0)    6 :  0.046 0.116 0.173 0.038 0.018 0.022 0.146 0.130 0.272 0.039 
125  BAFF144    (0)   12 :  0.231 0.208 0.084 0.016 0.153 0.010 0.073 0.033 0.121 0.072 
126  BAFF405    (7)   12 :  0.028 0.043 0.790 0.007 0.022 0.023 0.023 0.020 0.029 0.014 
127  BAFF518    (0)    6 :  0.069 0.141 0.169 0.023 0.015 0.009 0.102 0.067 0.016 0.388 
128  BAFF467    (0)    7 :  0.280 0.161 0.014 0.029 0.012 0.016 0.228 0.177 0.057 0.026 
129  BAFF145    (0)   12 :  0.036 0.094 0.094 0.017 0.395 0.075 0.123 0.115 0.041 0.011 
130  BAFF406    (0)   12 :  0.026 0.043 0.077 0.012 0.305 0.008 0.040 0.036 0.072 0.380 
131  BAFF519    (0)    6 :  0.031 0.166 0.079 0.498 0.013 0.010 0.085 0.055 0.051 0.012 
132  BAFF471    (0)    7 :  0.173 0.067 0.319 0.025 0.021 0.058 0.131 0.118 0.069 0.020 
133  BAFF136    (0)   12 :  0.022 0.008 0.170 0.051 0.009 0.005 0.034 0.014 0.043 0.645 
134  BAFF520    (7)    6 :  0.159 0.423 0.032 0.042 0.010 0.022 0.111 0.094 0.057 0.050 
135  BAFF472    (0)    7 :  0.329 0.142 0.035 0.049 0.067 0.022 0.175 0.035 0.130 0.016 
136  BAFF165    (0)   12 :  0.065 0.037 0.443 0.014 0.009 0.066 0.079 0.224 0.020 0.043 
137  BAFF408    (0)   12 :  0.062 0.119 0.360 0.025 0.038 0.035 0.102 0.157 0.017 0.085 
138  BAFF522    (0)    6 :  0.291 0.020 0.043 0.022 0.012 0.027 0.069 0.036 0.437 0.044 
139  BAFF475    (0)    7 :  0.054 0.152 0.054 0.049 0.017 0.007 0.206 0.365 0.054 0.043 
140  BAFF140    (0)   12 :  0.040 0.026 0.555 0.023 0.040 0.013 0.050 0.063 0.168 0.023 
141  BAFF409    (0)   12 :  0.031 0.012 0.017 0.025 0.013 0.076 0.024 0.013 0.049 0.742 
142  BAFF523    (0)    6 :  0.261 0.091 0.011 0.018 0.093 0.014 0.167 0.052 0.285 0.009 
143  BAFF476    (0)    7 :  0.015 0.095 0.061 0.035 0.203 0.007 0.269 0.275 0.011 0.029 
144  BAFF147    (0)   12 :  0.044 0.015 0.318 0.009 0.015 0.015 0.165 0.184 0.096 0.139 
145  BAFF410    (0)   12 :  0.036 0.017 0.242 0.014 0.007 0.013 0.083 0.159 0.009 0.421 
146  BAFF477    (0)    7 :  0.022 0.307 0.108 0.021 0.009 0.080 0.145 0.283 0.018 0.007 
147  BAFF411    (0)   12 :  0.012 0.051 0.073 0.377 0.044 0.226 0.114 0.022 0.012 0.069 
148  BAFF486    (7)    7 :  0.009 0.882 0.009 0.014 0.005 0.008 0.040 0.022 0.005 0.005 
149  BAFF412    (7)   12 :  0.021 0.026 0.017 0.013 0.020 0.035 0.048 0.029 0.070 0.722 
150  BAFF258    (0)    1 :  0.253 0.091 0.015 0.016 0.071 0.157 0.126 0.051 0.189 0.030 
151  BAFF392    (0)    2 :  0.222 0.007 0.006 0.019 0.198 0.005 0.025 0.007 0.505 0.006 
152  BAFF217    (0)    3 :  0.031 0.085 0.042 0.464 0.028 0.010 0.160 0.150 0.012 0.019 
153  BAFF016    (0)    4 :  0.015 0.015 0.099 0.049 0.036 0.005 0.209 0.521 0.016 0.036 
154  BAFF246    (0)    4 :  0.019 0.061 0.023 0.200 0.037 0.011 0.215 0.304 0.097 0.032 
155  BAFF381    (0)   13 :  0.056 0.254 0.205 0.043 0.011 0.009 0.178 0.181 0.028 0.034 
156  BAFF078    (0)    6 :  0.225 0.094 0.087 0.027 0.406 0.005 0.019 0.064 0.015 0.058 
157  BAFF481    (0)    6 :  0.057 0.438 0.100 0.145 0.010 0.022 0.105 0.053 0.038 0.031 
158  BAFF436    (0)    7 :  0.225 0.030 0.041 0.045 0.038 0.058 0.118 0.152 0.255 0.037 
159  BAFF191    (0)    8 :  0.138 0.036 0.018 0.372 0.011 0.008 0.103 0.107 0.190 0.018 
160  BAFF382    (0)    9 :  0.158 0.364 0.052 0.071 0.040 0.006 0.092 0.036 0.116 0.064 
161  BAFF178    (0)   10 :  0.043 0.017 0.021 0.068 0.006 0.009 0.067 0.041 0.670 0.058 
162  BAFF159    (7)   11 :  0.008 0.010 0.011 0.006 0.008 0.008 0.308 0.615 0.011 0.013 
163  BAFF365    (7)   11 :  0.055 0.100 0.159 0.027 0.028 0.153 0.182 0.260 0.020 0.017 
164  BAFF007    (0)   12 :  0.037 0.230 0.133 0.068 0.054 0.039 0.211 0.168 0.038 0.023 
165  BAFF304    (7)   12 :  0.118 0.141 0.408 0.012 0.064 0.011 0.074 0.090 0.015 0.068 
166  BAFF487    (0)    7 :  0.296 0.241 0.013 0.046 0.056 0.020 0.207 0.042 0.045 0.035 
167  BAFF415    (0)   12 :  0.029 0.024 0.118 0.011 0.020 0.060 0.088 0.116 0.032 0.502 
168  BAFF488    (0)    7 :  0.054 0.034 0.027 0.043 0.012 0.556 0.105 0.131 0.022 0.016 
169  BAFF417    (0)   12 :  0.023 0.051 0.416 0.025 0.013 0.014 0.054 0.029 0.049 0.326 
170  BAFF489    (0)    7 :  0.082 0.249 0.139 0.013 0.059 0.007 0.162 0.208 0.041 0.039 
171  BAFF426    (0)   12 :  0.114 0.016 0.013 0.012 0.007 0.017 0.018 0.015 0.023 0.765 
172  BAFF490    (7)    7 :  0.025 0.490 0.019 0.012 0.072 0.021 0.088 0.204 0.057 0.011 
173  BAFF491    (0)    7 :  0.029 0.650 0.018 0.028 0.024 0.038 0.066 0.023 0.117 0.008 
174  BAFF492    (0)    7 :  0.037 0.853 0.011 0.023 0.009 0.007 0.020 0.015 0.014 0.012 
175  BAFF493    (0)    7 :  0.193 0.119 0.022 0.021 0.015 0.430 0.070 0.027 0.068 0.035 
176  BAFF506    (0)    7 :  0.347 0.350 0.009 0.031 0.009 0.069 0.088 0.025 0.060 0.011 
177  BAFF393    (0)    2 :  0.017 0.552 0.085 0.017 0.158 0.019 0.068 0.060 0.014 0.010 
178  BAFF218    (0)    3 :  0.073 0.151 0.086 0.201 0.015 0.040 0.188 0.139 0.079 0.027 
179  BAFF254    (0)    4 :  0.043 0.440 0.125 0.010 0.261 0.034 0.038 0.021 0.016 0.011 
180  BAFF385    (0)   13 :  0.463 0.213 0.037 0.030 0.019 0.021 0.059 0.019 0.107 0.033 
181  BAFF076    (0)    6 :  0.032 0.010 0.009 0.013 0.014 0.009 0.016 0.007 0.879 0.012 
182  BAFF482    (0)    6 :  0.062 0.233 0.190 0.016 0.013 0.010 0.167 0.131 0.109 0.070 
183  BAFF437    (0)    7 :  0.018 0.059 0.481 0.009 0.006 0.023 0.074 0.294 0.025 0.010 
184  BAFF192    (0)    8 :  0.062 0.064 0.054 0.050 0.138 0.017 0.090 0.050 0.459 0.016 
185  BAFF383    (0)    9 :  0.056 0.023 0.181 0.014 0.006 0.628 0.026 0.036 0.019 0.011 
186  BAFF180    (0)   10 :  0.076 0.054 0.014 0.257 0.009 0.008 0.170 0.067 0.241 0.102 
187  BAFF048    (7)   12 :  0.373 0.020 0.047 0.006 0.216 0.052 0.054 0.167 0.052 0.012 
188  BAFF306    (0)   12 :  0.020 0.061 0.649 0.068 0.014 0.010 0.075 0.040 0.037 0.026 
189  BAFF394    (0)    2 :  0.089 0.073 0.118 0.133 0.132 0.054 0.107 0.196 0.080 0.018 
190  BAFF219    (0)    3 :  0.112 0.099 0.130 0.041 0.014 0.007 0.124 0.431 0.029 0.011 
191  BAFF388    (0)    4 :  0.111 0.029 0.009 0.012 0.010 0.183 0.094 0.028 0.222 0.301 
192  BAFF386    (7)   13 :  0.282 0.089 0.053 0.017 0.059 0.016 0.043 0.031 0.394 0.015 
193  BAFF084    (0)    6 :  0.024 0.378 0.028 0.012 0.431 0.012 0.047 0.046 0.011 0.011 
194  BAFF483    (0)    6 :  0.033 0.060 0.078 0.045 0.008 0.030 0.142 0.099 0.431 0.074 
195  BAFF438   (15)    7 :  0.237 0.353 0.136 0.022 0.083 0.015 0.040 0.032 0.052 0.030 
196  BAFF193    (0)    8 :  0.050 0.406 0.014 0.048 0.012 0.231 0.138 0.027 0.056 0.018 
197  BAFF183    (0)   10 :  0.453 0.047 0.016 0.022 0.020 0.047 0.097 0.260 0.015 0.022 
198  BAFF153    (0)   12 :  0.014 0.011 0.792 0.006 0.011 0.008 0.027 0.105 0.012 0.015 
199  BAFF307    (0)   12 :  0.037 0.257 0.501 0.016 0.061 0.010 0.051 0.025 0.022 0.019 
200  BAFF397    (0)    2 :  0.008 0.145 0.184 0.025 0.013 0.007 0.243 0.360 0.005 0.009 
201  BAFF220    (0)    3 :  0.264 0.018 0.008 0.005 0.103 0.009 0.039 0.019 0.519 0.014 
202  BAFF095    (0)    6 :  0.078 0.020 0.017 0.020 0.007 0.041 0.023 0.017 0.761 0.016 
203  BAFF494    (0)    6 :  0.162 0.098 0.018 0.019 0.027 0.007 0.155 0.045 0.436 0.033 
204  BAFF439    (0)    7 :  0.068 0.264 0.078 0.119 0.011 0.009 0.074 0.097 0.027 0.254 
205  BAFF182    (0)   10 :  0.309 0.015 0.031 0.021 0.051 0.024 0.034 0.036 0.389 0.092 
206  BAFF054    (0)   12 :  0.007 0.008 0.011 0.007 0.010 0.007 0.015 0.011 0.008 0.917 
207  BAFF308    (0)   12 :  0.044 0.063 0.429 0.010 0.026 0.014 0.134 0.247 0.018 0.015 
208  BAFF266    (0)    1 :  0.041 0.164 0.019 0.009 0.060 0.118 0.365 0.161 0.024 0.039 
209  BAFF398    (7)    2 :  0.288 0.033 0.007 0.005 0.005 0.011 0.016 0.006 0.624 0.005 
210  BAFF221    (0)    3 :  0.256 0.006 0.017 0.008 0.384 0.256 0.008 0.009 0.031 0.025 
211  BAFF090    (0)    6 :  0.660 0.079 0.060 0.019 0.049 0.012 0.024 0.016 0.026 0.055 
212  BAFF495    (0)    6 :  0.020 0.032 0.023 0.708 0.008 0.008 0.063 0.109 0.014 0.016 
213  BAFF459    (0)    7 :  0.037 0.033 0.028 0.036 0.070 0.007 0.191 0.568 0.018 0.011 
214  BAFF197    (0)    8 :  0.030 0.053 0.243 0.125 0.013 0.013 0.169 0.275 0.022 0.057 
215  BAFF188    (0)   10 :  0.211 0.032 0.361 0.027 0.074 0.013 0.053 0.168 0.021 0.038 
216  BAFF051    (0)   12 :  0.160 0.131 0.028 0.019 0.013 0.022 0.214 0.095 0.036 0.282 
217  BAFF309    (0)   12 :  0.030 0.664 0.070 0.024 0.013 0.009 0.111 0.026 0.041 0.013 
218  BAFF269    (0)    1 :  0.023 0.027 0.077 0.053 0.007 0.025 0.408 0.319 0.053 0.008 
219  BAFF077    (0)    6 :  0.010 0.006 0.008 0.011 0.019 0.008 0.297 0.626 0.005 0.010 
220  BAFF496    (0)    6 :  0.011 0.023 0.007 0.898 0.004 0.013 0.015 0.014 0.007 0.007 
221  BAFF443    (0)    7 :  0.108 0.194 0.086 0.017 0.011 0.044 0.291 0.119 0.039 0.092 
222  BAFF198    (0)    8 :  0.331 0.095 0.021 0.128 0.015 0.008 0.153 0.084 0.130 0.035 
223  BAFF053    (0)   12 :  0.084 0.040 0.454 0.040 0.014 0.017 0.091 0.223 0.008 0.029 
224  BAFF310    (0)   12 :  0.009 0.019 0.128 0.008 0.012 0.007 0.214 0.043 0.008 0.552 
225  BAFF282    (0)    1 :  0.023 0.012 0.026 0.021 0.012 0.640 0.122 0.074 0.056 0.013 
226  BAFF497    (0)    6 :  0.074 0.043 0.019 0.036 0.008 0.010 0.217 0.566 0.013 0.014 
227  BAFF466    (0)    7 :  0.259 0.171 0.141 0.022 0.121 0.015 0.128 0.075 0.035 0.033 
228  BAFF200    (7)    8 :  0.065 0.340 0.038 0.019 0.028 0.013 0.048 0.034 0.373 0.042 
229  BAFF240    (0)   10 :  0.094 0.125 0.018 0.013 0.641 0.015 0.028 0.028 0.029 0.010 
230  BAFF055    (0)   12 :  0.022 0.022 0.102 0.008 0.010 0.016 0.042 0.035 0.035 0.707 
231  BAFF311    (7)   12 :  0.072 0.015 0.037 0.007 0.071 0.044 0.060 0.024 0.663 0.008 


Estimated Allele Frequencies in each cluster
First column gives estimated ancestral frequencies


Locus 1 : btern01 
9 alleles
0.0% missing data
   1   (0.140) 0.085 0.161 0.215 0.166 0.057 0.123 0.151 0.173 0.151 0.032 
   2   (0.017) 0.004 0.006 0.003 0.003 0.003 0.027 0.015 0.007 0.004 0.003 
   3   (0.164) 0.179 0.158 0.198 0.208 0.162 0.061 0.204 0.259 0.129 0.081 
   4   (0.213) 0.147 0.240 0.169 0.359 0.276 0.195 0.185 0.139 0.192 0.191 
   5   (0.284) 0.327 0.360 0.342 0.083 0.379 0.457 0.259 0.294 0.141 0.328 
   6   (0.073) 0.098 0.024 0.046 0.041 0.023 0.032 0.112 0.070 0.056 0.337 
   7   (0.053) 0.130 0.016 0.014 0.011 0.087 0.080 0.034 0.017 0.264 0.019 
   8   (0.017) 0.003 0.003 0.004 0.029 0.002 0.017 0.011 0.007 0.003 0.002 
   9   (0.039) 0.026 0.032 0.009 0.101 0.010 0.007 0.029 0.033 0.060 0.007 

Locus 2 : bt28 
5 alleles
0.0% missing data
   1   (0.665) 0.517 0.737 0.787 0.768 0.679 0.770 0.660 0.671 0.576 0.720 
   2   (0.153) 0.173 0.112 0.092 0.164 0.054 0.175 0.115 0.126 0.204 0.100 
   3   (0.146) 0.303 0.141 0.112 0.062 0.261 0.038 0.149 0.093 0.212 0.174 
   4   (0.025) 0.004 0.009 0.006 0.004 0.005 0.005 0.071 0.106 0.005 0.004 
   5   (0.011) 0.002 0.002 0.002 0.002 0.002 0.012 0.006 0.004 0.003 0.002 

Locus 3 : b96 
8 alleles
0.9% missing data
   1   (0.339) 0.290 0.266 0.439 0.191 0.212 0.363 0.349 0.389 0.392 0.323 
   2   (0.475) 0.637 0.645 0.326 0.771 0.585 0.413 0.523 0.486 0.485 0.500 
   3   (0.044) 0.013 0.048 0.101 0.010 0.047 0.011 0.031 0.021 0.028 0.050 
   4   (0.015) 0.003 0.004 0.003 0.002 0.117 0.004 0.009 0.005 0.003 0.002 
   5   (0.052) 0.030 0.017 0.059 0.011 0.010 0.028 0.044 0.048 0.044 0.030 
   6   (0.026) 0.009 0.007 0.018 0.004 0.007 0.102 0.012 0.007 0.036 0.004 
   7   (0.037) 0.016 0.012 0.053 0.009 0.021 0.077 0.028 0.042 0.010 0.007 
   8   (0.013) 0.002 0.003 0.002 0.002 0.002 0.002 0.005 0.003 0.003 0.084 

Locus 4 : bt30 
12 alleles
0.9% missing data
   1   (0.117) 0.195 0.097 0.077 0.024 0.028 0.287 0.098 0.072 0.171 0.106 
   2   (0.285) 0.291 0.414 0.294 0.435 0.149 0.279 0.259 0.250 0.274 0.292 
   3   (0.072) 0.029 0.233 0.033 0.064 0.047 0.017 0.136 0.130 0.027 0.024 
   4   (0.183) 0.271 0.118 0.199 0.115 0.151 0.099 0.196 0.268 0.190 0.238 
   5   (0.015) 0.004 0.006 0.004 0.003 0.002 0.003 0.008 0.005 0.017 0.003 
   6   (0.105) 0.098 0.051 0.068 0.074 0.033 0.117 0.118 0.135 0.227 0.062 
   7   (0.032) 0.057 0.013 0.022 0.012 0.021 0.022 0.023 0.023 0.010 0.019 
   8   (0.053) 0.010 0.025 0.073 0.009 0.089 0.047 0.033 0.037 0.011 0.067 
   9   (0.097) 0.037 0.034 0.210 0.246 0.474 0.051 0.108 0.062 0.042 0.182 
  10   (0.013) 0.002 0.002 0.002 0.002 0.002 0.074 0.005 0.003 0.002 0.002 
  11   (0.017) 0.004 0.004 0.016 0.004 0.002 0.003 0.010 0.011 0.027 0.003 
  12   (0.010) 0.002 0.003 0.002 0.010 0.002 0.002 0.006 0.004 0.002 0.002 

Locus 5 : btms0081 
3 alleles
0.9% missing data
   1   (0.501) 0.499 0.592 0.376 0.221 0.734 0.599 0.551 0.570 0.643 0.303 
   2   (0.348) 0.305 0.315 0.488 0.547 0.220 0.204 0.335 0.327 0.243 0.479 
   3   (0.150) 0.197 0.093 0.136 0.233 0.046 0.197 0.114 0.104 0.114 0.218 

Locus 6 : btms0066 
24 alleles
0.0% missing data
   1   (0.270) 0.320 0.326 0.349 0.219 0.101 0.386 0.276 0.198 0.320 0.395 
   2   (0.015) 0.002 0.004 0.003 0.027 0.002 0.058 0.009 0.004 0.003 0.002 
   3   (0.032) 0.020 0.023 0.162 0.011 0.008 0.005 0.026 0.017 0.016 0.008 
   4   (0.153) 0.197 0.230 0.100 0.419 0.031 0.052 0.226 0.245 0.176 0.120 
   5   (0.102) 0.070 0.181 0.192 0.064 0.024 0.025 0.118 0.133 0.052 0.102 
   6   (0.045) 0.106 0.014 0.027 0.032 0.202 0.009 0.030 0.026 0.196 0.014 
   7   (0.020) 0.005 0.011 0.004 0.003 0.003 0.017 0.008 0.005 0.059 0.003 
   8   (0.055) 0.015 0.034 0.024 0.042 0.025 0.082 0.065 0.108 0.017 0.035 
   9   (0.017) 0.018 0.014 0.007 0.003 0.383 0.003 0.008 0.008 0.008 0.005 
  10   (0.025) 0.007 0.043 0.005 0.005 0.022 0.159 0.019 0.015 0.005 0.004 
  11   (0.024) 0.007 0.005 0.006 0.025 0.004 0.148 0.013 0.008 0.008 0.014 
  12   (0.038) 0.020 0.020 0.021 0.105 0.006 0.007 0.058 0.123 0.007 0.015 
  13   (0.024) 0.038 0.022 0.013 0.005 0.014 0.005 0.014 0.008 0.022 0.014 
  14   (0.018) 0.006 0.006 0.005 0.003 0.082 0.003 0.008 0.005 0.004 0.048 
  15   (0.019) 0.003 0.019 0.012 0.005 0.003 0.003 0.024 0.033 0.004 0.003 
  16   (0.028) 0.042 0.008 0.012 0.007 0.023 0.006 0.035 0.017 0.028 0.090 
  17   (0.018) 0.089 0.008 0.008 0.004 0.044 0.006 0.009 0.007 0.006 0.033 
  18   (0.009) 0.001 0.002 0.002 0.001 0.001 0.001 0.003 0.002 0.002 0.036 
  19   (0.018) 0.003 0.003 0.032 0.002 0.002 0.003 0.009 0.010 0.006 0.004 
  20   (0.019) 0.007 0.010 0.006 0.010 0.007 0.006 0.015 0.014 0.028 0.013 
  21   (0.019) 0.012 0.007 0.005 0.003 0.007 0.005 0.009 0.005 0.024 0.004 
  22   (0.011) 0.006 0.003 0.002 0.002 0.003 0.002 0.006 0.003 0.006 0.002 
  23   (0.012) 0.002 0.002 0.003 0.002 0.001 0.002 0.004 0.003 0.002 0.034 
  24   (0.010) 0.002 0.004 0.002 0.001 0.002 0.003 0.008 0.004 0.002 0.002 

Locus 7 : btms0083 
31 alleles
3.0% missing data
   1   (0.014) 0.010 0.003 0.004 0.002 0.011 0.246 0.005 0.004 0.003 0.002 
   2   (0.019) 0.008 0.030 0.029 0.003 0.006 0.113 0.010 0.007 0.004 0.004 
   3   (0.029) 0.027 0.013 0.012 0.005 0.153 0.005 0.026 0.020 0.061 0.009 
   4   (0.043) 0.059 0.040 0.022 0.012 0.031 0.062 0.037 0.020 0.028 0.011 
   5   (0.186) 0.242 0.259 0.216 0.168 0.091 0.230 0.212 0.161 0.370 0.262 
   6   (0.019) 0.033 0.015 0.005 0.004 0.005 0.004 0.013 0.015 0.017 0.004 
   7   (0.059) 0.190 0.142 0.073 0.015 0.069 0.016 0.038 0.043 0.018 0.136 
   8   (0.039) 0.016 0.028 0.118 0.010 0.011 0.016 0.039 0.074 0.012 0.014 
   9   (0.035) 0.035 0.032 0.036 0.031 0.008 0.008 0.030 0.028 0.046 0.006 
  10   (0.025) 0.013 0.010 0.020 0.007 0.005 0.008 0.015 0.009 0.134 0.018 
  11   (0.059) 0.046 0.057 0.033 0.069 0.445 0.015 0.086 0.119 0.022 0.011 
  12   (0.018) 0.009 0.006 0.004 0.008 0.003 0.041 0.013 0.006 0.005 0.004 
  13   (0.052) 0.023 0.024 0.099 0.043 0.018 0.010 0.066 0.107 0.023 0.083 
  14   (0.039) 0.030 0.105 0.021 0.009 0.008 0.008 0.061 0.113 0.010 0.007 
  15   (0.032) 0.013 0.009 0.014 0.020 0.006 0.016 0.053 0.061 0.024 0.006 
  16   (0.029) 0.051 0.023 0.007 0.009 0.025 0.030 0.028 0.012 0.046 0.005 
  17   (0.028) 0.013 0.008 0.011 0.434 0.013 0.035 0.021 0.014 0.012 0.005 
  18   (0.053) 0.049 0.063 0.030 0.025 0.011 0.035 0.056 0.028 0.042 0.117 
  19   (0.019) 0.006 0.007 0.006 0.010 0.003 0.007 0.013 0.007 0.004 0.124 
  20   (0.023) 0.005 0.010 0.142 0.004 0.004 0.004 0.011 0.008 0.006 0.053 
  21   (0.011) 0.002 0.002 0.002 0.002 0.001 0.034 0.005 0.003 0.002 0.002 
  22   (0.012) 0.002 0.003 0.003 0.026 0.002 0.013 0.007 0.003 0.002 0.002 
  23   (0.020) 0.004 0.006 0.006 0.007 0.003 0.015 0.016 0.015 0.005 0.003 
  24   (0.013) 0.002 0.003 0.003 0.002 0.002 0.003 0.006 0.003 0.002 0.014 
  25   (0.030) 0.059 0.044 0.041 0.006 0.005 0.006 0.022 0.010 0.074 0.006 
  26   (0.010) 0.002 0.002 0.004 0.006 0.001 0.002 0.044 0.074 0.003 0.002 
  27   (0.027) 0.026 0.019 0.023 0.049 0.005 0.005 0.026 0.012 0.007 0.041 
  28   (0.019) 0.012 0.022 0.005 0.009 0.049 0.004 0.016 0.006 0.006 0.004 
  29   (0.012) 0.009 0.010 0.002 0.003 0.003 0.004 0.010 0.005 0.003 0.002 
  30   (0.017) 0.003 0.003 0.008 0.002 0.002 0.003 0.008 0.006 0.004 0.039 
  31   (0.010) 0.002 0.002 0.003 0.002 0.001 0.002 0.007 0.006 0.002 0.002 

Locus 8 : b126 
16 alleles
0.0% missing data
   1   (0.043) 0.017 0.013 0.024 0.008 0.010 0.045 0.038 0.047 0.068 0.013 
   2   (0.051) 0.016 0.034 0.041 0.072 0.010 0.140 0.045 0.058 0.017 0.008 
   3   (0.316) 0.465 0.406 0.266 0.522 0.656 0.160 0.296 0.294 0.245 0.399 
   4   (0.029) 0.018 0.015 0.009 0.026 0.004 0.007 0.062 0.066 0.013 0.006 
   5   (0.075) 0.104 0.176 0.029 0.052 0.019 0.021 0.068 0.038 0.127 0.054 
   6   (0.061) 0.026 0.066 0.202 0.014 0.009 0.013 0.108 0.102 0.016 0.145 
   7   (0.109) 0.072 0.072 0.193 0.039 0.195 0.021 0.092 0.111 0.212 0.152 
   8   (0.028) 0.006 0.009 0.014 0.010 0.004 0.006 0.063 0.044 0.007 0.075 
   9   (0.012) 0.003 0.002 0.002 0.002 0.001 0.002 0.005 0.003 0.049 0.002 
  10   (0.038) 0.082 0.012 0.010 0.014 0.018 0.026 0.032 0.019 0.075 0.042 
  11   (0.093) 0.078 0.102 0.113 0.030 0.047 0.432 0.088 0.107 0.035 0.020 
  12   (0.027) 0.009 0.044 0.033 0.004 0.003 0.025 0.016 0.012 0.005 0.029 
  13   (0.063) 0.077 0.035 0.038 0.175 0.009 0.092 0.041 0.035 0.077 0.044 
  14   (0.024) 0.007 0.007 0.007 0.028 0.004 0.005 0.028 0.045 0.014 0.005 
  15   (0.015) 0.003 0.003 0.015 0.003 0.002 0.003 0.009 0.010 0.018 0.003 
  16   (0.015) 0.018 0.006 0.004 0.002 0.008 0.003 0.009 0.009 0.023 0.003 

Locus 9 : btms0062 
34 alleles
0.0% missing data
   1   (0.032) 0.066 0.025 0.008 0.006 0.022 0.085 0.027 0.022 0.026 0.008 
   2   (0.049) 0.040 0.029 0.020 0.269 0.025 0.108 0.058 0.051 0.042 0.013 
   3   (0.078) 0.045 0.125 0.280 0.078 0.031 0.073 0.085 0.076 0.033 0.050 
   4   (0.106) 0.073 0.089 0.039 0.024 0.197 0.052 0.142 0.143 0.258 0.219 
   5   (0.041) 0.035 0.265 0.072 0.009 0.055 0.013 0.035 0.023 0.041 0.010 
   6   (0.026) 0.008 0.029 0.038 0.018 0.011 0.006 0.025 0.021 0.013 0.006 
   7   (0.013) 0.003 0.012 0.008 0.003 0.002 0.003 0.009 0.006 0.005 0.002 
   8   (0.026) 0.007 0.018 0.050 0.009 0.003 0.006 0.035 0.058 0.006 0.004 
   9   (0.040) 0.015 0.043 0.016 0.018 0.042 0.019 0.098 0.125 0.029 0.020 
  10   (0.061) 0.047 0.088 0.022 0.018 0.013 0.044 0.052 0.060 0.061 0.071 
  11   (0.059) 0.210 0.035 0.030 0.017 0.341 0.013 0.051 0.063 0.127 0.030 
  12   (0.043) 0.048 0.012 0.039 0.356 0.020 0.008 0.042 0.021 0.067 0.027 
  13   (0.045) 0.067 0.017 0.066 0.009 0.014 0.025 0.030 0.043 0.127 0.016 
  14   (0.045) 0.029 0.022 0.060 0.011 0.009 0.011 0.047 0.058 0.012 0.291 
  15   (0.021) 0.011 0.006 0.086 0.005 0.004 0.004 0.016 0.035 0.007 0.005 
  16   (0.016) 0.014 0.007 0.012 0.003 0.097 0.003 0.008 0.005 0.004 0.008 
  17   (0.020) 0.005 0.005 0.004 0.010 0.003 0.169 0.012 0.006 0.013 0.003 
  18   (0.012) 0.009 0.003 0.003 0.003 0.008 0.003 0.008 0.005 0.028 0.002 
  19   (0.049) 0.018 0.028 0.015 0.064 0.007 0.088 0.049 0.036 0.020 0.095 
  20   (0.009) 0.001 0.002 0.002 0.001 0.001 0.038 0.004 0.002 0.002 0.001 
  21   (0.031) 0.010 0.032 0.016 0.031 0.006 0.047 0.035 0.039 0.017 0.006 
  22   (0.012) 0.007 0.005 0.016 0.002 0.001 0.120 0.005 0.005 0.002 0.002 
  23   (0.016) 0.003 0.008 0.003 0.003 0.002 0.026 0.008 0.004 0.003 0.002 
  24   (0.023) 0.005 0.033 0.007 0.008 0.004 0.005 0.021 0.037 0.005 0.009 
  25   (0.015) 0.005 0.007 0.003 0.003 0.002 0.009 0.013 0.006 0.004 0.003 
  26   (0.019) 0.177 0.016 0.005 0.004 0.014 0.005 0.014 0.012 0.013 0.028 
  27   (0.022) 0.026 0.011 0.019 0.004 0.044 0.004 0.011 0.013 0.015 0.008 
  28   (0.011) 0.002 0.002 0.034 0.001 0.001 0.002 0.005 0.002 0.002 0.002 
  29   (0.010) 0.002 0.011 0.002 0.006 0.011 0.004 0.008 0.003 0.002 0.002 
  30   (0.009) 0.002 0.002 0.002 0.002 0.001 0.001 0.013 0.002 0.002 0.030 
  31   (0.014) 0.003 0.010 0.015 0.003 0.002 0.003 0.008 0.006 0.003 0.002 
  32   (0.010) 0.003 0.003 0.003 0.002 0.004 0.002 0.005 0.003 0.009 0.002 
  33   (0.007) 0.001 0.002 0.002 0.002 0.001 0.001 0.006 0.006 0.002 0.001 
  34   (0.011) 0.002 0.002 0.006 0.002 0.002 0.002 0.016 0.004 0.002 0.021 

Locus 10 : btern02 
25 alleles
4.8% missing data
   1   (0.094) 0.162 0.035 0.200 0.125 0.244 0.138 0.103 0.165 0.067 0.032 
   2   (0.010) 0.002 0.002 0.002 0.002 0.001 0.017 0.004 0.003 0.002 0.001 
   3   (0.083) 0.036 0.155 0.110 0.135 0.033 0.026 0.090 0.093 0.156 0.024 
   4   (0.052) 0.101 0.019 0.020 0.073 0.009 0.014 0.064 0.038 0.162 0.088 
   5   (0.026) 0.011 0.032 0.013 0.017 0.035 0.010 0.026 0.017 0.025 0.006 
   6   (0.046) 0.070 0.147 0.031 0.016 0.087 0.014 0.043 0.029 0.020 0.019 
   7   (0.028) 0.008 0.012 0.019 0.011 0.004 0.005 0.019 0.017 0.038 0.152 
   8   (0.034) 0.024 0.052 0.040 0.010 0.013 0.115 0.021 0.017 0.011 0.006 
   9   (0.072) 0.134 0.054 0.205 0.030 0.036 0.063 0.047 0.045 0.120 0.041 
  10   (0.034) 0.014 0.110 0.009 0.146 0.007 0.007 0.032 0.029 0.013 0.006 
  11   (0.062) 0.028 0.058 0.103 0.084 0.015 0.016 0.072 0.096 0.024 0.066 
  12   (0.037) 0.014 0.014 0.016 0.122 0.018 0.145 0.026 0.021 0.010 0.006 
  13   (0.049) 0.049 0.021 0.023 0.018 0.017 0.059 0.038 0.056 0.061 0.061 
  14   (0.055) 0.064 0.014 0.017 0.022 0.018 0.181 0.054 0.059 0.037 0.125 
  15   (0.010) 0.001 0.002 0.002 0.001 0.224 0.002 0.004 0.002 0.002 0.001 
  16   (0.047) 0.016 0.044 0.021 0.017 0.010 0.047 0.076 0.079 0.014 0.048 
  17   (0.028) 0.030 0.030 0.012 0.007 0.014 0.006 0.056 0.017 0.014 0.049 
  18   (0.049) 0.029 0.038 0.028 0.061 0.011 0.011 0.067 0.066 0.026 0.181 
  19   (0.038) 0.096 0.035 0.040 0.019 0.103 0.007 0.028 0.031 0.053 0.009 
  20   (0.039) 0.060 0.035 0.035 0.013 0.006 0.045 0.035 0.043 0.072 0.008 
  21   (0.025) 0.006 0.014 0.014 0.030 0.005 0.036 0.030 0.020 0.006 0.007 
  22   (0.013) 0.003 0.004 0.004 0.013 0.002 0.012 0.010 0.005 0.003 0.005 
  23   (0.027) 0.022 0.011 0.020 0.014 0.010 0.017 0.029 0.036 0.038 0.005 
  24   (0.029) 0.012 0.058 0.014 0.006 0.076 0.006 0.017 0.012 0.016 0.049 
  25   (0.013) 0.009 0.005 0.003 0.004 0.002 0.002 0.008 0.005 0.011 0.005 

Locus 11 : btms0086 
3 alleles
0.0% missing data
   1   (0.838) 0.867 0.811 0.901 0.780 0.973 0.778 0.877 0.903 0.730 0.926 
   2   (0.141) 0.126 0.167 0.056 0.214 0.024 0.207 0.112 0.091 0.266 0.067 
   3   (0.021) 0.008 0.021 0.043 0.005 0.003 0.015 0.010 0.006 0.004 0.007 

Locus 12 : bl13 
3 alleles
0.0% missing data
   1   (0.069) 0.032 0.033 0.022 0.022 0.015 0.245 0.048 0.029 0.036 0.365 
   2   (0.834) 0.924 0.860 0.838 0.955 0.652 0.736 0.870 0.867 0.858 0.578 
   3   (0.097) 0.044 0.107 0.140 0.023 0.333 0.018 0.083 0.104 0.107 0.057 

Locus 13 : btms0059 
9 alleles
0.0% missing data
   1   (0.340) 0.388 0.376 0.592 0.154 0.449 0.350 0.281 0.342 0.335 0.291 
   2   (0.110) 0.082 0.085 0.058 0.276 0.260 0.110 0.166 0.262 0.034 0.018 
   3   (0.065) 0.022 0.023 0.053 0.022 0.026 0.135 0.076 0.042 0.036 0.108 
   4   (0.056) 0.021 0.032 0.024 0.017 0.011 0.044 0.049 0.038 0.115 0.021 
   5   (0.085) 0.052 0.157 0.077 0.050 0.029 0.035 0.090 0.075 0.032 0.039 
   6   (0.296) 0.404 0.303 0.179 0.467 0.213 0.315 0.278 0.181 0.435 0.516 
   7   (0.015) 0.005 0.004 0.003 0.010 0.005 0.003 0.034 0.035 0.003 0.002 
   8   (0.022) 0.017 0.018 0.012 0.004 0.006 0.006 0.020 0.017 0.008 0.004 
   9   (0.011) 0.009 0.003 0.002 0.002 0.002 0.003 0.005 0.007 0.002 0.002 

Values of parameters used in structure:
