

----------------------------------------------------
STRUCTURE by Pritchard, Stephens and Donnelly (2000)
     and Falush, Stephens and Pritchard (2003)
       Code by Pritchard, Falush and Hubisz
             Version 2.3.4 (Jul 2012)
----------------------------------------------------



Command line arguments:   bin/structure -m "/Users/johnmola/Desktop/rpbbfeb27/rpbbstructure/rpbb20k100k/mainparams" -e "/Users/johnmola/Desktop/rpbbfeb27/rpbbstructure/rpbb20k100k/extraparams" 
Input File:    /Users/johnmola/Desktop/rpbbfeb27/rpbbstructure/project_data

Run parameters:
   231 individuals
   13 loci
   6 populations assumed
   20000 Burn-in period
   100000 Reps


--------------------------------------------
Proportion of membership of each pre-defined
 population in each of the 6 clusters

Given    Inferred Clusters                            Number of
 Pop       1      2      3      4      5      6      Individuals

  1:     0.814  0.016  0.039  0.051  0.028  0.051       21
  2:     0.023  0.019  0.327  0.198  0.277  0.156        7
  3:     0.099  0.052  0.269  0.170  0.066  0.344        7
  4:     0.070  0.055  0.099  0.219  0.222  0.335        8
  5:     0.147  0.036  0.133  0.356  0.062  0.267        4
  6:     0.045  0.116  0.292  0.148  0.138  0.261       35
  7:     0.089  0.052  0.232  0.269  0.128  0.230       40
  8:     0.066  0.110  0.226  0.175  0.119  0.304       19
  9:     0.265  0.045  0.058  0.202  0.082  0.347        4
 10:     0.038  0.317  0.289  0.110  0.139  0.108       11
 11:     0.147  0.017  0.022  0.106  0.596  0.112        8
 12:     0.052  0.372  0.111  0.230  0.177  0.059       60
 13:     0.062  0.038  0.184  0.208  0.070  0.436        7
--------------------------------------------

Allele-freq. divergence among pops (Net nucleotide distance),
computed using point estimates of P.

      1       2       3       4       5       6      
 1      -    0.0351  0.0276  0.0215  0.0308  0.0307  
 2   0.0351     -    0.0304  0.0212  0.0282  0.0307  
 3   0.0276  0.0304     -    0.0174  0.0238  0.0228  
 4   0.0215  0.0212  0.0174     -    0.0112  0.0132  
 5   0.0308  0.0282  0.0238  0.0112     -    0.0201  
 6   0.0307  0.0307  0.0228  0.0132  0.0201     -    

Average distances (expected heterozygosity) between individuals in same cluster:
cluster  1  : 0.6873 
cluster  2  : 0.6804 
cluster  3  : 0.6920 
cluster  4  : 0.6856 
cluster  5  : 0.6698 
cluster  6  : 0.6816 

--------------------------------------------
Estimated Ln Prob of Data   = -10038.0
Mean value of ln likelihood = -9533.3
Variance of ln likelihood   = 1009.5
Mean value of alpha         = 0.0562

Mean value of Fst_1         = 0.0710
Mean value of Fst_2         = 0.0796
Mean value of Fst_3         = 0.0585
Mean value of Fst_4         = 0.0441
Mean value of Fst_5         = 0.0796
Mean value of Fst_6         = 0.0614


Inferred ancestry of individuals:
        Label (%Miss) Pop:  Inferred clusters
  1  BAFF014    (0)    1 :  0.945 0.006 0.012 0.011 0.009 0.016 
  2  BAFF379    (0)    2 :  0.016 0.016 0.056 0.430 0.384 0.098 
  3  BAFF212    (0)    3 :  0.028 0.076 0.501 0.242 0.082 0.072 
  4  BAFF018    (0)    4 :  0.011 0.028 0.029 0.337 0.568 0.027 
  5  BAFF247    (0)    4 :  0.011 0.019 0.052 0.765 0.065 0.088 
  6  BAFF024    (0)    5 :  0.024 0.047 0.271 0.041 0.029 0.588 
  7  BAFF088    (0)    6 :  0.012 0.035 0.827 0.061 0.043 0.022 
  8  BAFF429    (0)    6 :  0.022 0.023 0.279 0.165 0.076 0.435 
  9  BAFF087    (7)    7 :  0.012 0.007 0.959 0.008 0.007 0.006 
 10  BAFF225    (0)    7 :  0.043 0.018 0.447 0.177 0.026 0.290 
 11  BAFF195    (0)    8 :  0.038 0.012 0.073 0.070 0.702 0.104 
 12  BAFF238    (0)    9 :  0.125 0.037 0.050 0.119 0.041 0.628 
 13  BAFF019    (0)   10 :  0.030 0.829 0.071 0.023 0.033 0.014 
 14  BAFF175    (0)   10 :  0.014 0.193 0.233 0.283 0.101 0.176 
 15  BAFF156    (0)   11 :  0.005 0.007 0.006 0.008 0.969 0.006 
 16  BAFF301    (0)   11 :  0.874 0.023 0.024 0.022 0.016 0.041 
 17  BAFF141    (0)   12 :  0.361 0.014 0.012 0.508 0.096 0.008 
 18  BAFF302    (0)   12 :  0.025 0.059 0.029 0.197 0.062 0.627 
 19  BAFF290    (0)    1 :  0.878 0.013 0.017 0.052 0.014 0.025 
 20  BAFF498    (0)    6 :  0.268 0.070 0.096 0.206 0.185 0.175 
 21  BAFF455    (0)    7 :  0.028 0.037 0.780 0.052 0.029 0.074 
 22  BAFF203    (7)    8 :  0.011 0.014 0.868 0.055 0.026 0.028 
 23  BAFF056    (0)   12 :  0.025 0.824 0.012 0.100 0.009 0.030 
 24  BAFF327    (0)   12 :  0.072 0.307 0.042 0.325 0.227 0.027 
 25  BAFF255    (0)    1 :  0.950 0.008 0.009 0.014 0.008 0.011 
 26  BAFF256    (0)    1 :  0.955 0.012 0.011 0.008 0.006 0.008 
 27  BAFF257    (0)    1 :  0.966 0.006 0.009 0.007 0.005 0.007 
 28  BAFF260    (0)    1 :  0.949 0.008 0.016 0.009 0.006 0.012 
 29  BAFF259    (0)    1 :  0.945 0.018 0.009 0.008 0.010 0.009 
 30  BAFF261    (0)    1 :  0.953 0.009 0.010 0.012 0.009 0.007 
 31  BAFF274    (0)    1 :  0.868 0.016 0.028 0.041 0.019 0.028 
 32  BAFF262    (0)    1 :  0.927 0.009 0.028 0.016 0.010 0.010 
 33  BAFF294    (0)    1 :  0.940 0.008 0.028 0.008 0.007 0.009 
 34  BAFF292    (0)    1 :  0.769 0.012 0.009 0.020 0.015 0.176 
 35  BAFF296    (0)    1 :  0.813 0.015 0.009 0.023 0.016 0.125 
 36  BAFF295    (0)    1 :  0.890 0.014 0.023 0.031 0.011 0.031 
 37  BAFF298    (0)    1 :  0.918 0.016 0.014 0.019 0.014 0.020 
 38  BAFF299    (0)    1 :  0.940 0.024 0.012 0.007 0.009 0.008 
 39  BAFF375    (0)   13 :  0.023 0.012 0.015 0.016 0.010 0.924 
 40  BAFF376    (0)   13 :  0.021 0.035 0.064 0.031 0.014 0.836 
 41  BAFF377    (0)   13 :  0.022 0.009 0.011 0.012 0.009 0.936 
 42  BAFF022    (0)    5 :  0.310 0.015 0.037 0.368 0.063 0.207 
 43  BAFF021    (0)    5 :  0.215 0.044 0.071 0.517 0.039 0.113 
 44  BAFF499    (0)    6 :  0.009 0.853 0.018 0.040 0.023 0.057 
 45  BAFF204    (0)    8 :  0.010 0.049 0.039 0.507 0.097 0.298 
 46  BAFF068    (0)   12 :  0.066 0.859 0.010 0.036 0.015 0.014 
 47  BAFF336    (0)   12 :  0.016 0.501 0.040 0.079 0.345 0.018 
 48  BAFF447    (0)    7 :  0.010 0.016 0.034 0.444 0.117 0.380 
 49  BAFF457    (0)    7 :  0.031 0.010 0.012 0.324 0.099 0.523 
 50  BAFF448    (0)    7 :  0.075 0.010 0.470 0.247 0.134 0.064 
 51  BAFF465    (0)    7 :  0.016 0.013 0.895 0.032 0.027 0.018 
 52  BAFF194    (0)    8 :  0.042 0.013 0.053 0.050 0.045 0.797 
 53  BAFF199    (0)    8 :  0.025 0.026 0.028 0.385 0.365 0.170 
 54  BAFF500    (0)    6 :  0.341 0.105 0.147 0.217 0.021 0.168 
 55  BAFF206    (0)    8 :  0.057 0.100 0.215 0.401 0.035 0.192 
 56  BAFF069    (0)   12 :  0.010 0.913 0.019 0.017 0.024 0.016 
 57  BAFF330    (0)   12 :  0.019 0.025 0.699 0.051 0.187 0.018 
 58  BAFF239    (0)   10 :  0.032 0.748 0.029 0.100 0.081 0.010 
 59  BAFF241    (0)   10 :  0.040 0.900 0.014 0.019 0.016 0.011 
 60  BAFF157    (0)   11 :  0.006 0.008 0.009 0.009 0.957 0.012 
 61  BAFF161    (0)   11 :  0.005 0.008 0.007 0.007 0.966 0.007 
 62  BAFF160    (0)   11 :  0.005 0.007 0.010 0.008 0.961 0.009 
 63  BAFF008    (0)   12 :  0.044 0.121 0.650 0.126 0.031 0.028 
 64  BAFF013    (0)   12 :  0.014 0.014 0.861 0.050 0.039 0.022 
 65  BAFF407    (0)   12 :  0.012 0.921 0.018 0.015 0.022 0.011 
 66  BAFF503    (0)    6 :  0.007 0.707 0.135 0.021 0.113 0.018 
 67  BAFF449    (0)    7 :  0.014 0.049 0.654 0.252 0.017 0.014 
 68  BAFF207    (0)    8 :  0.017 0.637 0.097 0.086 0.008 0.155 
 69  BAFF070    (0)   12 :  0.010 0.930 0.015 0.020 0.012 0.013 
 70  BAFF335    (0)   12 :  0.013 0.214 0.027 0.474 0.257 0.014 
 71  BAFF507    (0)    6 :  0.048 0.008 0.017 0.057 0.052 0.819 
 72  BAFF450    (0)    7 :  0.192 0.050 0.047 0.157 0.297 0.258 
 73  BAFF209    (7)    8 :  0.043 0.039 0.211 0.128 0.069 0.511 
 74  BAFF072    (0)   12 :  0.011 0.087 0.023 0.309 0.558 0.013 
 75  BAFF339    (0)   12 :  0.016 0.495 0.020 0.174 0.046 0.250 
 76  BAFF508    (0)    6 :  0.052 0.015 0.018 0.122 0.775 0.019 
 77  BAFF451    (0)    7 :  0.013 0.028 0.081 0.422 0.027 0.428 
 78  BAFF210    (0)    8 :  0.087 0.438 0.180 0.091 0.019 0.184 
 79  BAFF139    (0)   12 :  0.063 0.017 0.035 0.354 0.080 0.452 
 80  BAFF341    (0)   12 :  0.025 0.041 0.100 0.413 0.262 0.159 
 81  BAFF509    (0)    6 :  0.046 0.036 0.817 0.046 0.012 0.042 
 82  BAFF453    (0)    7 :  0.011 0.187 0.152 0.072 0.033 0.545 
 83  BAFF389    (0)    8 :  0.052 0.009 0.025 0.023 0.139 0.753 
 84  BAFF163    (0)   12 :  0.004 0.955 0.013 0.006 0.015 0.007 
 85  BAFF344    (7)   12 :  0.010 0.450 0.037 0.254 0.183 0.066 
 86  BAFF510    (0)    6 :  0.013 0.037 0.298 0.089 0.163 0.400 
 87  BAFF456    (0)    7 :  0.021 0.038 0.014 0.308 0.030 0.590 
 88  BAFF390    (0)    8 :  0.008 0.008 0.016 0.008 0.010 0.951 
 89  BAFF142    (0)   12 :  0.435 0.099 0.014 0.353 0.087 0.012 
 90  BAFF363    (7)   12 :  0.008 0.920 0.013 0.013 0.037 0.008 
 91  BAFF517    (0)    6 :  0.008 0.031 0.022 0.145 0.034 0.761 
 92  BAFF458    (0)    7 :  0.083 0.061 0.276 0.363 0.140 0.078 
 93  BAFF391    (0)    8 :  0.265 0.292 0.032 0.312 0.061 0.037 
 94  BAFF149    (0)   12 :  0.014 0.165 0.013 0.505 0.263 0.041 
 95  BAFF366    (7)   12 :  0.012 0.117 0.008 0.532 0.158 0.173 
 96  BAFF512    (0)    6 :  0.195 0.040 0.173 0.310 0.120 0.162 
 97  BAFF460    (0)    7 :  0.017 0.030 0.013 0.689 0.154 0.096 
 98  BAFF138    (0)   12 :  0.036 0.210 0.010 0.460 0.268 0.016 
 99  BAFF374    (0)   12 :  0.040 0.218 0.652 0.017 0.049 0.023 
100  BAFF015    (0)    1 :  0.943 0.014 0.013 0.012 0.009 0.009 
101  BAFF380    (0)    2 :  0.017 0.046 0.305 0.061 0.543 0.027 
102  BAFF216    (0)    3 :  0.060 0.037 0.239 0.150 0.036 0.478 
103  BAFF017    (0)    4 :  0.021 0.025 0.016 0.063 0.033 0.842 
104  BAFF245    (0)    4 :  0.251 0.042 0.121 0.323 0.036 0.226 
105  BAFF378    (7)   13 :  0.279 0.015 0.054 0.373 0.120 0.160 
106  BAFF023    (0)    5 :  0.038 0.039 0.151 0.497 0.115 0.160 
107  BAFF079    (0)    6 :  0.046 0.051 0.182 0.130 0.046 0.545 
108  BAFF435    (0)    6 :  0.012 0.042 0.049 0.490 0.228 0.179 
109  BAFF174    (7)    7 :  0.009 0.060 0.157 0.047 0.037 0.690 
110  BAFF226    (0)    7 :  0.020 0.010 0.013 0.431 0.095 0.430 
111  BAFF190    (0)    8 :  0.020 0.100 0.642 0.101 0.119 0.018 
112  BAFF243    (0)    9 :  0.051 0.010 0.033 0.164 0.121 0.621 
113  BAFF177    (0)   10 :  0.030 0.011 0.796 0.041 0.028 0.094 
114  BAFF364    (7)   11 :  0.013 0.020 0.079 0.095 0.767 0.026 
115  BAFF305    (0)   12 :  0.035 0.198 0.024 0.428 0.269 0.045 
116  BAFF513    (0)    6 :  0.066 0.022 0.751 0.044 0.033 0.084 
117  BAFF462    (0)    7 :  0.547 0.087 0.224 0.071 0.050 0.020 
118  BAFF143    (0)   12 :  0.009 0.215 0.049 0.357 0.264 0.106 
119  BAFF403    (0)   12 :  0.008 0.954 0.010 0.009 0.011 0.008 
120  BAFF514    (0)    6 :  0.009 0.264 0.650 0.034 0.017 0.026 
121  BAFF463    (0)    7 :  0.007 0.006 0.964 0.007 0.009 0.007 
122  BAFF137    (0)   12 :  0.014 0.065 0.352 0.482 0.073 0.014 
123  BAFF404    (0)   12 :  0.014 0.932 0.010 0.012 0.020 0.011 
124  BAFF515    (0)    6 :  0.026 0.045 0.512 0.144 0.117 0.156 
125  BAFF144    (0)   12 :  0.014 0.068 0.246 0.107 0.538 0.026 
126  BAFF405    (7)   12 :  0.048 0.119 0.071 0.236 0.507 0.018 
127  BAFF518    (0)    6 :  0.017 0.669 0.013 0.226 0.044 0.031 
128  BAFF467    (0)    7 :  0.034 0.040 0.248 0.304 0.072 0.303 
129  BAFF145    (0)   12 :  0.069 0.016 0.034 0.185 0.664 0.032 
130  BAFF406    (0)   12 :  0.009 0.300 0.051 0.042 0.577 0.021 
131  BAFF519    (0)    6 :  0.016 0.018 0.094 0.207 0.056 0.610 
132  BAFF471    (0)    7 :  0.094 0.048 0.250 0.354 0.136 0.118 
133  BAFF136    (0)   12 :  0.006 0.820 0.052 0.057 0.026 0.038 
134  BAFF520    (7)    6 :  0.051 0.107 0.163 0.318 0.091 0.271 
135  BAFF472    (0)    7 :  0.045 0.055 0.335 0.203 0.243 0.120 
136  BAFF165    (0)   12 :  0.076 0.140 0.022 0.572 0.023 0.166 
137  BAFF408    (0)   12 :  0.044 0.192 0.018 0.408 0.318 0.020 
138  BAFF522    (0)    6 :  0.033 0.042 0.828 0.028 0.043 0.026 
139  BAFF475    (0)    7 :  0.010 0.046 0.061 0.172 0.065 0.645 
140  BAFF140    (0)   12 :  0.024 0.120 0.298 0.222 0.248 0.087 
141  BAFF409    (0)   12 :  0.117 0.782 0.057 0.017 0.014 0.013 
142  BAFF523    (0)    6 :  0.018 0.009 0.673 0.090 0.179 0.031 
143  BAFF476    (0)    7 :  0.011 0.028 0.015 0.097 0.308 0.541 
144  BAFF147    (0)   12 :  0.018 0.370 0.102 0.367 0.119 0.024 
145  BAFF410    (0)   12 :  0.020 0.787 0.011 0.095 0.024 0.063 
146  BAFF477    (0)    7 :  0.128 0.009 0.017 0.520 0.054 0.272 
147  BAFF411    (0)   12 :  0.602 0.125 0.016 0.094 0.124 0.039 
148  BAFF486    (7)    7 :  0.011 0.008 0.008 0.556 0.187 0.231 
149  BAFF412    (7)   12 :  0.070 0.715 0.129 0.035 0.025 0.025 
150  BAFF258    (0)    1 :  0.301 0.025 0.437 0.101 0.105 0.031 
151  BAFF392    (0)    2 :  0.006 0.007 0.903 0.007 0.065 0.012 
152  BAFF217    (0)    3 :  0.016 0.021 0.016 0.107 0.055 0.785 
153  BAFF016    (0)    4 :  0.006 0.038 0.019 0.026 0.204 0.708 
154  BAFF246    (0)    4 :  0.011 0.022 0.077 0.056 0.088 0.746 
155  BAFF381    (0)   13 :  0.013 0.054 0.030 0.704 0.062 0.136 
156  BAFF078    (0)    6 :  0.008 0.095 0.021 0.221 0.645 0.010 
157  BAFF481    (0)    6 :  0.039 0.080 0.089 0.529 0.102 0.162 
158  BAFF436    (0)    7 :  0.107 0.066 0.556 0.046 0.066 0.158 
159  BAFF191    (0)    8 :  0.014 0.021 0.164 0.048 0.015 0.738 
160  BAFF382    (0)    9 :  0.010 0.119 0.122 0.466 0.155 0.128 
161  BAFF178    (0)   10 :  0.010 0.050 0.810 0.017 0.012 0.102 
162  BAFF159    (7)   11 :  0.020 0.034 0.024 0.242 0.063 0.617 
163  BAFF365    (7)   11 :  0.249 0.028 0.018 0.461 0.070 0.174 
164  BAFF007    (0)   12 :  0.108 0.037 0.042 0.313 0.376 0.125 
165  BAFF304    (7)   12 :  0.016 0.137 0.015 0.451 0.358 0.024 
166  BAFF487    (0)    7 :  0.033 0.031 0.281 0.239 0.320 0.097 
167  BAFF415    (0)   12 :  0.083 0.623 0.046 0.163 0.045 0.040 
168  BAFF488    (0)    7 :  0.728 0.016 0.020 0.095 0.025 0.118 
169  BAFF417    (0)   12 :  0.017 0.498 0.044 0.288 0.130 0.024 
170  BAFF489    (0)    7 :  0.011 0.048 0.071 0.554 0.250 0.065 
171  BAFF426    (0)   12 :  0.023 0.906 0.027 0.022 0.008 0.014 
172  BAFF490    (7)    7 :  0.028 0.013 0.105 0.223 0.383 0.247 
173  BAFF491    (0)    7 :  0.062 0.010 0.303 0.325 0.213 0.088 
174  BAFF492    (0)    7 :  0.011 0.028 0.048 0.493 0.170 0.250 
175  BAFF493    (0)    7 :  0.621 0.043 0.152 0.103 0.045 0.036 
176  BAFF506    (0)    7 :  0.244 0.023 0.283 0.244 0.155 0.052 
177  BAFF393    (0)    2 :  0.028 0.014 0.017 0.181 0.701 0.058 
178  BAFF218    (0)    3 :  0.060 0.025 0.088 0.181 0.048 0.598 
179  BAFF254    (0)    4 :  0.041 0.013 0.023 0.147 0.761 0.015 
180  BAFF385    (0)   13 :  0.051 0.114 0.352 0.259 0.191 0.033 
181  BAFF076    (0)    6 :  0.014 0.013 0.938 0.010 0.016 0.010 
182  BAFF482    (0)    6 :  0.012 0.095 0.161 0.490 0.133 0.110 
183  BAFF437    (0)    7 :  0.056 0.030 0.032 0.664 0.015 0.203 
184  BAFF192    (0)    8 :  0.021 0.015 0.481 0.109 0.290 0.083 
185  BAFF383    (0)    9 :  0.876 0.016 0.025 0.058 0.012 0.013 
186  BAFF180    (0)   10 :  0.010 0.141 0.453 0.027 0.020 0.350 
187  BAFF048    (7)   12 :  0.090 0.020 0.154 0.052 0.654 0.030 
188  BAFF306    (0)   12 :  0.013 0.100 0.077 0.501 0.214 0.096 
189  BAFF394    (0)    2 :  0.060 0.030 0.064 0.096 0.170 0.581 
190  BAFF219    (0)    3 :  0.011 0.021 0.038 0.451 0.025 0.453 
191  BAFF388    (0)    4 :  0.212 0.251 0.452 0.039 0.022 0.025 
192  BAFF386    (7)   13 :  0.027 0.028 0.765 0.065 0.086 0.029 
193  BAFF084    (0)    6 :  0.011 0.009 0.011 0.061 0.886 0.023 
194  BAFF483    (0)    6 :  0.039 0.096 0.510 0.213 0.026 0.116 
195  BAFF438   (15)    7 :  0.019 0.072 0.086 0.318 0.463 0.042 
196  BAFF193    (0)    8 :  0.496 0.023 0.140 0.221 0.063 0.058 
197  BAFF183    (0)   10 :  0.185 0.157 0.053 0.143 0.132 0.329 
198  BAFF153    (0)   12 :  0.010 0.183 0.015 0.485 0.295 0.011 
199  BAFF307    (0)   12 :  0.014 0.048 0.034 0.321 0.554 0.030 
200  BAFF397    (0)    2 :  0.011 0.012 0.006 0.590 0.070 0.310 
201  BAFF220    (0)    3 :  0.009 0.009 0.908 0.019 0.046 0.010 
202  BAFF095    (0)    6 :  0.044 0.015 0.900 0.014 0.012 0.015 
203  BAFF494    (0)    6 :  0.008 0.026 0.671 0.138 0.102 0.055 
204  BAFF439    (0)    7 :  0.013 0.494 0.020 0.313 0.046 0.113 
205  BAFF182    (0)   10 :  0.031 0.173 0.629 0.041 0.085 0.041 
206  BAFF054    (0)   12 :  0.007 0.951 0.010 0.015 0.010 0.007 
207  BAFF308    (0)   12 :  0.021 0.092 0.026 0.615 0.225 0.019 
208  BAFF266    (0)    1 :  0.233 0.067 0.037 0.297 0.255 0.111 
209  BAFF398    (7)    2 :  0.020 0.006 0.942 0.017 0.008 0.007 
210  BAFF221    (0)    3 :  0.511 0.171 0.097 0.039 0.167 0.015 
211  BAFF090    (0)    6 :  0.025 0.353 0.109 0.136 0.348 0.028 
212  BAFF495    (0)    6 :  0.010 0.011 0.012 0.025 0.012 0.931 
213  BAFF459    (0)    7 :  0.009 0.014 0.016 0.084 0.053 0.823 
214  BAFF197    (0)    8 :  0.020 0.177 0.025 0.481 0.031 0.265 
215  BAFF188    (0)   10 :  0.028 0.268 0.025 0.449 0.200 0.030 
216  BAFF051    (0)   12 :  0.033 0.519 0.094 0.249 0.036 0.069 
217  BAFF309    (0)   12 :  0.017 0.017 0.170 0.485 0.190 0.120 
218  BAFF269    (0)    1 :  0.157 0.015 0.051 0.360 0.035 0.383 
219  BAFF077    (0)    6 :  0.012 0.013 0.007 0.014 0.046 0.908 
220  BAFF496    (0)    6 :  0.015 0.009 0.012 0.026 0.010 0.927 
221  BAFF443    (0)    7 :  0.128 0.171 0.087 0.438 0.081 0.095 
222  BAFF198    (0)    8 :  0.014 0.081 0.351 0.129 0.053 0.371 
223  BAFF053    (0)   12 :  0.025 0.198 0.011 0.516 0.217 0.033 
224  BAFF310    (0)   12 :  0.012 0.779 0.011 0.106 0.072 0.020 
225  BAFF282    (0)    1 :  0.866 0.015 0.042 0.024 0.019 0.034 
226  BAFF497    (0)    6 :  0.012 0.016 0.014 0.129 0.017 0.811 
227  BAFF466    (0)    7 :  0.018 0.056 0.084 0.302 0.448 0.092 
228  BAFF200    (7)    8 :  0.015 0.041 0.664 0.111 0.115 0.053 
229  BAFF240    (0)   10 :  0.014 0.012 0.066 0.064 0.818 0.026 
230  BAFF055    (0)   12 :  0.025 0.827 0.030 0.088 0.018 0.013 
231  BAFF311    (7)   12 :  0.025 0.007 0.912 0.015 0.027 0.013 


Estimated Allele Frequencies in each cluster
First column gives estimated ancestral frequencies


Locus 1 : btern01 
9 alleles
0.0% missing data
   1   (0.142) 0.121 0.052 0.150 0.145 0.153 0.180 
   2   (0.017) 0.027 0.004 0.004 0.008 0.005 0.005 
   3   (0.160) 0.076 0.109 0.125 0.212 0.163 0.234 
   4   (0.214) 0.207 0.172 0.196 0.215 0.244 0.209 
   5   (0.292) 0.418 0.339 0.187 0.337 0.355 0.214 
   6   (0.072) 0.034 0.296 0.057 0.042 0.026 0.070 
   7   (0.052) 0.082 0.020 0.224 0.019 0.032 0.014 
   8   (0.016) 0.028 0.002 0.003 0.006 0.003 0.009 
   9   (0.035) 0.007 0.007 0.054 0.016 0.019 0.065 

Locus 2 : bt28 
5 alleles
0.0% missing data
   1   (0.666) 0.759 0.718 0.585 0.691 0.693 0.703 
   2   (0.150) 0.167 0.108 0.187 0.133 0.073 0.142 
   3   (0.147) 0.053 0.167 0.220 0.151 0.218 0.081 
   4   (0.026) 0.008 0.005 0.005 0.022 0.014 0.072 
   5   (0.012) 0.014 0.002 0.002 0.003 0.002 0.002 

Locus 3 : b96 
8 alleles
0.9% missing data
   1   (0.326) 0.353 0.335 0.361 0.396 0.254 0.295 
   2   (0.485) 0.469 0.500 0.520 0.470 0.545 0.620 
   3   (0.043) 0.012 0.041 0.030 0.037 0.092 0.014 
   4   (0.015) 0.005 0.003 0.003 0.005 0.048 0.003 
   5   (0.049) 0.024 0.040 0.042 0.037 0.023 0.031 
   6   (0.028) 0.076 0.007 0.032 0.009 0.009 0.005 
   7   (0.039) 0.058 0.015 0.009 0.044 0.028 0.029 
   8   (0.014) 0.004 0.060 0.004 0.003 0.002 0.002 

Locus 4 : bt30 
12 alleles
0.9% missing data
   1   (0.114) 0.246 0.117 0.168 0.095 0.057 0.051 
   2   (0.281) 0.292 0.267 0.279 0.332 0.283 0.318 
   3   (0.072) 0.021 0.033 0.035 0.125 0.100 0.132 
   4   (0.187) 0.133 0.236 0.216 0.173 0.215 0.189 
   5   (0.013) 0.003 0.003 0.017 0.005 0.003 0.003 
   6   (0.098) 0.096 0.053 0.193 0.065 0.049 0.133 
   7   (0.034) 0.022 0.035 0.011 0.034 0.012 0.016 
   8   (0.051) 0.041 0.062 0.011 0.053 0.053 0.021 
   9   (0.110) 0.085 0.186 0.042 0.096 0.221 0.122 
  10   (0.013) 0.055 0.002 0.002 0.003 0.002 0.002 
  11   (0.017) 0.004 0.004 0.024 0.017 0.003 0.004 
  12   (0.010) 0.002 0.002 0.002 0.003 0.002 0.009 

Locus 5 : btms0081 
3 alleles
0.9% missing data
   1   (0.498) 0.594 0.309 0.607 0.488 0.561 0.474 
   2   (0.348) 0.224 0.461 0.278 0.387 0.356 0.383 
   3   (0.153) 0.182 0.230 0.115 0.125 0.083 0.143 

Locus 6 : btms0066 
24 alleles
0.0% missing data
   1   (0.269) 0.384 0.351 0.330 0.306 0.263 0.190 
   2   (0.018) 0.058 0.003 0.003 0.005 0.005 0.007 
   3   (0.035) 0.007 0.022 0.021 0.073 0.051 0.011 
   4   (0.147) 0.067 0.146 0.220 0.165 0.095 0.331 
   5   (0.093) 0.051 0.111 0.046 0.191 0.076 0.112 
   6   (0.052) 0.013 0.025 0.163 0.033 0.075 0.042 
   7   (0.022) 0.016 0.003 0.039 0.007 0.005 0.004 
   8   (0.053) 0.073 0.031 0.017 0.035 0.035 0.082 
   9   (0.020) 0.004 0.006 0.007 0.014 0.174 0.004 
  10   (0.031) 0.125 0.005 0.008 0.016 0.036 0.012 
  11   (0.019) 0.127 0.011 0.008 0.005 0.005 0.004 
  12   (0.030) 0.008 0.017 0.006 0.035 0.010 0.120 
  13   (0.026) 0.006 0.016 0.020 0.016 0.028 0.006 
  14   (0.020) 0.004 0.034 0.005 0.005 0.044 0.003 
  15   (0.018) 0.006 0.003 0.004 0.026 0.007 0.026 
  16   (0.030) 0.008 0.079 0.030 0.011 0.039 0.007 
  17   (0.024) 0.016 0.062 0.007 0.015 0.013 0.005 
  18   (0.011) 0.002 0.026 0.002 0.002 0.002 0.002 
  19   (0.014) 0.003 0.008 0.006 0.017 0.008 0.002 
  20   (0.023) 0.007 0.009 0.026 0.007 0.008 0.018 
  21   (0.016) 0.006 0.003 0.021 0.005 0.010 0.003 
  22   (0.009) 0.002 0.001 0.008 0.003 0.004 0.002 
  23   (0.011) 0.002 0.025 0.002 0.003 0.002 0.002 
  24   (0.011) 0.005 0.002 0.002 0.005 0.005 0.003 

Locus 7 : btms0083 
31 alleles
3.0% missing data
   1   (0.017) 0.186 0.003 0.004 0.004 0.004 0.003 
   2   (0.024) 0.096 0.005 0.006 0.020 0.018 0.004 
   3   (0.028) 0.006 0.007 0.059 0.014 0.073 0.009 
   4   (0.040) 0.051 0.011 0.038 0.039 0.042 0.015 
   5   (0.187) 0.222 0.251 0.334 0.218 0.209 0.147 
   6   (0.022) 0.008 0.006 0.026 0.012 0.015 0.009 
   7   (0.063) 0.027 0.162 0.023 0.088 0.085 0.047 
   8   (0.038) 0.022 0.026 0.012 0.102 0.030 0.027 
   9   (0.032) 0.008 0.007 0.054 0.035 0.013 0.038 
  10   (0.023) 0.007 0.016 0.104 0.011 0.008 0.007 
  11   (0.051) 0.016 0.010 0.020 0.059 0.212 0.129 
  12   (0.018) 0.036 0.004 0.007 0.007 0.004 0.009 
  13   (0.048) 0.011 0.076 0.022 0.056 0.040 0.093 
  14   (0.035) 0.009 0.007 0.013 0.078 0.029 0.082 
  15   (0.030) 0.021 0.007 0.025 0.013 0.012 0.050 
  16   (0.028) 0.037 0.005 0.064 0.017 0.018 0.009 
  17   (0.034) 0.068 0.007 0.013 0.017 0.010 0.161 
  18   (0.053) 0.043 0.108 0.050 0.041 0.030 0.023 
  19   (0.020) 0.011 0.094 0.005 0.010 0.005 0.004 
  20   (0.027) 0.006 0.064 0.008 0.041 0.030 0.008 
  21   (0.012) 0.028 0.002 0.002 0.003 0.002 0.002 
  22   (0.012) 0.024 0.003 0.002 0.003 0.003 0.003 
  23   (0.017) 0.019 0.003 0.004 0.010 0.004 0.011 
  24   (0.010) 0.003 0.012 0.002 0.002 0.002 0.002 
  25   (0.033) 0.007 0.009 0.070 0.041 0.019 0.010 
  26   (0.015) 0.003 0.003 0.005 0.005 0.006 0.057 
  27   (0.029) 0.006 0.053 0.011 0.021 0.018 0.022 
  28   (0.015) 0.005 0.003 0.006 0.009 0.047 0.005 
  29   (0.015) 0.006 0.003 0.006 0.009 0.008 0.005 
  30   (0.015) 0.003 0.033 0.003 0.006 0.003 0.003 
  31   (0.011) 0.004 0.002 0.003 0.006 0.002 0.005 

Locus 8 : b126 
16 alleles
0.0% missing data
   1   (0.041) 0.040 0.013 0.060 0.026 0.011 0.029 
   2   (0.046) 0.122 0.008 0.014 0.052 0.014 0.067 
   3   (0.317) 0.226 0.411 0.281 0.372 0.476 0.361 
   4   (0.031) 0.011 0.007 0.016 0.023 0.012 0.062 
   5   (0.073) 0.030 0.057 0.137 0.077 0.063 0.059 
   6   (0.064) 0.019 0.151 0.019 0.131 0.052 0.056 
   7   (0.101) 0.022 0.129 0.170 0.089 0.196 0.083 
   8   (0.029) 0.008 0.065 0.008 0.013 0.010 0.038 
   9   (0.012) 0.002 0.002 0.032 0.003 0.002 0.002 
  10   (0.041) 0.026 0.041 0.092 0.014 0.015 0.025 
  11   (0.094) 0.354 0.034 0.039 0.094 0.110 0.069 
  12   (0.030) 0.036 0.026 0.007 0.031 0.010 0.010 
  13   (0.069) 0.093 0.045 0.074 0.045 0.017 0.080 
  14   (0.020) 0.004 0.004 0.010 0.009 0.005 0.049 
  15   (0.015) 0.003 0.004 0.017 0.015 0.003 0.004 
  16   (0.017) 0.003 0.003 0.024 0.007 0.004 0.006 

Locus 9 : btms0062 
34 alleles
0.0% missing data
   1   (0.031) 0.074 0.007 0.044 0.018 0.041 0.009 
   2   (0.049) 0.096 0.014 0.041 0.031 0.027 0.145 
   3   (0.084) 0.109 0.082 0.038 0.160 0.134 0.051 
   4   (0.097) 0.058 0.172 0.205 0.093 0.132 0.084 
   5   (0.050) 0.029 0.016 0.054 0.115 0.114 0.029 
   6   (0.028) 0.009 0.007 0.011 0.024 0.029 0.029 
   7   (0.013) 0.003 0.002 0.004 0.015 0.004 0.004 
   8   (0.020) 0.007 0.005 0.005 0.056 0.005 0.034 
   9   (0.042) 0.021 0.015 0.031 0.021 0.066 0.096 
  10   (0.056) 0.048 0.058 0.067 0.051 0.021 0.053 
  11   (0.065) 0.024 0.049 0.137 0.052 0.151 0.053 
  12   (0.045) 0.011 0.039 0.077 0.025 0.017 0.153 
  13   (0.048) 0.030 0.022 0.110 0.039 0.025 0.028 
  14   (0.041) 0.013 0.234 0.013 0.040 0.020 0.040 
  15   (0.020) 0.004 0.019 0.008 0.054 0.025 0.006 
  16   (0.017) 0.004 0.016 0.003 0.009 0.041 0.003 
  17   (0.019) 0.133 0.003 0.011 0.005 0.004 0.005 
  18   (0.016) 0.003 0.003 0.026 0.004 0.004 0.006 
  19   (0.044) 0.077 0.080 0.019 0.028 0.011 0.049 
  20   (0.011) 0.028 0.002 0.002 0.002 0.002 0.002 
  21   (0.031) 0.051 0.006 0.021 0.025 0.013 0.036 
  22   (0.015) 0.090 0.004 0.003 0.013 0.003 0.003 
  23   (0.012) 0.024 0.002 0.003 0.004 0.002 0.002 
  24   (0.018) 0.004 0.007 0.005 0.020 0.006 0.033 
  25   (0.013) 0.012 0.003 0.004 0.008 0.003 0.005 
  26   (0.029) 0.016 0.065 0.028 0.021 0.027 0.016 
  27   (0.020) 0.004 0.010 0.012 0.020 0.034 0.004 
  28   (0.011) 0.002 0.006 0.002 0.011 0.008 0.002 
  29   (0.011) 0.005 0.002 0.002 0.005 0.016 0.004 
  30   (0.011) 0.002 0.026 0.002 0.002 0.002 0.002 
  31   (0.010) 0.002 0.002 0.002 0.016 0.004 0.003 
  32   (0.008) 0.002 0.001 0.006 0.003 0.005 0.002 
  33   (0.008) 0.004 0.001 0.002 0.005 0.002 0.005 
  34   (0.009) 0.002 0.021 0.002 0.004 0.003 0.002 

Locus 10 : btern02 
25 alleles
4.8% missing data
   1   (0.100) 0.128 0.077 0.087 0.083 0.162 0.168 
   2   (0.011) 0.014 0.002 0.002 0.002 0.002 0.002 
   3   (0.078) 0.028 0.026 0.122 0.124 0.087 0.114 
   4   (0.050) 0.017 0.086 0.141 0.033 0.012 0.051 
   5   (0.026) 0.014 0.007 0.023 0.025 0.033 0.011 
   6   (0.045) 0.024 0.019 0.037 0.059 0.130 0.027 
   7   (0.031) 0.007 0.119 0.030 0.025 0.007 0.010 
   8   (0.039) 0.090 0.009 0.017 0.035 0.034 0.020 
   9   (0.074) 0.092 0.073 0.106 0.109 0.072 0.026 
  10   (0.028) 0.007 0.006 0.013 0.057 0.022 0.082 
  11   (0.056) 0.022 0.079 0.023 0.093 0.041 0.086 
  12   (0.037) 0.119 0.008 0.012 0.022 0.021 0.049 
  13   (0.050) 0.051 0.045 0.068 0.031 0.013 0.046 
  14   (0.051) 0.143 0.115 0.039 0.023 0.014 0.049 
  15   (0.011) 0.002 0.002 0.002 0.002 0.082 0.002 
  16   (0.048) 0.054 0.045 0.019 0.051 0.020 0.049 
  17   (0.029) 0.008 0.048 0.023 0.022 0.031 0.015 
  18   (0.044) 0.012 0.153 0.024 0.032 0.022 0.082 
  19   (0.040) 0.008 0.014 0.077 0.053 0.070 0.016 
  20   (0.041) 0.053 0.009 0.065 0.040 0.010 0.038 
  21   (0.023) 0.050 0.008 0.005 0.021 0.009 0.012 
  22   (0.013) 0.018 0.005 0.003 0.006 0.003 0.004 
  23   (0.034) 0.030 0.007 0.032 0.029 0.015 0.031 
  24   (0.029) 0.007 0.035 0.017 0.017 0.084 0.006 
  25   (0.012) 0.003 0.004 0.014 0.005 0.003 0.005 

Locus 11 : btms0086 
3 alleles
0.0% missing data
   1   (0.837) 0.786 0.921 0.775 0.857 0.936 0.850 
   2   (0.140) 0.187 0.067 0.221 0.121 0.056 0.146 
   3   (0.023) 0.027 0.012 0.004 0.023 0.009 0.004 

Locus 12 : bl13 
3 alleles
0.0% missing data
   1   (0.074) 0.191 0.272 0.043 0.036 0.023 0.026 
   2   (0.826) 0.788 0.666 0.848 0.878 0.777 0.884 
   3   (0.100) 0.021 0.062 0.108 0.087 0.200 0.090 

Locus 13 : btms0059 
9 alleles
0.0% missing data
   1   (0.344) 0.375 0.324 0.341 0.422 0.446 0.257 
   2   (0.103) 0.124 0.021 0.046 0.091 0.154 0.285 
   3   (0.066) 0.110 0.095 0.037 0.044 0.046 0.025 
   4   (0.054) 0.045 0.020 0.089 0.040 0.019 0.028 
   5   (0.079) 0.036 0.050 0.039 0.117 0.075 0.075 
   6   (0.304) 0.295 0.479 0.428 0.252 0.237 0.281 
   7   (0.015) 0.003 0.002 0.003 0.006 0.007 0.035 
   8   (0.024) 0.007 0.005 0.014 0.024 0.014 0.009 
   9   (0.011) 0.004 0.003 0.002 0.004 0.003 0.005 

Values of parameters used in structure:
DATAFILE=/Users/johnmola/Desktop/rpbbfeb27/rpbbstructure/project_data,	OUTFILE=/Users/johnmola/Desktop/rpbbfeb27/rpbbstructure/rpbb20k100k/Results/rpbb20k100k_run_53,	NUMINDS=231,	NUMLOCI=13,	MISSING=-9,	LABEL=1,	POPDATA=1,	POPFLAG=0,	PHENOTYPE=0,	EXTRACOLS=0,	MAXPOPS=6,	BURNIN=20000,	NUMREPS=100000,	USEPOPINFO=0,	INFERALPHA=1,	INFERLAMBDA=0,	POPSPECIFICLAMBDA=0,	POPALPHAS=0,	COMPUTEPROB=1,	NOADMIX=0,	ADMBURNIN=2500,	UPDATEFREQ=1,	PRINTLIKES=0,	INTERMEDSAVE=0,	PRINTKLD=0,	PRINTNET=0,	PRINTLAMBDA=0,	ANCESTDIST=0,	NUMBOXES=1000,	ANCESTPINT=0.90000,	GENSBACK=2,	MIGRPRIOR=0.05000,	PRINTQHAT=0,	PRINTQSUM=0,	ALPHA=1.0000,	FREQSCORR=1,	FPRIORMEAN=0.0100,	FPRIORSD=0.0500,	ONEFST=0,	LAMBDA=1.0000,	UNIFPRIORALPHA=1,	ALPHAMAX=10.0000,	ALPHAPRIORA=1.0000,	ALPHAPRIORB=2.0000,	ALPHAPROPSD=0.0250,	STARTATPOPINFO=0,	RANDOMIZE=1,	LINKAGE=0,	METROFREQ=10,	REPORTHITRATE=0,	MARKOVPHASE=-1,	PHASED=0,	PLOIDY=2,	PHASEINFO=0	LOCPRIOR=0, 	LOCPRIORINIT=1.000000, 	LOCDATA=0, 	LOCISPOP=0, 	LOCPRIORSTEP=0.100000, 	MAXLOCPRIOR=20.000000, 	SEED=1677520205,	
[STRAT parameters]:    NUMSIMSTATS=1000,	PHENOTYPECOL=-9,	POOLFREQ=10,	LOCUSxONLY=0,	EMERROR=0.00100,	MISSINGPHENO=-9,	