

----------------------------------------------------
STRUCTURE by Pritchard, Stephens and Donnelly (2000)
     and Falush, Stephens and Pritchard (2003)
       Code by Pritchard, Falush and Hubisz
             Version 2.3.4 (Jul 2012)
----------------------------------------------------



Command line arguments:   bin/structure -m "/Users/johnmola/Desktop/rpbbfeb27/rpbbstructure/rpbb20k100k/mainparams" -e "/Users/johnmola/Desktop/rpbbfeb27/rpbbstructure/rpbb20k100k/extraparams" 
Input File:    /Users/johnmola/Desktop/rpbbfeb27/rpbbstructure/project_data

Run parameters:
   231 individuals
   13 loci
   6 populations assumed
   20000 Burn-in period
   100000 Reps


--------------------------------------------
Proportion of membership of each pre-defined
 population in each of the 6 clusters

Given    Inferred Clusters                            Number of
 Pop       1      2      3      4      5      6      Individuals

  1:     0.818  0.064  0.016  0.021  0.039  0.042       21
  2:     0.020  0.219  0.017  0.271  0.336  0.136        7
  3:     0.102  0.221  0.044  0.061  0.260  0.312        7
  4:     0.068  0.196  0.061  0.234  0.092  0.349        8
  5:     0.194  0.347  0.034  0.061  0.117  0.247        4
  6:     0.043  0.173  0.118  0.125  0.285  0.254       35
  7:     0.089  0.354  0.048  0.105  0.227  0.177       40
  8:     0.064  0.184  0.116  0.114  0.227  0.296       19
  9:     0.263  0.270  0.042  0.061  0.047  0.317        4
 10:     0.037  0.089  0.300  0.175  0.274  0.124       11
 11:     0.150  0.131  0.016  0.584  0.025  0.094        8
 12:     0.054  0.164  0.352  0.264  0.114  0.051       60
 13:     0.055  0.255  0.033  0.059  0.184  0.413        7
--------------------------------------------

Allele-freq. divergence among pops (Net nucleotide distance),
computed using point estimates of P.

      1       2       3       4       5       6      
 1      -    0.0217  0.0360  0.0299  0.0271  0.0323  
 2   0.0217     -    0.0249  0.0120  0.0168  0.0143  
 3   0.0360  0.0249     -    0.0279  0.0310  0.0331  
 4   0.0299  0.0120  0.0279     -    0.0249  0.0236  
 5   0.0271  0.0168  0.0310  0.0249     -    0.0240  
 6   0.0323  0.0143  0.0331  0.0236  0.0240     -    

Average distances (expected heterozygosity) between individuals in same cluster:
cluster  1  : 0.6868 
cluster  2  : 0.6853 
cluster  3  : 0.6794 
cluster  4  : 0.6699 
cluster  5  : 0.6922 
cluster  6  : 0.6789 

--------------------------------------------
Estimated Ln Prob of Data   = -9995.6
Mean value of ln likelihood = -9532.3
Variance of ln likelihood   = 926.5
Mean value of alpha         = 0.0536

Mean value of Fst_1         = 0.0704
Mean value of Fst_2         = 0.0402
Mean value of Fst_3         = 0.0801
Mean value of Fst_4         = 0.0696
Mean value of Fst_5         = 0.0566
Mean value of Fst_6         = 0.0652


Inferred ancestry of individuals:
        Label (%Miss) Pop:  Inferred clusters
  1  BAFF014    (0)    1 :  0.944 0.012 0.006 0.008 0.012 0.017 
  2  BAFF379    (0)    2 :  0.014 0.377 0.011 0.486 0.045 0.067 
  3  BAFF212    (0)    3 :  0.028 0.302 0.063 0.060 0.501 0.046 
  4  BAFF018    (0)    4 :  0.011 0.234 0.018 0.708 0.018 0.012 
  5  BAFF247    (0)    4 :  0.009 0.828 0.015 0.073 0.045 0.030 
  6  BAFF024    (0)    5 :  0.023 0.049 0.042 0.017 0.231 0.638 
  7  BAFF088    (0)    6 :  0.013 0.062 0.032 0.038 0.836 0.020 
  8  BAFF429    (0)    6 :  0.020 0.153 0.016 0.099 0.241 0.471 
  9  BAFF087    (7)    7 :  0.009 0.008 0.007 0.006 0.963 0.007 
 10  BAFF225    (0)    7 :  0.041 0.270 0.019 0.017 0.427 0.226 
 11  BAFF195    (0)    8 :  0.033 0.054 0.010 0.757 0.055 0.091 
 12  BAFF238    (0)    9 :  0.115 0.135 0.041 0.039 0.047 0.623 
 13  BAFF019    (0)   10 :  0.025 0.017 0.854 0.028 0.060 0.015 
 14  BAFF175    (0)   10 :  0.013 0.243 0.125 0.178 0.231 0.209 
 15  BAFF156    (0)   11 :  0.005 0.006 0.006 0.972 0.006 0.005 
 16  BAFF301    (0)   11 :  0.880 0.021 0.022 0.014 0.021 0.043 
 17  BAFF141    (0)   12 :  0.454 0.347 0.010 0.171 0.012 0.007 
 18  BAFF302    (0)   12 :  0.028 0.313 0.061 0.030 0.029 0.539 
 19  BAFF290    (0)    1 :  0.894 0.035 0.013 0.015 0.017 0.025 
 20  BAFF498    (0)    6 :  0.293 0.273 0.074 0.095 0.071 0.193 
 21  BAFF455    (0)    7 :  0.026 0.051 0.036 0.033 0.771 0.084 
 22  BAFF203    (7)    8 :  0.010 0.050 0.011 0.024 0.883 0.021 
 23  BAFF056    (0)   12 :  0.020 0.057 0.889 0.008 0.010 0.017 
 24  BAFF327    (0)   12 :  0.091 0.138 0.263 0.442 0.038 0.029 
 25  BAFF255    (0)    1 :  0.950 0.014 0.008 0.008 0.009 0.011 
 26  BAFF256    (0)    1 :  0.956 0.008 0.012 0.006 0.010 0.008 
 27  BAFF257    (0)    1 :  0.967 0.007 0.006 0.006 0.008 0.007 
 28  BAFF260    (0)    1 :  0.949 0.009 0.008 0.006 0.016 0.013 
 29  BAFF259    (0)    1 :  0.949 0.008 0.016 0.009 0.008 0.009 
 30  BAFF261    (0)    1 :  0.952 0.014 0.008 0.009 0.009 0.008 
 31  BAFF274    (0)    1 :  0.877 0.046 0.015 0.018 0.023 0.021 
 32  BAFF262    (0)    1 :  0.931 0.011 0.009 0.011 0.029 0.009 
 33  BAFF294    (0)    1 :  0.942 0.008 0.008 0.007 0.027 0.008 
 34  BAFF292    (0)    1 :  0.770 0.015 0.011 0.015 0.009 0.180 
 35  BAFF296    (0)    1 :  0.815 0.024 0.014 0.015 0.008 0.124 
 36  BAFF295    (0)    1 :  0.891 0.028 0.013 0.012 0.025 0.031 
 37  BAFF298    (0)    1 :  0.923 0.019 0.015 0.011 0.013 0.018 
 38  BAFF299    (0)    1 :  0.943 0.006 0.024 0.008 0.012 0.008 
 39  BAFF375    (0)   13 :  0.019 0.017 0.011 0.010 0.014 0.930 
 40  BAFF376    (0)   13 :  0.017 0.030 0.029 0.013 0.054 0.858 
 41  BAFF377    (0)   13 :  0.016 0.014 0.008 0.009 0.009 0.942 
 42  BAFF022    (0)    5 :  0.409 0.276 0.015 0.090 0.042 0.169 
 43  BAFF021    (0)    5 :  0.304 0.343 0.037 0.098 0.106 0.112 
 44  BAFF499    (0)    6 :  0.009 0.035 0.864 0.029 0.015 0.047 
 45  BAFF204    (0)    8 :  0.011 0.750 0.047 0.069 0.028 0.096 
 46  BAFF068    (0)   12 :  0.061 0.028 0.873 0.016 0.009 0.012 
 47  BAFF336    (0)   12 :  0.015 0.054 0.498 0.375 0.039 0.018 
 48  BAFF447    (0)    7 :  0.008 0.767 0.013 0.051 0.028 0.133 
 49  BAFF457    (0)    7 :  0.031 0.629 0.009 0.054 0.011 0.266 
 50  BAFF448    (0)    7 :  0.077 0.293 0.009 0.108 0.466 0.046 
 51  BAFF465    (0)    7 :  0.015 0.041 0.013 0.021 0.895 0.015 
 52  BAFF194    (0)    8 :  0.043 0.072 0.013 0.023 0.057 0.792 
 53  BAFF199    (0)    8 :  0.025 0.440 0.029 0.366 0.025 0.115 
 54  BAFF500    (0)    6 :  0.296 0.279 0.109 0.013 0.138 0.165 
 55  BAFF206    (0)    8 :  0.066 0.285 0.063 0.065 0.315 0.205 
 56  BAFF069    (0)   12 :  0.010 0.015 0.926 0.020 0.015 0.013 
 57  BAFF330    (0)   12 :  0.018 0.044 0.023 0.164 0.734 0.018 
 58  BAFF239    (0)   10 :  0.021 0.041 0.746 0.152 0.028 0.013 
 59  BAFF241    (0)   10 :  0.029 0.011 0.890 0.048 0.012 0.011 
 60  BAFF157    (0)   11 :  0.006 0.008 0.008 0.959 0.008 0.011 
 61  BAFF161    (0)   11 :  0.005 0.007 0.007 0.964 0.008 0.008 
 62  BAFF160    (0)   11 :  0.005 0.008 0.006 0.962 0.010 0.009 
 63  BAFF008    (0)   12 :  0.043 0.153 0.123 0.023 0.636 0.022 
 64  BAFF013    (0)   12 :  0.013 0.028 0.014 0.040 0.885 0.020 
 65  BAFF407    (0)   12 :  0.010 0.014 0.927 0.025 0.014 0.010 
 66  BAFF503    (0)    6 :  0.007 0.022 0.816 0.032 0.103 0.020 
 67  BAFF449    (0)    7 :  0.014 0.100 0.032 0.028 0.814 0.012 
 68  BAFF207    (0)    8 :  0.017 0.049 0.704 0.008 0.060 0.162 
 69  BAFF070    (0)   12 :  0.009 0.016 0.932 0.016 0.014 0.013 
 70  BAFF335    (0)   12 :  0.015 0.241 0.082 0.607 0.041 0.014 
 71  BAFF507    (0)    6 :  0.041 0.062 0.008 0.015 0.014 0.860 
 72  BAFF450    (0)    7 :  0.195 0.180 0.041 0.293 0.046 0.245 
 73  BAFF209    (7)    8 :  0.041 0.072 0.031 0.059 0.253 0.544 
 74  BAFF072    (0)   12 :  0.010 0.120 0.047 0.786 0.026 0.011 
 75  BAFF339    (0)   12 :  0.016 0.164 0.486 0.049 0.018 0.267 
 76  BAFF508    (0)    6 :  0.050 0.128 0.013 0.775 0.016 0.018 
 77  BAFF451    (0)    7 :  0.012 0.642 0.023 0.022 0.071 0.230 
 78  BAFF210    (0)    8 :  0.093 0.091 0.493 0.016 0.144 0.163 
 79  BAFF139    (0)   12 :  0.059 0.562 0.015 0.061 0.032 0.270 
 80  BAFF341    (0)   12 :  0.028 0.478 0.032 0.270 0.083 0.111 
 81  BAFF509    (0)    6 :  0.041 0.030 0.037 0.014 0.828 0.050 
 82  BAFF453    (0)    7 :  0.011 0.061 0.167 0.029 0.123 0.609 
 83  BAFF389    (0)    8 :  0.028 0.009 0.007 0.051 0.019 0.886 
 84  BAFF163    (0)   12 :  0.004 0.006 0.954 0.007 0.016 0.012 
 85  BAFF344    (7)   12 :  0.011 0.088 0.443 0.343 0.040 0.075 
 86  BAFF510    (0)    6 :  0.012 0.100 0.038 0.163 0.277 0.410 
 87  BAFF456    (0)    7 :  0.021 0.539 0.036 0.025 0.012 0.367 
 88  BAFF390    (0)    8 :  0.007 0.008 0.006 0.006 0.008 0.965 
 89  BAFF142    (0)   12 :  0.511 0.234 0.112 0.118 0.014 0.010 
 90  BAFF363    (7)   12 :  0.007 0.010 0.922 0.039 0.012 0.010 
 91  BAFF517    (0)    6 :  0.008 0.172 0.027 0.023 0.018 0.751 
 92  BAFF458    (0)    7 :  0.089 0.452 0.059 0.110 0.240 0.050 
 93  BAFF391    (0)    8 :  0.218 0.246 0.401 0.064 0.033 0.037 
 94  BAFF149    (0)   12 :  0.014 0.299 0.058 0.576 0.013 0.041 
 95  BAFF366    (7)   12 :  0.013 0.422 0.027 0.398 0.009 0.131 
 96  BAFF512    (0)    6 :  0.185 0.435 0.048 0.055 0.157 0.119 
 97  BAFF460    (0)    7 :  0.019 0.672 0.021 0.228 0.013 0.046 
 98  BAFF138    (0)   12 :  0.043 0.242 0.072 0.619 0.010 0.014 
 99  BAFF374    (0)   12 :  0.036 0.013 0.249 0.042 0.635 0.025 
100  BAFF015    (0)    1 :  0.942 0.012 0.014 0.009 0.013 0.010 
101  BAFF380    (0)    2 :  0.016 0.057 0.048 0.496 0.343 0.041 
102  BAFF216    (0)    3 :  0.052 0.229 0.032 0.023 0.176 0.489 
103  BAFF017    (0)    4 :  0.014 0.026 0.022 0.006 0.009 0.922 
104  BAFF245    (0)    4 :  0.288 0.258 0.039 0.045 0.150 0.220 
105  BAFF378    (7)   13 :  0.240 0.588 0.012 0.058 0.043 0.059 
106  BAFF023    (0)    5 :  0.040 0.718 0.041 0.040 0.091 0.070 
107  BAFF079    (0)    6 :  0.043 0.107 0.048 0.047 0.186 0.569 
108  BAFF435    (0)    6 :  0.011 0.788 0.028 0.103 0.040 0.029 
109  BAFF174    (7)    7 :  0.009 0.044 0.049 0.027 0.094 0.777 
110  BAFF226    (0)    7 :  0.017 0.714 0.009 0.026 0.011 0.223 
111  BAFF190    (0)    8 :  0.019 0.079 0.082 0.101 0.703 0.015 
112  BAFF243    (0)    9 :  0.041 0.206 0.008 0.114 0.023 0.607 
113  BAFF177    (0)   10 :  0.030 0.027 0.011 0.032 0.777 0.123 
114  BAFF364    (7)   11 :  0.014 0.144 0.022 0.686 0.107 0.027 
115  BAFF305    (0)   12 :  0.031 0.211 0.080 0.596 0.029 0.053 
116  BAFF513    (0)    6 :  0.063 0.054 0.020 0.023 0.758 0.082 
117  BAFF462    (0)    7 :  0.591 0.092 0.086 0.041 0.172 0.018 
118  BAFF143    (0)   12 :  0.009 0.213 0.135 0.493 0.045 0.105 
119  BAFF403    (0)   12 :  0.008 0.008 0.956 0.010 0.010 0.008 
120  BAFF514    (0)    6 :  0.009 0.038 0.315 0.019 0.592 0.027 
121  BAFF463    (0)    7 :  0.007 0.008 0.005 0.006 0.967 0.007 
122  BAFF137    (0)   12 :  0.014 0.254 0.014 0.179 0.527 0.011 
123  BAFF404    (0)   12 :  0.013 0.011 0.936 0.020 0.009 0.010 
124  BAFF515    (0)    6 :  0.024 0.170 0.038 0.101 0.476 0.191 
125  BAFF144    (0)   12 :  0.015 0.097 0.064 0.561 0.238 0.025 
126  BAFF405    (7)   12 :  0.044 0.103 0.036 0.737 0.060 0.020 
127  BAFF518    (0)    6 :  0.019 0.188 0.687 0.061 0.013 0.032 
128  BAFF467    (0)    7 :  0.028 0.437 0.043 0.039 0.231 0.222 
129  BAFF145    (0)   12 :  0.052 0.107 0.012 0.777 0.030 0.022 
130  BAFF406    (0)   12 :  0.009 0.025 0.251 0.648 0.045 0.022 
131  BAFF519    (0)    6 :  0.016 0.248 0.017 0.047 0.072 0.599 
132  BAFF471    (0)    7 :  0.086 0.347 0.037 0.185 0.238 0.107 
133  BAFF136    (0)   12 :  0.006 0.016 0.849 0.039 0.047 0.043 
134  BAFF520    (7)    6 :  0.054 0.411 0.105 0.062 0.133 0.235 
135  BAFF472    (0)    7 :  0.044 0.250 0.050 0.225 0.327 0.104 
136  BAFF165    (0)   12 :  0.088 0.556 0.126 0.058 0.021 0.150 
137  BAFF408    (0)   12 :  0.049 0.214 0.083 0.617 0.018 0.018 
138  BAFF522    (0)    6 :  0.028 0.024 0.042 0.032 0.846 0.028 
139  BAFF475    (0)    7 :  0.010 0.236 0.050 0.054 0.060 0.590 
140  BAFF140    (0)   12 :  0.023 0.090 0.051 0.446 0.295 0.095 
141  BAFF409    (0)   12 :  0.108 0.014 0.800 0.015 0.051 0.013 
142  BAFF523    (0)    6 :  0.015 0.095 0.009 0.094 0.756 0.030 
143  BAFF476    (0)    7 :  0.012 0.118 0.032 0.206 0.013 0.619 
144  BAFF147    (0)   12 :  0.017 0.158 0.331 0.282 0.183 0.029 
145  BAFF410    (0)   12 :  0.022 0.047 0.813 0.036 0.011 0.072 
146  BAFF477    (0)    7 :  0.102 0.744 0.008 0.035 0.016 0.096 
147  BAFF411    (0)   12 :  0.614 0.086 0.088 0.164 0.014 0.034 
148  BAFF486    (7)    7 :  0.009 0.887 0.007 0.061 0.008 0.027 
149  BAFF412    (7)   12 :  0.059 0.032 0.767 0.020 0.095 0.027 
150  BAFF258    (0)    1 :  0.324 0.130 0.032 0.050 0.441 0.023 
151  BAFF392    (0)    2 :  0.006 0.006 0.006 0.012 0.955 0.015 
152  BAFF217    (0)    3 :  0.015 0.114 0.020 0.049 0.015 0.787 
153  BAFF016    (0)    4 :  0.006 0.024 0.028 0.170 0.012 0.760 
154  BAFF246    (0)    4 :  0.010 0.070 0.020 0.031 0.059 0.809 
155  BAFF381    (0)   13 :  0.012 0.790 0.051 0.070 0.028 0.049 
156  BAFF078    (0)    6 :  0.007 0.053 0.056 0.858 0.017 0.010 
157  BAFF481    (0)    6 :  0.039 0.562 0.064 0.101 0.079 0.154 
158  BAFF436    (0)    7 :  0.099 0.045 0.063 0.064 0.543 0.185 
159  BAFF191    (0)    8 :  0.014 0.053 0.020 0.012 0.155 0.747 
160  BAFF382    (0)    9 :  0.009 0.682 0.107 0.078 0.095 0.030 
161  BAFF178    (0)   10 :  0.010 0.016 0.049 0.010 0.776 0.140 
162  BAFF159    (7)   11 :  0.019 0.375 0.035 0.012 0.022 0.537 
163  BAFF365    (7)   11 :  0.263 0.481 0.023 0.107 0.018 0.108 
164  BAFF007    (0)   12 :  0.107 0.296 0.032 0.413 0.049 0.103 
165  BAFF304    (7)   12 :  0.017 0.221 0.144 0.587 0.015 0.017 
166  BAFF487    (0)    7 :  0.044 0.371 0.048 0.158 0.267 0.112 
167  BAFF415    (0)   12 :  0.085 0.129 0.634 0.064 0.055 0.034 
168  BAFF488    (0)    7 :  0.740 0.111 0.015 0.018 0.020 0.096 
169  BAFF417    (0)   12 :  0.019 0.185 0.473 0.249 0.051 0.022 
170  BAFF489    (0)    7 :  0.010 0.586 0.037 0.253 0.080 0.033 
171  BAFF426    (0)   12 :  0.018 0.017 0.928 0.009 0.018 0.011 
172  BAFF490    (7)    7 :  0.030 0.391 0.013 0.243 0.120 0.203 
173  BAFF491    (0)    7 :  0.055 0.469 0.010 0.120 0.306 0.041 
174  BAFF492    (0)    7 :  0.010 0.797 0.025 0.078 0.040 0.050 
175  BAFF493    (0)    7 :  0.612 0.147 0.036 0.028 0.149 0.028 
176  BAFF506    (0)    7 :  0.240 0.375 0.020 0.082 0.243 0.040 
177  BAFF393    (0)    2 :  0.021 0.218 0.011 0.679 0.015 0.057 
178  BAFF218    (0)    3 :  0.068 0.247 0.026 0.038 0.073 0.549 
179  BAFF254    (0)    4 :  0.038 0.095 0.012 0.827 0.018 0.010 
180  BAFF385    (0)   13 :  0.060 0.281 0.097 0.197 0.337 0.028 
181  BAFF076    (0)    6 :  0.012 0.009 0.012 0.012 0.945 0.009 
182  BAFF482    (0)    6 :  0.010 0.651 0.078 0.110 0.112 0.040 
183  BAFF437    (0)    7 :  0.067 0.692 0.016 0.029 0.039 0.157 
184  BAFF192    (0)    8 :  0.022 0.094 0.014 0.328 0.459 0.082 
185  BAFF383    (0)    9 :  0.887 0.056 0.013 0.013 0.021 0.010 
186  BAFF180    (0)   10 :  0.010 0.030 0.144 0.014 0.371 0.431 
187  BAFF048    (7)   12 :  0.112 0.057 0.020 0.586 0.174 0.050 
188  BAFF306    (0)   12 :  0.013 0.313 0.054 0.429 0.084 0.107 
189  BAFF394    (0)    2 :  0.052 0.075 0.027 0.179 0.059 0.609 
190  BAFF219    (0)    3 :  0.010 0.617 0.016 0.033 0.032 0.293 
191  BAFF388    (0)    4 :  0.167 0.036 0.332 0.015 0.427 0.025 
192  BAFF386    (7)   13 :  0.023 0.064 0.023 0.058 0.805 0.027 
193  BAFF084    (0)    6 :  0.012 0.084 0.008 0.861 0.010 0.025 
194  BAFF483    (0)    6 :  0.034 0.143 0.109 0.023 0.574 0.116 
195  BAFF438   (15)    7 :  0.017 0.238 0.049 0.599 0.074 0.023 
196  BAFF193    (0)    8 :  0.519 0.290 0.023 0.033 0.096 0.039 
197  BAFF183    (0)   10 :  0.187 0.207 0.121 0.133 0.044 0.308 
198  BAFF153    (0)   12 :  0.009 0.256 0.041 0.668 0.014 0.011 
199  BAFF307    (0)   12 :  0.014 0.170 0.026 0.737 0.027 0.026 
200  BAFF397    (0)    2 :  0.009 0.776 0.011 0.041 0.005 0.157 
201  BAFF220    (0)    3 :  0.009 0.018 0.009 0.031 0.925 0.007 
202  BAFF095    (0)    6 :  0.060 0.013 0.012 0.011 0.891 0.013 
203  BAFF494    (0)    6 :  0.008 0.192 0.035 0.053 0.644 0.068 
204  BAFF439    (0)    7 :  0.013 0.324 0.521 0.043 0.020 0.079 
205  BAFF182    (0)   10 :  0.028 0.025 0.179 0.087 0.631 0.050 
206  BAFF054    (0)   12 :  0.006 0.010 0.960 0.009 0.008 0.006 
207  BAFF308    (0)   12 :  0.020 0.443 0.021 0.471 0.032 0.013 
208  BAFF266    (0)    1 :  0.207 0.456 0.065 0.174 0.030 0.069 
209  BAFF398    (7)    2 :  0.026 0.021 0.006 0.007 0.934 0.006 
210  BAFF221    (0)    3 :  0.530 0.020 0.140 0.192 0.101 0.017 
211  BAFF090    (0)    6 :  0.033 0.146 0.324 0.379 0.088 0.030 
212  BAFF495    (0)    6 :  0.009 0.036 0.010 0.009 0.010 0.927 
213  BAFF459    (0)    7 :  0.009 0.130 0.015 0.039 0.015 0.793 
214  BAFF197    (0)    8 :  0.019 0.563 0.128 0.058 0.026 0.206 
215  BAFF188    (0)   10 :  0.038 0.304 0.171 0.420 0.028 0.039 
216  BAFF051    (0)   12 :  0.028 0.306 0.510 0.029 0.088 0.040 
217  BAFF309    (0)   12 :  0.017 0.688 0.020 0.086 0.139 0.051 
218  BAFF269    (0)    1 :  0.177 0.459 0.015 0.031 0.062 0.256 
219  BAFF077    (0)    6 :  0.011 0.026 0.013 0.011 0.006 0.933 
220  BAFF496    (0)    6 :  0.012 0.046 0.011 0.007 0.011 0.913 
221  BAFF443    (0)    7 :  0.121 0.512 0.148 0.080 0.083 0.056 
222  BAFF198    (0)    8 :  0.014 0.153 0.072 0.036 0.312 0.414 
223  BAFF053    (0)   12 :  0.024 0.344 0.069 0.524 0.011 0.028 
224  BAFF310    (0)   12 :  0.010 0.036 0.889 0.026 0.009 0.030 
225  BAFF282    (0)    1 :  0.876 0.018 0.014 0.018 0.041 0.033 
226  BAFF497    (0)    6 :  0.013 0.236 0.014 0.013 0.014 0.709 
227  BAFF466    (0)    7 :  0.018 0.373 0.041 0.440 0.063 0.064 
228  BAFF200    (7)    8 :  0.013 0.139 0.042 0.081 0.683 0.042 
229  BAFF240    (0)   10 :  0.014 0.063 0.010 0.825 0.061 0.027 
230  BAFF055    (0)   12 :  0.025 0.041 0.864 0.028 0.030 0.011 
231  BAFF311    (7)   12 :  0.021 0.010 0.007 0.014 0.935 0.013 


Estimated Allele Frequencies in each cluster
First column gives estimated ancestral frequencies


Locus 1 : btern01 
9 alleles
0.0% missing data
   1   (0.139) 0.124 0.139 0.043 0.157 0.149 0.186 
   2   (0.017) 0.025 0.010 0.004 0.004 0.004 0.005 
   3   (0.164) 0.077 0.221 0.108 0.173 0.120 0.229 
   4   (0.216) 0.206 0.211 0.173 0.240 0.192 0.219 
   5   (0.291) 0.418 0.341 0.336 0.359 0.191 0.189 
   6   (0.070) 0.033 0.033 0.307 0.028 0.056 0.079 
   7   (0.051) 0.082 0.018 0.020 0.023 0.229 0.015 
   8   (0.016) 0.028 0.007 0.002 0.003 0.003 0.008 
   9   (0.036) 0.007 0.019 0.007 0.014 0.055 0.070 

Locus 2 : bt28 
5 alleles
0.0% missing data
   1   (0.664) 0.757 0.676 0.718 0.708 0.589 0.702 
   2   (0.149) 0.167 0.128 0.107 0.082 0.188 0.147 
   3   (0.149) 0.054 0.162 0.168 0.201 0.216 0.077 
   4   (0.026) 0.008 0.031 0.005 0.007 0.005 0.072 
   5   (0.011) 0.013 0.003 0.002 0.002 0.002 0.002 

Locus 3 : b96 
8 alleles
0.9% missing data
   1   (0.326) 0.354 0.369 0.333 0.289 0.368 0.287 
   2   (0.489) 0.471 0.520 0.508 0.485 0.513 0.629 
   3   (0.042) 0.012 0.028 0.038 0.098 0.028 0.014 
   4   (0.016) 0.005 0.007 0.003 0.041 0.003 0.003 
   5   (0.049) 0.024 0.031 0.040 0.032 0.043 0.030 
   6   (0.026) 0.075 0.007 0.006 0.009 0.033 0.005 
   7   (0.039) 0.057 0.035 0.010 0.042 0.009 0.030 
   8   (0.013) 0.003 0.003 0.062 0.002 0.003 0.002 

Locus 4 : bt30 
12 alleles
0.9% missing data
   1   (0.114) 0.242 0.106 0.117 0.054 0.166 0.049 
   2   (0.285) 0.295 0.342 0.276 0.279 0.277 0.309 
   3   (0.075) 0.021 0.171 0.034 0.070 0.033 0.114 
   4   (0.184) 0.140 0.148 0.235 0.223 0.214 0.199 
   5   (0.013) 0.003 0.005 0.003 0.002 0.017 0.003 
   6   (0.100) 0.096 0.066 0.055 0.048 0.192 0.142 
   7   (0.034) 0.022 0.031 0.033 0.018 0.012 0.016 
   8   (0.049) 0.040 0.046 0.060 0.064 0.012 0.015 
   9   (0.107) 0.084 0.068 0.179 0.234 0.042 0.137 
  10   (0.012) 0.054 0.003 0.002 0.002 0.002 0.002 
  11   (0.016) 0.004 0.010 0.004 0.004 0.031 0.004 
  12   (0.011) 0.002 0.004 0.002 0.002 0.002 0.010 

Locus 5 : btms0081 
3 alleles
0.9% missing data
   1   (0.501) 0.596 0.516 0.315 0.507 0.609 0.473 
   2   (0.348) 0.222 0.380 0.450 0.390 0.276 0.376 
   3   (0.151) 0.182 0.104 0.235 0.103 0.115 0.151 

Locus 6 : btms0066 
24 alleles
0.0% missing data
   1   (0.263) 0.377 0.302 0.349 0.280 0.326 0.181 
   2   (0.014) 0.057 0.004 0.002 0.004 0.003 0.006 
   3   (0.035) 0.007 0.052 0.013 0.079 0.022 0.010 
   4   (0.148) 0.067 0.190 0.146 0.080 0.212 0.352 
   5   (0.099) 0.063 0.179 0.120 0.088 0.048 0.105 
   6   (0.055) 0.013 0.028 0.024 0.067 0.165 0.052 
   7   (0.021) 0.016 0.008 0.003 0.004 0.040 0.004 
   8   (0.054) 0.071 0.041 0.031 0.032 0.017 0.084 
   9   (0.019) 0.004 0.008 0.004 0.162 0.007 0.004 
  10   (0.028) 0.126 0.021 0.005 0.028 0.007 0.009 
  11   (0.020) 0.126 0.005 0.011 0.005 0.008 0.005 
  12   (0.036) 0.009 0.048 0.017 0.011 0.007 0.118 
  13   (0.027) 0.006 0.014 0.016 0.030 0.020 0.005 
  14   (0.018) 0.004 0.005 0.035 0.039 0.005 0.003 
  15   (0.017) 0.006 0.037 0.003 0.006 0.004 0.016 
  16   (0.031) 0.008 0.010 0.084 0.029 0.033 0.008 
  17   (0.023) 0.016 0.014 0.061 0.017 0.007 0.005 
  18   (0.010) 0.002 0.002 0.026 0.002 0.002 0.002 
  19   (0.016) 0.003 0.009 0.006 0.016 0.010 0.003 
  20   (0.022) 0.006 0.007 0.011 0.006 0.026 0.021 
  21   (0.016) 0.007 0.005 0.003 0.008 0.021 0.003 
  22   (0.011) 0.002 0.003 0.002 0.003 0.009 0.002 
  23   (0.009) 0.002 0.002 0.026 0.002 0.002 0.002 
  24   (0.008) 0.004 0.006 0.002 0.003 0.002 0.002 

Locus 7 : btms0083 
31 alleles
3.0% missing data
   1   (0.014) 0.184 0.003 0.003 0.003 0.003 0.002 
   2   (0.021) 0.098 0.013 0.004 0.022 0.005 0.004 
   3   (0.030) 0.006 0.013 0.008 0.064 0.062 0.009 
   4   (0.041) 0.050 0.046 0.012 0.037 0.036 0.014 
   5   (0.206) 0.227 0.205 0.261 0.219 0.335 0.157 
   6   (0.021) 0.008 0.014 0.006 0.012 0.026 0.008 
   7   (0.060) 0.027 0.086 0.161 0.099 0.022 0.036 
   8   (0.041) 0.024 0.089 0.020 0.049 0.017 0.022 
   9   (0.035) 0.008 0.033 0.007 0.015 0.054 0.043 
  10   (0.024) 0.007 0.010 0.019 0.009 0.102 0.008 
  11   (0.054) 0.018 0.073 0.011 0.180 0.022 0.129 
  12   (0.018) 0.035 0.008 0.004 0.004 0.006 0.010 
  13   (0.050) 0.011 0.048 0.075 0.049 0.021 0.099 
  14   (0.031) 0.008 0.113 0.006 0.020 0.012 0.056 
  15   (0.027) 0.021 0.011 0.006 0.011 0.024 0.056 
  16   (0.029) 0.038 0.021 0.006 0.010 0.066 0.009 
  17   (0.029) 0.066 0.014 0.006 0.006 0.013 0.178 
  18   (0.051) 0.042 0.044 0.109 0.026 0.051 0.023 
  19   (0.024) 0.012 0.012 0.096 0.006 0.005 0.005 
  20   (0.027) 0.006 0.024 0.058 0.057 0.008 0.007 
  21   (0.009) 0.028 0.002 0.001 0.001 0.002 0.002 
  22   (0.010) 0.024 0.003 0.002 0.003 0.002 0.003 
  23   (0.016) 0.018 0.013 0.003 0.003 0.004 0.008 
  24   (0.011) 0.003 0.003 0.013 0.002 0.002 0.002 
  25   (0.029) 0.006 0.043 0.007 0.020 0.068 0.007 
  26   (0.012) 0.002 0.006 0.002 0.003 0.004 0.062 
  27   (0.030) 0.006 0.018 0.055 0.020 0.010 0.025 
  28   (0.016) 0.005 0.011 0.003 0.039 0.008 0.006 
  29   (0.014) 0.006 0.012 0.003 0.005 0.006 0.004 
  30   (0.013) 0.003 0.004 0.034 0.004 0.004 0.002 
  31   (0.009) 0.004 0.006 0.001 0.002 0.002 0.004 

Locus 8 : b126 
16 alleles
0.0% missing data
   1   (0.042) 0.041 0.024 0.013 0.010 0.062 0.030 
   2   (0.047) 0.124 0.052 0.008 0.015 0.016 0.066 
   3   (0.315) 0.224 0.378 0.398 0.481 0.277 0.355 
   4   (0.030) 0.010 0.026 0.007 0.010 0.015 0.067 
   5   (0.077) 0.033 0.094 0.061 0.049 0.131 0.058 
   6   (0.065) 0.019 0.119 0.161 0.067 0.019 0.050 
   7   (0.100) 0.022 0.072 0.124 0.201 0.170 0.089 
   8   (0.029) 0.008 0.012 0.066 0.009 0.008 0.043 
   9   (0.013) 0.002 0.003 0.002 0.002 0.032 0.002 
  10   (0.042) 0.026 0.015 0.046 0.009 0.094 0.027 
  11   (0.092) 0.351 0.098 0.030 0.109 0.039 0.065 
  12   (0.029) 0.039 0.029 0.028 0.010 0.007 0.007 
  13   (0.068) 0.091 0.051 0.046 0.017 0.073 0.079 
  14   (0.019) 0.004 0.009 0.004 0.004 0.011 0.052 
  15   (0.015) 0.003 0.009 0.003 0.004 0.023 0.004 
  16   (0.016) 0.003 0.009 0.003 0.003 0.024 0.005 

Locus 9 : btms0062 
34 alleles
0.0% missing data
   1   (0.035) 0.073 0.024 0.009 0.029 0.046 0.011 
   2   (0.049) 0.093 0.031 0.015 0.022 0.040 0.163 
   3   (0.080) 0.113 0.120 0.068 0.175 0.039 0.051 
   4   (0.108) 0.059 0.121 0.186 0.102 0.206 0.077 
   5   (0.051) 0.031 0.131 0.016 0.100 0.055 0.013 
   6   (0.026) 0.009 0.020 0.006 0.032 0.011 0.031 
   7   (0.012) 0.003 0.017 0.002 0.003 0.003 0.003 
   8   (0.021) 0.008 0.062 0.005 0.006 0.006 0.027 
   9   (0.043) 0.021 0.025 0.015 0.050 0.031 0.107 
  10   (0.053) 0.049 0.066 0.060 0.015 0.066 0.043 
  11   (0.066) 0.025 0.051 0.047 0.140 0.136 0.058 
  12   (0.042) 0.011 0.020 0.039 0.018 0.075 0.172 
  13   (0.046) 0.030 0.033 0.021 0.030 0.113 0.026 
  14   (0.040) 0.012 0.040 0.239 0.025 0.012 0.040 
  15   (0.019) 0.004 0.032 0.008 0.056 0.010 0.006 
  16   (0.017) 0.003 0.005 0.016 0.041 0.003 0.003 
  17   (0.014) 0.134 0.004 0.002 0.003 0.009 0.004 
  18   (0.012) 0.003 0.003 0.002 0.002 0.027 0.006 
  19   (0.046) 0.072 0.029 0.088 0.010 0.019 0.051 
  20   (0.010) 0.028 0.002 0.002 0.002 0.002 0.002 
  21   (0.031) 0.049 0.031 0.006 0.010 0.019 0.035 
  22   (0.016) 0.091 0.011 0.004 0.004 0.003 0.003 
  23   (0.011) 0.023 0.004 0.002 0.002 0.003 0.002 
  24   (0.019) 0.005 0.032 0.008 0.004 0.005 0.024 
  25   (0.012) 0.010 0.010 0.003 0.002 0.004 0.004 
  26   (0.033) 0.018 0.025 0.064 0.028 0.026 0.018 
  27   (0.017) 0.003 0.008 0.007 0.045 0.013 0.003 
  28   (0.010) 0.002 0.006 0.003 0.015 0.002 0.002 
  29   (0.011) 0.005 0.005 0.002 0.015 0.002 0.004 
  30   (0.011) 0.002 0.003 0.026 0.002 0.002 0.002 
  31   (0.012) 0.002 0.016 0.002 0.004 0.002 0.003 
  32   (0.009) 0.002 0.003 0.001 0.005 0.006 0.002 
  33   (0.008) 0.004 0.006 0.001 0.002 0.002 0.004 
  34   (0.010) 0.002 0.003 0.025 0.002 0.002 0.002 

Locus 10 : btern02 
25 alleles
4.8% missing data
   1   (0.094) 0.128 0.064 0.068 0.167 0.085 0.186 
   2   (0.010) 0.014 0.002 0.002 0.002 0.002 0.002 
   3   (0.080) 0.028 0.133 0.024 0.092 0.121 0.105 
   4   (0.049) 0.016 0.036 0.086 0.011 0.139 0.055 
   5   (0.028) 0.014 0.031 0.006 0.032 0.022 0.008 
   6   (0.048) 0.025 0.071 0.020 0.111 0.036 0.024 
   7   (0.030) 0.006 0.023 0.125 0.007 0.030 0.009 
   8   (0.036) 0.088 0.033 0.007 0.036 0.015 0.020 
   9   (0.073) 0.097 0.072 0.064 0.111 0.111 0.024 
  10   (0.032) 0.008 0.086 0.007 0.012 0.013 0.068 
  11   (0.060) 0.024 0.087 0.075 0.061 0.025 0.083 
  12   (0.037) 0.117 0.023 0.007 0.023 0.012 0.051 
  13   (0.048) 0.048 0.037 0.048 0.011 0.065 0.045 
  14   (0.051) 0.142 0.020 0.118 0.014 0.039 0.054 
  15   (0.011) 0.002 0.003 0.002 0.072 0.002 0.002 
  16   (0.047) 0.052 0.058 0.047 0.016 0.017 0.048 
  17   (0.029) 0.008 0.026 0.057 0.015 0.021 0.018 
  18   (0.043) 0.012 0.032 0.159 0.017 0.021 0.090 
  19   (0.039) 0.008 0.038 0.011 0.075 0.085 0.016 
  20   (0.041) 0.054 0.049 0.009 0.009 0.064 0.032 
  21   (0.027) 0.049 0.023 0.010 0.010 0.006 0.011 
  22   (0.015) 0.018 0.006 0.007 0.003 0.003 0.004 
  23   (0.034) 0.034 0.023 0.007 0.016 0.035 0.031 
  24   (0.029) 0.006 0.017 0.034 0.076 0.018 0.006 
  25   (0.010) 0.002 0.005 0.004 0.002 0.013 0.006 

Locus 11 : btms0086 
3 alleles
0.0% missing data
   1   (0.833) 0.786 0.832 0.919 0.940 0.783 0.854 
   2   (0.144) 0.184 0.152 0.069 0.046 0.213 0.142 
   3   (0.023) 0.030 0.016 0.011 0.014 0.004 0.004 

Locus 12 : bl13 
3 alleles
0.0% missing data
   1   (0.072) 0.187 0.036 0.283 0.024 0.040 0.024 
   2   (0.829) 0.793 0.887 0.659 0.784 0.847 0.884 
   3   (0.099) 0.020 0.078 0.058 0.192 0.113 0.093 

Locus 13 : btms0059 
9 alleles
0.0% missing data
   1   (0.343) 0.387 0.384 0.308 0.478 0.345 0.246 
   2   (0.103) 0.123 0.112 0.020 0.124 0.043 0.298 
   3   (0.064) 0.105 0.030 0.101 0.055 0.037 0.028 
   4   (0.053) 0.045 0.042 0.020 0.019 0.092 0.025 
   5   (0.080) 0.035 0.135 0.048 0.072 0.041 0.060 
   6   (0.306) 0.291 0.260 0.494 0.231 0.422 0.290 
   7   (0.015) 0.003 0.006 0.002 0.004 0.003 0.040 
   8   (0.023) 0.007 0.026 0.004 0.013 0.015 0.007 
   9   (0.012) 0.004 0.004 0.003 0.003 0.002 0.005 

Values of parameters used in structure:
DATAFILE=/Users/johnmola/Desktop/rpbbfeb27/rpbbstructure/project_data,	OUTFILE=/Users/johnmola/Desktop/rpbbfeb27/rpbbstructure/rpbb20k100k/Results/rpbb20k100k_run_51,	NUMINDS=231,	NUMLOCI=13,	MISSING=-9,	LABEL=1,	POPDATA=1,	POPFLAG=0,	PHENOTYPE=0,	EXTRACOLS=0,	MAXPOPS=6,	BURNIN=20000,	NUMREPS=100000,	USEPOPINFO=0,	INFERALPHA=1,	INFERLAMBDA=0,	POPSPECIFICLAMBDA=0,	POPALPHAS=0,	COMPUTEPROB=1,	NOADMIX=0,	ADMBURNIN=2500,	UPDATEFREQ=1,	PRINTLIKES=0,	INTERMEDSAVE=0,	PRINTKLD=0,	PRINTNET=0,	PRINTLAMBDA=0,	ANCESTDIST=0,	NUMBOXES=1000,	ANCESTPINT=0.90000,	GENSBACK=2,	MIGRPRIOR=0.05000,	PRINTQHAT=0,	PRINTQSUM=0,	ALPHA=1.0000,	FREQSCORR=1,	FPRIORMEAN=0.0100,	FPRIORSD=0.0500,	ONEFST=0,	LAMBDA=1.0000,	UNIFPRIORALPHA=1,	ALPHAMAX=10.0000,	ALPHAPRIORA=1.0000,	ALPHAPRIORB=2.0000,	ALPHAPROPSD=0.0250,	STARTATPOPINFO=0,	RANDOMIZE=1,	LINKAGE=0,	METROFREQ=10,	REPORTHITRATE=0,	MARKOVPHASE=-1,	PHASED=0,	PLOIDY=2,	PHASEINFO=0	LOCPRIOR=0, 	LOCPRIORINIT=1.000000, 	LOCDATA=0, 	LOCISPOP=0, 	LOCPRIORSTEP=0.100000, 	MAXLOCPRIOR=20.000000, 	SEED=1677520055,	
[STRAT parameters]:    NUMSIMSTATS=1000,	PHENOTYPECOL=-9,	POOLFREQ=10,	LOCUSxONLY=0,	EMERROR=0.00100,	MISSINGPHENO=-9,	