

----------------------------------------------------
STRUCTURE by Pritchard, Stephens and Donnelly (2000)
     and Falush, Stephens and Pritchard (2003)
       Code by Pritchard, Falush and Hubisz
             Version 2.3.4 (Jul 2012)
----------------------------------------------------



Command line arguments:   bin/structure -m "/Users/johnmola/Desktop/rpbbfeb27/rpbbstructure/rpbb20k100k/mainparams" -e "/Users/johnmola/Desktop/rpbbfeb27/rpbbstructure/rpbb20k100k/extraparams" 
Input File:    /Users/johnmola/Desktop/rpbbfeb27/rpbbstructure/project_data

Run parameters:
   231 individuals
   13 loci
   6 populations assumed
   20000 Burn-in period
   100000 Reps


--------------------------------------------
Proportion of membership of each pre-defined
 population in each of the 6 clusters

Given    Inferred Clusters                            Number of
 Pop       1      2      3      4      5      6      Individuals

  1:     0.816  0.016  0.043  0.036  0.043  0.047       21
  2:     0.023  0.018  0.334  0.272  0.208  0.146        7
  3:     0.110  0.048  0.288  0.081  0.129  0.344        7
  4:     0.061  0.064  0.094  0.219  0.226  0.336        8
  5:     0.085  0.037  0.139  0.090  0.400  0.250        4
  6:     0.050  0.122  0.298  0.162  0.101  0.267       35
  7:     0.095  0.052  0.240  0.179  0.192  0.242       40
  8:     0.071  0.115  0.218  0.125  0.162  0.309       19
  9:     0.265  0.048  0.089  0.110  0.128  0.360        4
 10:     0.041  0.289  0.276  0.125  0.157  0.113       11
 11:     0.141  0.018  0.022  0.611  0.098  0.110        8
 12:     0.048  0.342  0.108  0.124  0.322  0.057       60
 13:     0.074  0.035  0.197  0.106  0.154  0.435        7
--------------------------------------------

Allele-freq. divergence among pops (Net nucleotide distance),
computed using point estimates of P.

      1       2       3       4       5       6      
 1      -    0.0365  0.0275  0.0304  0.0262  0.0307  
 2   0.0365     -    0.0314  0.0325  0.0262  0.0324  
 3   0.0275  0.0314     -    0.0222  0.0242  0.0219  
 4   0.0304  0.0325  0.0222     -    0.0175  0.0186  
 5   0.0262  0.0262  0.0242  0.0175     -    0.0198  
 6   0.0307  0.0324  0.0219  0.0186  0.0198     -    

Average distances (expected heterozygosity) between individuals in same cluster:
cluster  1  : 0.6873 
cluster  2  : 0.6796 
cluster  3  : 0.6908 
cluster  4  : 0.6688 
cluster  5  : 0.6786 
cluster  6  : 0.6809 

--------------------------------------------
Estimated Ln Prob of Data   = -10022.0
Mean value of ln likelihood = -9534.9
Variance of ln likelihood   = 974.2
Mean value of alpha         = 0.0579

Mean value of Fst_1         = 0.0720
Mean value of Fst_2         = 0.0841
Mean value of Fst_3         = 0.0587
Mean value of Fst_4         = 0.0796
Mean value of Fst_5         = 0.0442
Mean value of Fst_6         = 0.0605


Inferred ancestry of individuals:
        Label (%Miss) Pop:  Inferred clusters
  1  BAFF014    (0)    1 :  0.944 0.007 0.012 0.010 0.012 0.015 
  2  BAFF379    (0)    2 :  0.018 0.013 0.077 0.300 0.505 0.087 
  3  BAFF212    (0)    3 :  0.037 0.086 0.595 0.137 0.068 0.077 
  4  BAFF018    (0)    4 :  0.011 0.026 0.032 0.558 0.349 0.025 
  5  BAFF247    (0)    4 :  0.009 0.016 0.060 0.083 0.794 0.037 
  6  BAFF024    (0)    5 :  0.022 0.056 0.252 0.036 0.050 0.584 
  7  BAFF088    (0)    6 :  0.012 0.039 0.805 0.067 0.053 0.024 
  8  BAFF429    (0)    6 :  0.022 0.020 0.271 0.078 0.164 0.445 
  9  BAFF087    (7)    7 :  0.012 0.007 0.959 0.008 0.007 0.007 
 10  BAFF225    (0)    7 :  0.050 0.021 0.511 0.044 0.059 0.315 
 11  BAFF195    (0)    8 :  0.040 0.011 0.093 0.633 0.090 0.133 
 12  BAFF238    (0)    9 :  0.127 0.044 0.051 0.043 0.080 0.655 
 13  BAFF019    (0)   10 :  0.023 0.852 0.061 0.027 0.022 0.016 
 14  BAFF175    (0)   10 :  0.014 0.109 0.240 0.048 0.412 0.178 
 15  BAFF156    (0)   11 :  0.005 0.007 0.007 0.966 0.009 0.006 
 16  BAFF301    (0)   11 :  0.882 0.023 0.020 0.017 0.019 0.038 
 17  BAFF141    (0)   12 :  0.218 0.008 0.011 0.062 0.690 0.010 
 18  BAFF302    (0)   12 :  0.023 0.070 0.035 0.114 0.093 0.665 
 19  BAFF290    (0)    1 :  0.862 0.014 0.022 0.015 0.059 0.028 
 20  BAFF498    (0)    6 :  0.292 0.093 0.109 0.258 0.049 0.199 
 21  BAFF455    (0)    7 :  0.029 0.040 0.745 0.027 0.065 0.095 
 22  BAFF203    (7)    8 :  0.012 0.013 0.863 0.024 0.055 0.033 
 23  BAFF056    (0)   12 :  0.021 0.912 0.012 0.011 0.023 0.022 
 24  BAFF327    (0)   12 :  0.079 0.190 0.035 0.072 0.594 0.030 
 25  BAFF255    (0)    1 :  0.950 0.007 0.010 0.009 0.012 0.012 
 26  BAFF256    (0)    1 :  0.954 0.012 0.012 0.006 0.007 0.008 
 27  BAFF257    (0)    1 :  0.967 0.006 0.008 0.006 0.007 0.007 
 28  BAFF260    (0)    1 :  0.950 0.009 0.016 0.006 0.007 0.013 
 29  BAFF259    (0)    1 :  0.946 0.017 0.009 0.011 0.008 0.009 
 30  BAFF261    (0)    1 :  0.953 0.008 0.011 0.009 0.011 0.008 
 31  BAFF274    (0)    1 :  0.872 0.014 0.031 0.020 0.032 0.031 
 32  BAFF262    (0)    1 :  0.919 0.009 0.030 0.011 0.020 0.010 
 33  BAFF294    (0)    1 :  0.934 0.008 0.033 0.008 0.009 0.009 
 34  BAFF292    (0)    1 :  0.802 0.010 0.009 0.015 0.018 0.146 
 35  BAFF296    (0)    1 :  0.838 0.014 0.009 0.018 0.017 0.105 
 36  BAFF295    (0)    1 :  0.878 0.013 0.022 0.012 0.041 0.035 
 37  BAFF298    (0)    1 :  0.910 0.020 0.014 0.014 0.019 0.021 
 38  BAFF299    (0)    1 :  0.938 0.027 0.013 0.009 0.007 0.008 
 39  BAFF375    (0)   13 :  0.024 0.011 0.016 0.011 0.012 0.925 
 40  BAFF376    (0)   13 :  0.022 0.037 0.075 0.016 0.028 0.823 
 41  BAFF377    (0)   13 :  0.020 0.010 0.010 0.011 0.011 0.938 
 42  BAFF022    (0)    5 :  0.185 0.014 0.038 0.056 0.542 0.166 
 43  BAFF021    (0)    5 :  0.081 0.018 0.048 0.017 0.779 0.057 
 44  BAFF499    (0)    6 :  0.011 0.836 0.016 0.026 0.052 0.058 
 45  BAFF204    (0)    8 :  0.013 0.052 0.057 0.187 0.271 0.421 
 46  BAFF068    (0)   12 :  0.072 0.862 0.010 0.016 0.026 0.014 
 47  BAFF336    (0)   12 :  0.016 0.538 0.052 0.299 0.074 0.021 
 48  BAFF447    (0)    7 :  0.011 0.018 0.059 0.282 0.183 0.448 
 49  BAFF457    (0)    7 :  0.035 0.010 0.015 0.228 0.145 0.567 
 50  BAFF448    (0)    7 :  0.079 0.009 0.576 0.198 0.059 0.078 
 51  BAFF465    (0)    7 :  0.016 0.012 0.885 0.031 0.023 0.034 
 52  BAFF194    (0)    8 :  0.036 0.014 0.065 0.086 0.070 0.729 
 53  BAFF199    (0)    8 :  0.024 0.026 0.034 0.456 0.273 0.187 
 54  BAFF500    (0)    6 :  0.422 0.137 0.184 0.037 0.023 0.198 
 55  BAFF206    (0)    8 :  0.069 0.060 0.110 0.015 0.625 0.121 
 56  BAFF069    (0)   12 :  0.011 0.920 0.015 0.022 0.016 0.016 
 57  BAFF330    (0)   12 :  0.019 0.030 0.684 0.191 0.053 0.022 
 58  BAFF239    (0)   10 :  0.047 0.666 0.029 0.061 0.185 0.012 
 59  BAFF241    (0)   10 :  0.059 0.838 0.015 0.040 0.033 0.015 
 60  BAFF157    (0)   11 :  0.006 0.008 0.009 0.955 0.009 0.013 
 61  BAFF161    (0)   11 :  0.005 0.008 0.008 0.965 0.007 0.008 
 62  BAFF160    (0)   11 :  0.006 0.007 0.010 0.958 0.010 0.009 
 63  BAFF008    (0)   12 :  0.049 0.142 0.676 0.039 0.055 0.040 
 64  BAFF013    (0)   12 :  0.014 0.014 0.831 0.034 0.078 0.030 
 65  BAFF407    (0)   12 :  0.010 0.927 0.015 0.019 0.017 0.011 
 66  BAFF503    (0)    6 :  0.007 0.808 0.110 0.053 0.009 0.013 
 67  BAFF449    (0)    7 :  0.015 0.039 0.455 0.014 0.463 0.014 
 68  BAFF207    (0)    8 :  0.017 0.709 0.050 0.010 0.040 0.174 
 69  BAFF070    (0)   12 :  0.010 0.926 0.015 0.010 0.025 0.013 
 70  BAFF335    (0)   12 :  0.013 0.036 0.018 0.038 0.881 0.014 
 71  BAFF507    (0)    6 :  0.043 0.009 0.018 0.089 0.018 0.822 
 72  BAFF450    (0)    7 :  0.241 0.044 0.035 0.348 0.061 0.271 
 73  BAFF209    (7)    8 :  0.048 0.038 0.204 0.055 0.168 0.488 
 74  BAFF072    (0)   12 :  0.012 0.048 0.026 0.400 0.501 0.013 
 75  BAFF339    (0)   12 :  0.018 0.545 0.020 0.059 0.117 0.242 
 76  BAFF508    (0)    6 :  0.054 0.015 0.017 0.838 0.039 0.037 
 77  BAFF451    (0)    7 :  0.013 0.028 0.090 0.054 0.424 0.392 
 78  BAFF210    (0)    8 :  0.107 0.477 0.157 0.024 0.023 0.212 
 79  BAFF139    (0)   12 :  0.057 0.015 0.040 0.117 0.370 0.399 
 80  BAFF341    (0)   12 :  0.029 0.038 0.102 0.389 0.268 0.174 
 81  BAFF509    (0)    6 :  0.052 0.046 0.777 0.013 0.066 0.047 
 82  BAFF453    (0)    7 :  0.011 0.198 0.119 0.028 0.086 0.557 
 83  BAFF389    (0)    8 :  0.058 0.009 0.025 0.109 0.023 0.777 
 84  BAFF163    (0)   12 :  0.004 0.964 0.011 0.008 0.006 0.007 
 85  BAFF344    (7)   12 :  0.011 0.410 0.034 0.056 0.418 0.071 
 86  BAFF510    (0)    6 :  0.013 0.044 0.296 0.162 0.106 0.379 
 87  BAFF456    (0)    7 :  0.024 0.042 0.015 0.052 0.186 0.681 
 88  BAFF390    (0)    8 :  0.008 0.007 0.025 0.010 0.007 0.942 
 89  BAFF142    (0)   12 :  0.334 0.076 0.014 0.078 0.485 0.015 
 90  BAFF363    (7)   12 :  0.008 0.927 0.013 0.028 0.016 0.008 
 91  BAFF517    (0)    6 :  0.009 0.034 0.025 0.061 0.214 0.657 
 92  BAFF458    (0)    7 :  0.117 0.083 0.363 0.232 0.117 0.087 
 93  BAFF391    (0)    8 :  0.227 0.363 0.040 0.035 0.299 0.036 
 94  BAFF149    (0)   12 :  0.014 0.040 0.012 0.060 0.837 0.036 
 95  BAFF366    (7)   12 :  0.011 0.019 0.008 0.030 0.825 0.107 
 96  BAFF512    (0)    6 :  0.234 0.046 0.251 0.232 0.044 0.192 
 97  BAFF460    (0)    7 :  0.017 0.017 0.014 0.061 0.831 0.061 
 98  BAFF138    (0)   12 :  0.024 0.037 0.009 0.046 0.867 0.017 
 99  BAFF374    (0)   12 :  0.045 0.251 0.623 0.044 0.017 0.020 
100  BAFF015    (0)    1 :  0.941 0.013 0.013 0.009 0.013 0.010 
101  BAFF380    (0)    2 :  0.016 0.049 0.290 0.565 0.041 0.038 
102  BAFF216    (0)    3 :  0.070 0.040 0.270 0.058 0.053 0.510 
103  BAFF017    (0)    4 :  0.026 0.025 0.016 0.056 0.007 0.870 
104  BAFF245    (0)    4 :  0.173 0.041 0.132 0.031 0.439 0.184 
105  BAFF378    (7)   13 :  0.344 0.016 0.074 0.272 0.119 0.175 
106  BAFF023    (0)    5 :  0.051 0.058 0.219 0.250 0.228 0.194 
107  BAFF079    (0)    6 :  0.041 0.048 0.161 0.051 0.156 0.544 
108  BAFF435    (0)    6 :  0.013 0.045 0.082 0.424 0.220 0.216 
109  BAFF174    (7)    7 :  0.009 0.070 0.127 0.029 0.035 0.730 
110  BAFF226    (0)    7 :  0.023 0.012 0.021 0.198 0.310 0.437 
111  BAFF190    (0)    8 :  0.019 0.101 0.633 0.112 0.117 0.017 
112  BAFF243    (0)    9 :  0.056 0.008 0.032 0.135 0.140 0.629 
113  BAFF177    (0)   10 :  0.033 0.012 0.743 0.027 0.066 0.119 
114  BAFF364    (7)   11 :  0.014 0.017 0.075 0.841 0.019 0.033 
115  BAFF305    (0)   12 :  0.032 0.058 0.023 0.052 0.790 0.046 
116  BAFF513    (0)    6 :  0.067 0.023 0.776 0.040 0.021 0.073 
117  BAFF462    (0)    7 :  0.589 0.093 0.199 0.078 0.016 0.026 
118  BAFF143    (0)   12 :  0.009 0.122 0.052 0.107 0.595 0.114 
119  BAFF403    (0)   12 :  0.008 0.953 0.010 0.011 0.009 0.009 
120  BAFF514    (0)    6 :  0.010 0.344 0.574 0.022 0.023 0.027 
121  BAFF463    (0)    7 :  0.007 0.006 0.960 0.008 0.007 0.012 
122  BAFF137    (0)   12 :  0.012 0.011 0.153 0.014 0.797 0.012 
123  BAFF404    (0)   12 :  0.014 0.933 0.010 0.021 0.010 0.012 
124  BAFF515    (0)    6 :  0.027 0.035 0.522 0.148 0.096 0.172 
125  BAFF144    (0)   12 :  0.015 0.074 0.301 0.516 0.064 0.031 
126  BAFF405    (7)   12 :  0.044 0.036 0.092 0.415 0.396 0.017 
127  BAFF518    (0)    6 :  0.017 0.616 0.015 0.031 0.288 0.032 
128  BAFF467    (0)    7 :  0.038 0.049 0.270 0.142 0.135 0.367 
129  BAFF145    (0)   12 :  0.068 0.015 0.034 0.569 0.280 0.034 
130  BAFF406    (0)   12 :  0.009 0.334 0.054 0.512 0.064 0.026 
131  BAFF519    (0)    6 :  0.017 0.018 0.099 0.061 0.150 0.655 
132  BAFF471    (0)    7 :  0.092 0.035 0.271 0.112 0.382 0.108 
133  BAFF136    (0)   12 :  0.006 0.808 0.037 0.012 0.099 0.037 
134  BAFF520    (7)    6 :  0.066 0.151 0.216 0.137 0.094 0.335 
135  BAFF472    (0)    7 :  0.048 0.048 0.360 0.338 0.071 0.135 
136  BAFF165    (0)   12 :  0.047 0.061 0.019 0.011 0.817 0.046 
137  BAFF408    (0)   12 :  0.038 0.088 0.020 0.120 0.714 0.020 
138  BAFF522    (0)    6 :  0.028 0.048 0.823 0.033 0.042 0.025 
139  BAFF475    (0)    7 :  0.010 0.049 0.065 0.074 0.144 0.657 
140  BAFF140    (0)   12 :  0.025 0.055 0.308 0.130 0.389 0.094 
141  BAFF409    (0)   12 :  0.114 0.784 0.059 0.012 0.017 0.014 
142  BAFF523    (0)    6 :  0.017 0.010 0.728 0.195 0.018 0.032 
143  BAFF476    (0)    7 :  0.011 0.030 0.017 0.365 0.052 0.526 
144  BAFF147    (0)   12 :  0.018 0.231 0.069 0.022 0.634 0.026 
145  BAFF410    (0)   12 :  0.020 0.740 0.011 0.019 0.140 0.070 
146  BAFF477    (0)    7 :  0.146 0.009 0.025 0.084 0.505 0.231 
147  BAFF411    (0)   12 :  0.664 0.100 0.019 0.108 0.066 0.043 
148  BAFF486    (7)    7 :  0.012 0.008 0.014 0.423 0.214 0.329 
149  BAFF412    (7)   12 :  0.071 0.749 0.100 0.024 0.025 0.030 
150  BAFF258    (0)    1 :  0.304 0.024 0.496 0.122 0.022 0.031 
151  BAFF392    (0)    2 :  0.006 0.008 0.929 0.038 0.007 0.012 
152  BAFF217    (0)    3 :  0.016 0.020 0.016 0.064 0.086 0.798 
153  BAFF016    (0)    4 :  0.006 0.040 0.017 0.162 0.067 0.708 
154  BAFF246    (0)    4 :  0.011 0.026 0.062 0.056 0.028 0.817 
155  BAFF381    (0)   13 :  0.013 0.038 0.034 0.053 0.752 0.110 
156  BAFF078    (0)    6 :  0.008 0.070 0.031 0.537 0.343 0.011 
157  BAFF481    (0)    6 :  0.045 0.084 0.121 0.140 0.407 0.203 
158  BAFF436    (0)    7 :  0.109 0.067 0.550 0.076 0.051 0.146 
159  BAFF191    (0)    8 :  0.012 0.023 0.138 0.015 0.037 0.775 
160  BAFF382    (0)    9 :  0.011 0.128 0.253 0.251 0.212 0.145 
161  BAFF178    (0)   10 :  0.011 0.073 0.763 0.012 0.022 0.119 
162  BAFF159    (7)   11 :  0.020 0.056 0.027 0.127 0.107 0.663 
163  BAFF365    (7)   11 :  0.190 0.019 0.021 0.059 0.602 0.109 
164  BAFF007    (0)   12 :  0.102 0.030 0.059 0.351 0.340 0.118 
165  BAFF304    (7)   12 :  0.014 0.100 0.015 0.189 0.662 0.020 
166  BAFF487    (0)    7 :  0.040 0.042 0.310 0.480 0.022 0.106 
167  BAFF415    (0)   12 :  0.080 0.548 0.039 0.028 0.272 0.033 
168  BAFF488    (0)    7 :  0.742 0.015 0.020 0.026 0.087 0.110 
169  BAFF417    (0)   12 :  0.018 0.419 0.048 0.052 0.440 0.023 
170  BAFF489    (0)    7 :  0.011 0.044 0.086 0.301 0.493 0.065 
171  BAFF426    (0)   12 :  0.018 0.921 0.019 0.009 0.018 0.014 
172  BAFF490    (7)    7 :  0.026 0.015 0.091 0.578 0.035 0.255 
173  BAFF491    (0)    7 :  0.067 0.010 0.407 0.302 0.091 0.123 
174  BAFF492    (0)    7 :  0.012 0.038 0.085 0.358 0.181 0.326 
175  BAFF493    (0)    7 :  0.623 0.042 0.180 0.074 0.044 0.037 
176  BAFF506    (0)    7 :  0.268 0.031 0.331 0.272 0.035 0.063 
177  BAFF393    (0)    2 :  0.034 0.010 0.019 0.753 0.120 0.063 
178  BAFF218    (0)    3 :  0.078 0.026 0.097 0.075 0.100 0.623 
179  BAFF254    (0)    4 :  0.048 0.012 0.026 0.783 0.111 0.019 
180  BAFF385    (0)   13 :  0.068 0.106 0.391 0.293 0.099 0.042 
181  BAFF076    (0)    6 :  0.013 0.012 0.941 0.016 0.008 0.010 
182  BAFF482    (0)    6 :  0.013 0.113 0.239 0.204 0.299 0.131 
183  BAFF437    (0)    7 :  0.026 0.013 0.027 0.012 0.868 0.054 
184  BAFF192    (0)    8 :  0.025 0.019 0.454 0.265 0.133 0.103 
185  BAFF383    (0)    9 :  0.865 0.013 0.022 0.010 0.080 0.011 
186  BAFF180    (0)   10 :  0.010 0.195 0.389 0.023 0.019 0.365 
187  BAFF048    (7)   12 :  0.076 0.019 0.135 0.689 0.040 0.041 
188  BAFF306    (0)   12 :  0.012 0.036 0.065 0.087 0.714 0.086 
189  BAFF394    (0)    2 :  0.049 0.023 0.072 0.127 0.136 0.592 
190  BAFF219    (0)    3 :  0.011 0.016 0.032 0.038 0.526 0.377 
191  BAFF388    (0)    4 :  0.203 0.323 0.407 0.026 0.016 0.026 
192  BAFF386    (7)   13 :  0.025 0.025 0.778 0.083 0.057 0.032 
193  BAFF084    (0)    6 :  0.011 0.007 0.011 0.932 0.017 0.022 
194  BAFF483    (0)    6 :  0.038 0.132 0.420 0.031 0.253 0.126 
195  BAFF438   (15)    7 :  0.022 0.058 0.086 0.399 0.374 0.062 
196  BAFF193    (0)    8 :  0.590 0.027 0.153 0.104 0.051 0.075 
197  BAFF183    (0)   10 :  0.184 0.132 0.076 0.219 0.077 0.314 
198  BAFF153    (0)   12 :  0.009 0.022 0.014 0.040 0.905 0.010 
199  BAFF307    (0)   12 :  0.014 0.034 0.038 0.453 0.425 0.036 
200  BAFF397    (0)    2 :  0.012 0.014 0.007 0.109 0.635 0.223 
201  BAFF220    (0)    3 :  0.010 0.010 0.891 0.066 0.013 0.009 
202  BAFF095    (0)    6 :  0.049 0.016 0.889 0.013 0.018 0.015 
203  BAFF494    (0)    6 :  0.008 0.029 0.714 0.154 0.026 0.070 
204  BAFF439    (0)    7 :  0.012 0.493 0.020 0.050 0.294 0.130 
205  BAFF182    (0)   10 :  0.030 0.180 0.604 0.081 0.062 0.043 
206  BAFF054    (0)   12 :  0.008 0.949 0.010 0.010 0.017 0.007 
207  BAFF308    (0)   12 :  0.019 0.017 0.020 0.053 0.875 0.016 
208  BAFF266    (0)    1 :  0.287 0.080 0.045 0.386 0.084 0.117 
209  BAFF398    (7)    2 :  0.025 0.007 0.944 0.009 0.008 0.008 
210  BAFF221    (0)    3 :  0.547 0.139 0.115 0.126 0.056 0.016 
211  BAFF090    (0)    6 :  0.034 0.300 0.124 0.413 0.093 0.036 
212  BAFF495    (0)    6 :  0.011 0.010 0.013 0.014 0.012 0.940 
213  BAFF459    (0)    7 :  0.008 0.013 0.014 0.079 0.060 0.825 
214  BAFF197    (0)    8 :  0.017 0.075 0.022 0.017 0.698 0.172 
215  BAFF188    (0)   10 :  0.025 0.112 0.023 0.045 0.770 0.026 
216  BAFF051    (0)   12 :  0.039 0.618 0.114 0.057 0.089 0.083 
217  BAFF309    (0)   12 :  0.021 0.021 0.289 0.361 0.165 0.143 
218  BAFF269    (0)    1 :  0.116 0.013 0.037 0.048 0.461 0.325 
219  BAFF077    (0)    6 :  0.012 0.014 0.007 0.117 0.037 0.813 
220  BAFF496    (0)    6 :  0.015 0.011 0.013 0.010 0.014 0.937 
221  BAFF443    (0)    7 :  0.153 0.180 0.110 0.116 0.337 0.103 
222  BAFF198    (0)    8 :  0.015 0.108 0.352 0.068 0.039 0.419 
223  BAFF053    (0)   12 :  0.025 0.063 0.011 0.023 0.847 0.030 
224  BAFF310    (0)   12 :  0.010 0.830 0.013 0.043 0.087 0.016 
225  BAFF282    (0)    1 :  0.864 0.016 0.043 0.017 0.026 0.034 
226  BAFF497    (0)    6 :  0.013 0.016 0.019 0.050 0.065 0.836 
227  BAFF466    (0)    7 :  0.020 0.046 0.113 0.577 0.146 0.099 
228  BAFF200    (7)    8 :  0.016 0.050 0.668 0.145 0.052 0.068 
229  BAFF240    (0)   10 :  0.014 0.011 0.093 0.792 0.055 0.035 
230  BAFF055    (0)   12 :  0.021 0.783 0.029 0.014 0.139 0.013 
231  BAFF311    (7)   12 :  0.029 0.008 0.891 0.033 0.022 0.017 


Estimated Allele Frequencies in each cluster
First column gives estimated ancestral frequencies


Locus 1 : btern01 
9 alleles
0.0% missing data
   1   (0.141) 0.114 0.045 0.148 0.157 0.156 0.175 
   2   (0.016) 0.030 0.004 0.005 0.006 0.004 0.005 
   3   (0.163) 0.075 0.103 0.133 0.153 0.220 0.235 
   4   (0.213) 0.213 0.173 0.197 0.245 0.198 0.212 
   5   (0.291) 0.412 0.337 0.190 0.363 0.337 0.215 
   6   (0.072) 0.035 0.308 0.049 0.023 0.048 0.070 
   7   (0.053) 0.086 0.020 0.221 0.030 0.019 0.014 
   8   (0.016) 0.029 0.003 0.003 0.003 0.007 0.007 
   9   (0.034) 0.007 0.007 0.056 0.020 0.010 0.066 

Locus 2 : bt28 
5 alleles
0.0% missing data
   1   (0.669) 0.764 0.708 0.590 0.674 0.717 0.697 
   2   (0.151) 0.165 0.108 0.177 0.072 0.141 0.145 
   3   (0.144) 0.050 0.176 0.226 0.229 0.124 0.084 
   4   (0.025) 0.008 0.005 0.005 0.023 0.015 0.071 
   5   (0.012) 0.013 0.002 0.002 0.002 0.003 0.002 

Locus 3 : b96 
8 alleles
0.9% missing data
   1   (0.326) 0.349 0.331 0.343 0.220 0.454 0.288 
   2   (0.481) 0.474 0.513 0.537 0.597 0.380 0.630 
   3   (0.046) 0.013 0.039 0.032 0.089 0.042 0.015 
   4   (0.014) 0.004 0.002 0.003 0.050 0.004 0.003 
   5   (0.051) 0.025 0.038 0.042 0.017 0.044 0.031 
   6   (0.028) 0.076 0.006 0.031 0.007 0.011 0.005 
   7   (0.040) 0.056 0.009 0.009 0.017 0.062 0.026 
   8   (0.014) 0.004 0.063 0.003 0.002 0.003 0.002 

Locus 4 : bt30 
12 alleles
0.9% missing data
   1   (0.109) 0.253 0.122 0.174 0.070 0.069 0.050 
   2   (0.280) 0.285 0.275 0.282 0.299 0.309 0.320 
   3   (0.071) 0.023 0.035 0.040 0.138 0.075 0.141 
   4   (0.184) 0.125 0.238 0.215 0.189 0.199 0.185 
   5   (0.013) 0.003 0.003 0.018 0.003 0.004 0.003 
   6   (0.100) 0.095 0.056 0.185 0.049 0.066 0.138 
   7   (0.032) 0.022 0.028 0.010 0.009 0.044 0.014 
   8   (0.053) 0.041 0.055 0.012 0.044 0.068 0.020 
   9   (0.119) 0.092 0.179 0.045 0.191 0.134 0.115 
  10   (0.012) 0.055 0.002 0.002 0.002 0.003 0.002 
  11   (0.017) 0.004 0.004 0.014 0.003 0.026 0.004 
  12   (0.011) 0.002 0.002 0.002 0.002 0.003 0.009 

Locus 5 : btms0081 
3 alleles
0.9% missing data
   1   (0.494) 0.592 0.313 0.615 0.598 0.429 0.483 
   2   (0.352) 0.228 0.453 0.282 0.328 0.424 0.373 
   3   (0.154) 0.180 0.233 0.103 0.074 0.146 0.144 

Locus 6 : btms0066 
24 alleles
0.0% missing data
   1   (0.257) 0.386 0.353 0.329 0.266 0.298 0.187 
   2   (0.013) 0.059 0.002 0.002 0.004 0.003 0.005 
   3   (0.032) 0.006 0.010 0.019 0.031 0.098 0.010 
   4   (0.149) 0.073 0.156 0.224 0.122 0.118 0.340 
   5   (0.098) 0.037 0.113 0.046 0.077 0.205 0.113 
   6   (0.059) 0.014 0.024 0.160 0.068 0.042 0.044 
   7   (0.018) 0.015 0.003 0.040 0.005 0.004 0.004 
   8   (0.056) 0.072 0.031 0.019 0.035 0.038 0.080 
   9   (0.021) 0.004 0.006 0.007 0.167 0.017 0.004 
  10   (0.025) 0.128 0.004 0.007 0.042 0.007 0.012 
  11   (0.021) 0.128 0.011 0.008 0.005 0.005 0.005 
  12   (0.033) 0.009 0.016 0.007 0.015 0.038 0.116 
  13   (0.027) 0.006 0.016 0.020 0.027 0.016 0.006 
  14   (0.022) 0.004 0.036 0.006 0.043 0.005 0.004 
  15   (0.019) 0.005 0.003 0.004 0.011 0.025 0.026 
  16   (0.030) 0.008 0.085 0.026 0.038 0.013 0.007 
  17   (0.025) 0.018 0.058 0.008 0.012 0.018 0.005 
  18   (0.013) 0.002 0.027 0.002 0.002 0.003 0.002 
  19   (0.014) 0.003 0.003 0.004 0.003 0.027 0.002 
  20   (0.020) 0.006 0.010 0.025 0.007 0.006 0.018 
  21   (0.014) 0.006 0.003 0.022 0.009 0.003 0.003 
  22   (0.010) 0.002 0.002 0.009 0.004 0.002 0.002 
  23   (0.012) 0.002 0.026 0.002 0.002 0.004 0.002 
  24   (0.011) 0.006 0.003 0.002 0.006 0.003 0.003 

Locus 7 : btms0083 
31 alleles
3.0% missing data
   1   (0.016) 0.186 0.003 0.004 0.003 0.004 0.003 
   2   (0.026) 0.093 0.005 0.006 0.015 0.026 0.005 
   3   (0.029) 0.006 0.008 0.059 0.072 0.014 0.009 
   4   (0.039) 0.051 0.011 0.041 0.048 0.028 0.016 
   5   (0.197) 0.220 0.263 0.335 0.206 0.223 0.148 
   6   (0.020) 0.008 0.006 0.028 0.019 0.006 0.008 
   7   (0.065) 0.025 0.159 0.024 0.085 0.090 0.053 
   8   (0.032) 0.018 0.012 0.008 0.015 0.135 0.016 
   9   (0.035) 0.008 0.007 0.052 0.015 0.034 0.040 
  10   (0.024) 0.008 0.019 0.097 0.007 0.013 0.008 
  11   (0.054) 0.016 0.010 0.020 0.219 0.053 0.130 
  12   (0.018) 0.039 0.004 0.006 0.004 0.005 0.010 
  13   (0.048) 0.011 0.074 0.020 0.027 0.071 0.092 
  14   (0.038) 0.010 0.008 0.016 0.051 0.049 0.092 
  15   (0.030) 0.023 0.007 0.024 0.014 0.011 0.050 
  16   (0.023) 0.037 0.004 0.069 0.019 0.006 0.009 
  17   (0.029) 0.071 0.006 0.011 0.008 0.017 0.157 
  18   (0.052) 0.044 0.112 0.048 0.037 0.034 0.022 
  19   (0.019) 0.012 0.100 0.004 0.005 0.007 0.004 
  20   (0.031) 0.007 0.056 0.009 0.011 0.067 0.010 
  21   (0.012) 0.028 0.002 0.002 0.002 0.003 0.002 
  22   (0.011) 0.025 0.002 0.002 0.003 0.003 0.003 
  23   (0.015) 0.017 0.002 0.003 0.004 0.011 0.010 
  24   (0.010) 0.003 0.012 0.002 0.002 0.002 0.002 
  25   (0.029) 0.007 0.006 0.075 0.018 0.034 0.010 
  26   (0.016) 0.003 0.003 0.005 0.010 0.008 0.050 
  27   (0.029) 0.006 0.059 0.010 0.012 0.023 0.022 
  28   (0.014) 0.005 0.003 0.006 0.053 0.004 0.006 
  29   (0.013) 0.007 0.002 0.006 0.011 0.004 0.005 
  30   (0.016) 0.003 0.032 0.003 0.003 0.009 0.003 
  31   (0.010) 0.003 0.002 0.002 0.002 0.006 0.005 

Locus 8 : b126 
16 alleles
0.0% missing data
   1   (0.043) 0.038 0.012 0.056 0.012 0.032 0.028 
   2   (0.050) 0.116 0.008 0.016 0.016 0.061 0.063 
   3   (0.307) 0.237 0.398 0.288 0.466 0.363 0.368 
   4   (0.031) 0.012 0.008 0.018 0.016 0.015 0.064 
   5   (0.073) 0.034 0.065 0.139 0.085 0.040 0.065 
   6   (0.065) 0.018 0.155 0.022 0.040 0.147 0.050 
   7   (0.104) 0.023 0.127 0.166 0.181 0.108 0.085 
   8   (0.029) 0.008 0.069 0.008 0.011 0.013 0.035 
   9   (0.013) 0.002 0.002 0.032 0.002 0.003 0.002 
  10   (0.040) 0.025 0.047 0.091 0.011 0.014 0.024 
  11   (0.092) 0.355 0.027 0.042 0.118 0.088 0.069 
  12   (0.031) 0.029 0.028 0.008 0.012 0.031 0.010 
  13   (0.068) 0.092 0.044 0.071 0.018 0.045 0.080 
  14   (0.021) 0.004 0.004 0.009 0.006 0.009 0.047 
  15   (0.016) 0.003 0.003 0.010 0.003 0.022 0.003 
  16   (0.017) 0.003 0.003 0.023 0.005 0.007 0.006 

Locus 9 : btms0062 
34 alleles
0.0% missing data
   1   (0.030) 0.074 0.008 0.044 0.048 0.009 0.010 
   2   (0.049) 0.100 0.014 0.039 0.027 0.025 0.147 
   3   (0.082) 0.104 0.064 0.040 0.103 0.205 0.048 
   4   (0.091) 0.059 0.189 0.202 0.153 0.058 0.089 
   5   (0.051) 0.028 0.016 0.059 0.133 0.086 0.036 
   6   (0.026) 0.008 0.005 0.012 0.027 0.025 0.028 
   7   (0.012) 0.003 0.002 0.005 0.005 0.012 0.004 
   8   (0.019) 0.005 0.004 0.004 0.006 0.069 0.022 
   9   (0.043) 0.020 0.017 0.030 0.072 0.019 0.091 
  10   (0.054) 0.046 0.062 0.068 0.027 0.041 0.054 
  11   (0.071) 0.027 0.049 0.138 0.146 0.055 0.056 
  12   (0.043) 0.010 0.040 0.073 0.012 0.031 0.151 
  13   (0.045) 0.026 0.019 0.107 0.021 0.050 0.025 
  14   (0.042) 0.014 0.241 0.015 0.020 0.038 0.042 
  15   (0.019) 0.004 0.006 0.005 0.005 0.086 0.005 
  16   (0.018) 0.004 0.016 0.004 0.037 0.012 0.004 
  17   (0.016) 0.134 0.003 0.010 0.004 0.004 0.004 
  18   (0.014) 0.003 0.002 0.025 0.003 0.004 0.006 
  19   (0.044) 0.077 0.090 0.019 0.013 0.020 0.049 
  20   (0.012) 0.028 0.002 0.002 0.002 0.002 0.002 
  21   (0.030) 0.052 0.005 0.024 0.018 0.014 0.037 
  22   (0.017) 0.085 0.003 0.003 0.003 0.018 0.003 
  23   (0.010) 0.025 0.002 0.003 0.002 0.002 0.002 
  24   (0.019) 0.005 0.007 0.005 0.011 0.010 0.039 
  25   (0.013) 0.014 0.003 0.004 0.005 0.004 0.005 
  26   (0.030) 0.019 0.063 0.028 0.038 0.014 0.016 
  27   (0.019) 0.004 0.007 0.011 0.024 0.030 0.004 
  28   (0.012) 0.002 0.002 0.002 0.002 0.019 0.002 
  29   (0.011) 0.005 0.002 0.002 0.018 0.003 0.004 
  30   (0.010) 0.002 0.027 0.002 0.002 0.002 0.002 
  31   (0.013) 0.003 0.002 0.002 0.003 0.018 0.003 
  32   (0.011) 0.002 0.002 0.006 0.005 0.003 0.003 
  33   (0.012) 0.004 0.002 0.002 0.002 0.007 0.005 
  34   (0.012) 0.002 0.024 0.002 0.003 0.004 0.002 

Locus 10 : btern02 
25 alleles
4.8% missing data
   1   (0.103) 0.127 0.063 0.088 0.154 0.108 0.163 
   2   (0.010) 0.014 0.002 0.002 0.002 0.002 0.002 
   3   (0.075) 0.028 0.024 0.119 0.091 0.118 0.117 
   4   (0.052) 0.017 0.090 0.137 0.014 0.036 0.048 
   5   (0.027) 0.016 0.007 0.028 0.037 0.015 0.013 
   6   (0.043) 0.025 0.020 0.043 0.150 0.031 0.028 
   7   (0.029) 0.006 0.122 0.026 0.006 0.030 0.009 
   8   (0.038) 0.091 0.008 0.018 0.032 0.035 0.020 
   9   (0.073) 0.084 0.056 0.100 0.046 0.156 0.025 
  10   (0.032) 0.009 0.007 0.020 0.041 0.027 0.089 
  11   (0.059) 0.022 0.073 0.023 0.032 0.112 0.084 
  12   (0.034) 0.122 0.006 0.012 0.020 0.019 0.048 
  13   (0.050) 0.050 0.048 0.067 0.015 0.030 0.044 
  14   (0.053) 0.143 0.118 0.037 0.016 0.024 0.049 
  15   (0.011) 0.002 0.002 0.002 0.080 0.002 0.002 
  16   (0.048) 0.058 0.051 0.021 0.026 0.036 0.050 
  17   (0.028) 0.007 0.055 0.025 0.035 0.010 0.015 
  18   (0.040) 0.012 0.167 0.021 0.018 0.022 0.086 
  19   (0.039) 0.008 0.012 0.072 0.056 0.067 0.016 
  20   (0.043) 0.056 0.009 0.066 0.013 0.037 0.037 
  21   (0.025) 0.051 0.009 0.006 0.010 0.021 0.011 
  22   (0.014) 0.018 0.006 0.003 0.003 0.006 0.004 
  23   (0.034) 0.023 0.006 0.031 0.013 0.038 0.029 
  24   (0.028) 0.006 0.036 0.017 0.086 0.015 0.007 
  25   (0.011) 0.002 0.005 0.014 0.003 0.003 0.005 

Locus 11 : btms0086 
3 alleles
0.0% missing data
   1   (0.839) 0.784 0.919 0.763 0.919 0.894 0.845 
   2   (0.138) 0.195 0.072 0.233 0.075 0.074 0.151 
   3   (0.023) 0.021 0.009 0.004 0.005 0.031 0.004 

Locus 12 : bl13 
3 alleles
0.0% missing data
   1   (0.070) 0.194 0.290 0.039 0.022 0.027 0.026 
   2   (0.827) 0.785 0.652 0.853 0.788 0.873 0.886 
   3   (0.103) 0.021 0.058 0.109 0.189 0.100 0.088 

Locus 13 : btms0059 
9 alleles
0.0% missing data
   1   (0.345) 0.367 0.299 0.333 0.422 0.481 0.257 
   2   (0.103) 0.126 0.019 0.047 0.164 0.082 0.278 
   3   (0.066) 0.108 0.103 0.034 0.031 0.055 0.025 
   4   (0.055) 0.044 0.020 0.088 0.021 0.040 0.029 
   5   (0.082) 0.039 0.054 0.041 0.092 0.098 0.076 
   6   (0.298) 0.300 0.497 0.436 0.243 0.215 0.285 
   7   (0.015) 0.003 0.002 0.003 0.008 0.004 0.035 
   8   (0.024) 0.008 0.004 0.015 0.015 0.021 0.009 
   9   (0.011) 0.004 0.003 0.003 0.004 0.003 0.005 

Values of parameters used in structure:
DATAFILE=/Users/johnmola/Desktop/rpbbfeb27/rpbbstructure/project_data,	OUTFILE=/Users/johnmola/Desktop/rpbbfeb27/rpbbstructure/rpbb20k100k/Results/rpbb20k100k_run_56,	NUMINDS=231,	NUMLOCI=13,	MISSING=-9,	LABEL=1,	POPDATA=1,	POPFLAG=0,	PHENOTYPE=0,	EXTRACOLS=0,	MAXPOPS=6,	BURNIN=20000,	NUMREPS=100000,	USEPOPINFO=0,	INFERALPHA=1,	INFERLAMBDA=0,	POPSPECIFICLAMBDA=0,	POPALPHAS=0,	COMPUTEPROB=1,	NOADMIX=0,	ADMBURNIN=2500,	UPDATEFREQ=1,	PRINTLIKES=0,	INTERMEDSAVE=0,	PRINTKLD=0,	PRINTNET=0,	PRINTLAMBDA=0,	ANCESTDIST=0,	NUMBOXES=1000,	ANCESTPINT=0.90000,	GENSBACK=2,	MIGRPRIOR=0.05000,	PRINTQHAT=0,	PRINTQSUM=0,	ALPHA=1.0000,	FREQSCORR=1,	FPRIORMEAN=0.0100,	FPRIORSD=0.0500,	ONEFST=0,	LAMBDA=1.0000,	UNIFPRIORALPHA=1,	ALPHAMAX=10.0000,	ALPHAPRIORA=1.0000,	ALPHAPRIORB=2.0000,	ALPHAPROPSD=0.0250,	STARTATPOPINFO=0,	RANDOMIZE=1,	LINKAGE=0,	METROFREQ=10,	REPORTHITRATE=0,	MARKOVPHASE=-1,	PHASED=0,	PLOIDY=2,	PHASEINFO=0	LOCPRIOR=0, 	LOCPRIORINIT=1.000000, 	LOCDATA=0, 	LOCISPOP=0, 	LOCPRIORSTEP=0.100000, 	MAXLOCPRIOR=20.000000, 	SEED=1677520430,	
[STRAT parameters]:    NUMSIMSTATS=1000,	PHENOTYPECOL=-9,	POOLFREQ=10,	LOCUSxONLY=0,	EMERROR=0.00100,	MISSINGPHENO=-9,	