

----------------------------------------------------
STRUCTURE by Pritchard, Stephens and Donnelly (2000)
     and Falush, Stephens and Pritchard (2003)
       Code by Pritchard, Falush and Hubisz
             Version 2.3.4 (Jul 2012)
----------------------------------------------------



Command line arguments:   bin/structure -m "/Users/johnmola/Desktop/rpbbfeb27/rpbbstructure/rpbb20k100k/mainparams" -e "/Users/johnmola/Desktop/rpbbfeb27/rpbbstructure/rpbb20k100k/extraparams" 
Input File:    /Users/johnmola/Desktop/rpbbfeb27/rpbbstructure/project_data

Run parameters:
   231 individuals
   13 loci
   5 populations assumed
   20000 Burn-in period
   100000 Reps


--------------------------------------------
Proportion of membership of each pre-defined
 population in each of the 5 clusters

Given    Inferred Clusters                     Number of
 Pop       1      2      3      4      5      Individuals

  1:     0.841  0.043  0.073  0.018  0.025       21
  2:     0.027  0.379  0.251  0.019  0.324        7
  3:     0.111  0.327  0.450  0.055  0.056        7
  4:     0.075  0.132  0.410  0.061  0.322        8
  5:     0.273  0.207  0.356  0.054  0.110        4
  6:     0.055  0.348  0.307  0.127  0.164       35
  7:     0.110  0.296  0.361  0.070  0.163       40
  8:     0.081  0.270  0.358  0.137  0.153       19
  9:     0.288  0.072  0.460  0.055  0.125        4
 10:     0.065  0.337  0.083  0.331  0.184       11
 11:     0.162  0.031  0.192  0.017  0.599        8
 12:     0.063  0.134  0.090  0.394  0.320       60
 13:     0.081  0.227  0.514  0.051  0.126        7
--------------------------------------------

Allele-freq. divergence among pops (Net nucleotide distance),
computed using point estimates of P.

      1       2       3       4       5      
 1      -    0.0225  0.0243  0.0308  0.0249  
 2   0.0225     -    0.0176  0.0245  0.0196  
 3   0.0243  0.0176     -    0.0249  0.0152  
 4   0.0308  0.0245  0.0249     -    0.0216  
 5   0.0249  0.0196  0.0152  0.0216     -    

Average distances (expected heterozygosity) between individuals in same cluster:
cluster  1  : 0.6878 
cluster  2  : 0.6947 
cluster  3  : 0.6858 
cluster  4  : 0.6851 
cluster  5  : 0.6729 

--------------------------------------------
Estimated Ln Prob of Data   = -10052.9
Mean value of ln likelihood = -9657.6
Variance of ln likelihood   = 790.6
Mean value of alpha         = 0.0552

Mean value of Fst_1         = 0.0606
Mean value of Fst_2         = 0.0455
Mean value of Fst_3         = 0.0443
Mean value of Fst_4         = 0.0682
Mean value of Fst_5         = 0.0561


Inferred ancestry of individuals:
        Label (%Miss) Pop:  Inferred clusters
  1  BAFF014    (0)    1 :  0.960 0.013 0.013 0.006 0.008 
  2  BAFF379    (0)    2 :  0.014 0.050 0.107 0.017 0.813 
  3  BAFF212    (0)    3 :  0.036 0.729 0.091 0.088 0.055 
  4  BAFF018    (0)    4 :  0.011 0.029 0.028 0.024 0.908 
  5  BAFF247    (0)    4 :  0.015 0.128 0.469 0.036 0.352 
  6  BAFF024    (0)    5 :  0.025 0.335 0.563 0.056 0.021 
  7  BAFF088    (0)    6 :  0.014 0.874 0.029 0.031 0.053 
  8  BAFF429    (0)    6 :  0.026 0.543 0.280 0.025 0.126 
  9  BAFF087    (7)    7 :  0.010 0.970 0.006 0.007 0.007 
 10  BAFF225    (0)    7 :  0.052 0.488 0.405 0.025 0.030 
 11  BAFF195    (0)    8 :  0.034 0.074 0.102 0.012 0.778 
 12  BAFF238    (0)    9 :  0.164 0.064 0.681 0.047 0.044 
 13  BAFF019    (0)   10 :  0.035 0.082 0.014 0.839 0.031 
 14  BAFF175    (0)   10 :  0.016 0.289 0.201 0.275 0.219 
 15  BAFF156    (0)   11 :  0.005 0.006 0.006 0.006 0.977 
 16  BAFF301    (0)   11 :  0.912 0.023 0.028 0.021 0.015 
 17  BAFF141    (0)   12 :  0.640 0.013 0.016 0.020 0.311 
 18  BAFF302    (0)   12 :  0.022 0.023 0.884 0.045 0.027 
 19  BAFF290    (0)    1 :  0.925 0.017 0.024 0.013 0.020 
 20  BAFF498    (0)    6 :  0.337 0.143 0.277 0.094 0.150 
 21  BAFF455    (0)    7 :  0.029 0.798 0.076 0.048 0.049 
 22  BAFF203    (7)    8 :  0.012 0.913 0.031 0.014 0.031 
 23  BAFF056    (0)   12 :  0.021 0.012 0.022 0.935 0.010 
 24  BAFF327    (0)   12 :  0.076 0.053 0.039 0.276 0.556 
 25  BAFF255    (0)    1 :  0.959 0.010 0.014 0.009 0.009 
 26  BAFF256    (0)    1 :  0.962 0.011 0.007 0.012 0.007 
 27  BAFF257    (0)    1 :  0.972 0.008 0.007 0.006 0.006 
 28  BAFF260    (0)    1 :  0.956 0.016 0.013 0.009 0.006 
 29  BAFF259    (0)    1 :  0.957 0.009 0.009 0.015 0.010 
 30  BAFF261    (0)    1 :  0.964 0.010 0.008 0.009 0.009 
 31  BAFF274    (0)    1 :  0.897 0.023 0.039 0.015 0.025 
 32  BAFF262    (0)    1 :  0.945 0.024 0.010 0.009 0.011 
 33  BAFF294    (0)    1 :  0.950 0.027 0.008 0.008 0.007 
 34  BAFF292    (0)    1 :  0.773 0.010 0.190 0.011 0.016 
 35  BAFF296    (0)    1 :  0.796 0.010 0.160 0.018 0.015 
 36  BAFF295    (0)    1 :  0.911 0.019 0.045 0.013 0.011 
 37  BAFF298    (0)    1 :  0.940 0.013 0.018 0.016 0.013 
 38  BAFF299    (0)    1 :  0.951 0.011 0.007 0.022 0.008 
 39  BAFF375    (0)   13 :  0.025 0.018 0.932 0.013 0.012 
 40  BAFF376    (0)   13 :  0.024 0.070 0.847 0.041 0.018 
 41  BAFF377    (0)   13 :  0.020 0.010 0.949 0.010 0.011 
 42  BAFF022    (0)    5 :  0.576 0.063 0.250 0.016 0.095 
 43  BAFF021    (0)    5 :  0.431 0.151 0.225 0.063 0.130 
 44  BAFF499    (0)    6 :  0.011 0.016 0.054 0.888 0.031 
 45  BAFF204    (0)    8 :  0.012 0.048 0.705 0.058 0.176 
 46  BAFF068    (0)   12 :  0.056 0.010 0.016 0.901 0.017 
 47  BAFF336    (0)   12 :  0.018 0.053 0.025 0.463 0.441 
 48  BAFF447    (0)    7 :  0.010 0.044 0.856 0.019 0.071 
 49  BAFF457    (0)    7 :  0.027 0.011 0.918 0.010 0.033 
 50  BAFF448    (0)    7 :  0.101 0.539 0.136 0.012 0.212 
 51  BAFF465    (0)    7 :  0.017 0.911 0.026 0.016 0.031 
 52  BAFF194    (0)    8 :  0.042 0.071 0.844 0.014 0.029 
 53  BAFF199    (0)    8 :  0.030 0.040 0.265 0.030 0.635 
 54  BAFF500    (0)    6 :  0.454 0.194 0.195 0.135 0.023 
 55  BAFF206    (0)    8 :  0.044 0.397 0.371 0.108 0.080 
 56  BAFF069    (0)   12 :  0.011 0.017 0.013 0.937 0.022 
 57  BAFF330    (0)   12 :  0.018 0.819 0.019 0.022 0.122 
 58  BAFF239    (0)   10 :  0.072 0.029 0.010 0.749 0.141 
 59  BAFF241    (0)   10 :  0.090 0.014 0.009 0.864 0.023 
 60  BAFF157    (0)   11 :  0.006 0.009 0.011 0.009 0.964 
 61  BAFF161    (0)   11 :  0.006 0.009 0.009 0.008 0.968 
 62  BAFF160    (0)   11 :  0.006 0.011 0.009 0.007 0.968 
 63  BAFF008    (0)   12 :  0.052 0.724 0.041 0.144 0.039 
 64  BAFF013    (0)   12 :  0.014 0.911 0.023 0.014 0.038 
 65  BAFF407    (0)   12 :  0.011 0.016 0.010 0.942 0.021 
 66  BAFF503    (0)    6 :  0.007 0.221 0.010 0.723 0.040 
 67  BAFF449    (0)    7 :  0.016 0.893 0.012 0.049 0.029 
 68  BAFF207    (0)    8 :  0.021 0.075 0.129 0.765 0.010 
 69  BAFF070    (0)   12 :  0.009 0.014 0.014 0.946 0.017 
 70  BAFF335    (0)   12 :  0.017 0.035 0.016 0.194 0.738 
 71  BAFF507    (0)    6 :  0.053 0.019 0.899 0.011 0.019 
 72  BAFF450    (0)    7 :  0.214 0.055 0.266 0.065 0.400 
 73  BAFF209    (7)    8 :  0.051 0.271 0.567 0.046 0.066 
 74  BAFF072    (0)   12 :  0.009 0.021 0.015 0.046 0.909 
 75  BAFF339    (0)   12 :  0.017 0.027 0.170 0.731 0.056 
 76  BAFF508    (0)    6 :  0.067 0.019 0.020 0.013 0.881 
 77  BAFF451    (0)    7 :  0.014 0.070 0.870 0.025 0.022 
 78  BAFF210    (0)    8 :  0.098 0.210 0.175 0.498 0.019 
 79  BAFF139    (0)   12 :  0.056 0.033 0.830 0.017 0.064 
 80  BAFF341    (0)   12 :  0.035 0.147 0.212 0.048 0.559 
 81  BAFF509    (0)    6 :  0.036 0.891 0.024 0.036 0.013 
 82  BAFF453    (0)    7 :  0.012 0.298 0.295 0.356 0.040 
 83  BAFF389    (0)    8 :  0.090 0.039 0.728 0.009 0.134 
 84  BAFF163    (0)   12 :  0.005 0.022 0.008 0.949 0.017 
 85  BAFF344    (7)   12 :  0.010 0.042 0.063 0.483 0.401 
 86  BAFF510    (0)    6 :  0.013 0.278 0.435 0.046 0.228 
 87  BAFF456    (0)    7 :  0.020 0.012 0.909 0.033 0.026 
 88  BAFF390    (0)    8 :  0.011 0.068 0.903 0.009 0.009 
 89  BAFF142    (0)   12 :  0.653 0.016 0.023 0.116 0.192 
 90  BAFF363    (7)   12 :  0.008 0.014 0.008 0.934 0.037 
 91  BAFF517    (0)    6 :  0.007 0.018 0.921 0.025 0.028 
 92  BAFF458    (0)    7 :  0.178 0.509 0.104 0.084 0.126 
 93  BAFF391    (0)    8 :  0.283 0.046 0.090 0.444 0.137 
 94  BAFF149    (0)   12 :  0.013 0.014 0.053 0.161 0.758 
 95  BAFF366    (7)   12 :  0.015 0.010 0.456 0.142 0.377 
 96  BAFF512    (0)    6 :  0.245 0.288 0.303 0.064 0.100 
 97  BAFF460    (0)    7 :  0.019 0.016 0.308 0.063 0.593 
 98  BAFF138    (0)   12 :  0.054 0.010 0.017 0.187 0.732 
 99  BAFF374    (0)   12 :  0.031 0.727 0.017 0.193 0.032 
100  BAFF015    (0)    1 :  0.955 0.014 0.008 0.015 0.009 
101  BAFF380    (0)    2 :  0.026 0.596 0.022 0.047 0.309 
102  BAFF216    (0)    3 :  0.074 0.390 0.463 0.043 0.030 
103  BAFF017    (0)    4 :  0.039 0.020 0.892 0.041 0.008 
104  BAFF245    (0)    4 :  0.336 0.153 0.401 0.042 0.068 
105  BAFF378    (7)   13 :  0.358 0.119 0.346 0.022 0.155 
106  BAFF023    (0)    5 :  0.061 0.280 0.387 0.079 0.192 
107  BAFF079    (0)    6 :  0.046 0.270 0.589 0.054 0.042 
108  BAFF435    (0)    6 :  0.020 0.133 0.491 0.084 0.272 
109  BAFF174    (7)    7 :  0.012 0.402 0.415 0.128 0.044 
110  BAFF226    (0)    7 :  0.021 0.015 0.913 0.012 0.039 
111  BAFF190    (0)    8 :  0.021 0.760 0.018 0.087 0.113 
112  BAFF243    (0)    9 :  0.043 0.037 0.787 0.011 0.121 
113  BAFF177    (0)   10 :  0.029 0.886 0.044 0.011 0.030 
114  BAFF364    (7)   11 :  0.019 0.146 0.039 0.024 0.772 
115  BAFF305    (0)   12 :  0.036 0.030 0.058 0.177 0.699 
116  BAFF513    (0)    6 :  0.067 0.858 0.040 0.018 0.017 
117  BAFF462    (0)    7 :  0.695 0.183 0.023 0.068 0.031 
118  BAFF143    (0)   12 :  0.010 0.034 0.155 0.223 0.579 
119  BAFF403    (0)   12 :  0.008 0.009 0.008 0.964 0.010 
120  BAFF514    (0)    6 :  0.011 0.673 0.017 0.279 0.019 
121  BAFF463    (0)    7 :  0.009 0.970 0.008 0.006 0.008 
122  BAFF137    (0)   12 :  0.016 0.664 0.020 0.068 0.231 
123  BAFF404    (0)   12 :  0.014 0.010 0.011 0.947 0.018 
124  BAFF515    (0)    6 :  0.026 0.642 0.171 0.041 0.120 
125  BAFF144    (0)   12 :  0.021 0.347 0.023 0.084 0.525 
126  BAFF405    (7)   12 :  0.041 0.087 0.020 0.108 0.744 
127  BAFF518    (0)    6 :  0.028 0.015 0.033 0.833 0.091 
128  BAFF467    (0)    7 :  0.039 0.450 0.399 0.045 0.067 
129  BAFF145    (0)   12 :  0.057 0.034 0.041 0.016 0.851 
130  BAFF406    (0)   12 :  0.010 0.046 0.016 0.215 0.715 
131  BAFF519    (0)    6 :  0.015 0.133 0.718 0.023 0.111 
132  BAFF471    (0)    7 :  0.094 0.355 0.196 0.051 0.305 
133  BAFF136    (0)   12 :  0.006 0.058 0.025 0.878 0.032 
134  BAFF520    (7)    6 :  0.068 0.228 0.472 0.148 0.084 
135  BAFF472    (0)    7 :  0.069 0.438 0.132 0.060 0.302 
136  BAFF165    (0)   12 :  0.094 0.020 0.644 0.166 0.076 
137  BAFF408    (0)   12 :  0.051 0.019 0.019 0.176 0.735 
138  BAFF522    (0)    6 :  0.032 0.892 0.018 0.036 0.022 
139  BAFF475    (0)    7 :  0.011 0.059 0.811 0.041 0.077 
140  BAFF140    (0)   12 :  0.026 0.303 0.072 0.104 0.495 
141  BAFF409    (0)   12 :  0.102 0.047 0.012 0.823 0.016 
142  BAFF523    (0)    6 :  0.016 0.880 0.023 0.009 0.072 
143  BAFF476    (0)    7 :  0.012 0.017 0.691 0.030 0.250 
144  BAFF147    (0)   12 :  0.021 0.179 0.035 0.456 0.308 
145  BAFF410    (0)   12 :  0.024 0.014 0.052 0.869 0.041 
146  BAFF477    (0)    7 :  0.177 0.021 0.708 0.012 0.082 
147  BAFF411    (0)   12 :  0.624 0.019 0.039 0.140 0.177 
148  BAFF486    (7)    7 :  0.015 0.011 0.738 0.011 0.225 
149  BAFF412    (7)   12 :  0.073 0.093 0.028 0.784 0.021 
150  BAFF258    (0)    1 :  0.411 0.481 0.038 0.026 0.044 
151  BAFF392    (0)    2 :  0.006 0.962 0.008 0.007 0.016 
152  BAFF217    (0)    3 :  0.019 0.018 0.902 0.020 0.040 
153  BAFF016    (0)    4 :  0.006 0.016 0.662 0.057 0.259 
154  BAFF246    (0)    4 :  0.011 0.108 0.791 0.033 0.057 
155  BAFF381    (0)   13 :  0.017 0.063 0.456 0.128 0.336 
156  BAFF078    (0)    6 :  0.007 0.014 0.009 0.045 0.925 
157  BAFF481    (0)    6 :  0.065 0.174 0.319 0.119 0.323 
158  BAFF436    (0)    7 :  0.111 0.671 0.096 0.068 0.054 
159  BAFF191    (0)    8 :  0.015 0.264 0.686 0.022 0.012 
160  BAFF382    (0)    9 :  0.013 0.172 0.352 0.146 0.317 
161  BAFF178    (0)   10 :  0.011 0.882 0.049 0.048 0.010 
162  BAFF159    (7)   11 :  0.024 0.021 0.912 0.026 0.016 
163  BAFF365    (7)   11 :  0.316 0.025 0.520 0.030 0.108 
164  BAFF007    (0)   12 :  0.133 0.044 0.169 0.039 0.615 
165  BAFF304    (7)   12 :  0.019 0.016 0.034 0.130 0.802 
166  BAFF487    (0)    7 :  0.059 0.593 0.136 0.058 0.156 
167  BAFF415    (0)   12 :  0.077 0.047 0.070 0.732 0.074 
168  BAFF488    (0)    7 :  0.800 0.023 0.139 0.016 0.021 
169  BAFF417    (0)   12 :  0.022 0.060 0.038 0.491 0.389 
170  BAFF489    (0)    7 :  0.013 0.136 0.141 0.064 0.645 
171  BAFF426    (0)   12 :  0.019 0.021 0.014 0.936 0.010 
172  BAFF490    (7)    7 :  0.032 0.151 0.558 0.017 0.243 
173  BAFF491    (0)    7 :  0.093 0.540 0.165 0.012 0.189 
174  BAFF492    (0)    7 :  0.016 0.083 0.655 0.047 0.198 
175  BAFF493    (0)    7 :  0.723 0.167 0.039 0.041 0.030 
176  BAFF506    (0)    7 :  0.305 0.536 0.058 0.025 0.077 
177  BAFF393    (0)    2 :  0.026 0.023 0.077 0.013 0.861 
178  BAFF218    (0)    3 :  0.059 0.070 0.804 0.024 0.042 
179  BAFF254    (0)    4 :  0.040 0.022 0.015 0.014 0.910 
180  BAFF385    (0)   13 :  0.094 0.455 0.039 0.118 0.293 
181  BAFF076    (0)    6 :  0.013 0.954 0.008 0.012 0.012 
182  BAFF482    (0)    6 :  0.014 0.215 0.286 0.113 0.372 
183  BAFF437    (0)    7 :  0.072 0.037 0.813 0.033 0.044 
184  BAFF192    (0)    8 :  0.027 0.438 0.072 0.015 0.448 
185  BAFF383    (0)    9 :  0.931 0.018 0.019 0.017 0.016 
186  BAFF180    (0)   10 :  0.010 0.608 0.164 0.199 0.018 
187  BAFF048    (7)   12 :  0.200 0.326 0.037 0.022 0.416 
188  BAFF306    (0)   12 :  0.013 0.098 0.115 0.105 0.668 
189  BAFF394    (0)    2 :  0.060 0.081 0.653 0.022 0.184 
190  BAFF219    (0)    3 :  0.014 0.051 0.869 0.023 0.043 
191  BAFF388    (0)    4 :  0.143 0.580 0.023 0.240 0.014 
192  BAFF386    (7)   13 :  0.031 0.856 0.031 0.025 0.057 
193  BAFF084    (0)    6 :  0.014 0.015 0.038 0.009 0.924 
194  BAFF483    (0)    6 :  0.041 0.657 0.136 0.123 0.043 
195  BAFF438   (15)    7 :  0.018 0.057 0.047 0.060 0.819 
196  BAFF193    (0)    8 :  0.696 0.137 0.087 0.027 0.052 
197  BAFF183    (0)   10 :  0.352 0.117 0.305 0.138 0.089 
198  BAFF153    (0)   12 :  0.009 0.013 0.014 0.180 0.784 
199  BAFF307    (0)   12 :  0.015 0.026 0.022 0.043 0.894 
200  BAFF397    (0)    2 :  0.012 0.006 0.882 0.018 0.081 
201  BAFF220    (0)    3 :  0.015 0.942 0.010 0.013 0.020 
202  BAFF095    (0)    6 :  0.041 0.922 0.011 0.014 0.012 
203  BAFF494    (0)    6 :  0.008 0.794 0.087 0.035 0.077 
204  BAFF439    (0)    7 :  0.018 0.036 0.108 0.765 0.073 
205  BAFF182    (0)   10 :  0.028 0.712 0.032 0.152 0.076 
206  BAFF054    (0)   12 :  0.007 0.009 0.008 0.967 0.010 
207  BAFF308    (0)   12 :  0.029 0.056 0.048 0.122 0.745 
208  BAFF266    (0)    1 :  0.366 0.071 0.217 0.114 0.232 
209  BAFF398    (7)    2 :  0.044 0.933 0.008 0.007 0.008 
210  BAFF221    (0)    3 :  0.562 0.087 0.013 0.177 0.161 
211  BAFF090    (0)    6 :  0.065 0.165 0.036 0.287 0.448 
212  BAFF495    (0)    6 :  0.011 0.016 0.946 0.014 0.012 
213  BAFF459    (0)    7 :  0.010 0.019 0.934 0.012 0.025 
214  BAFF197    (0)    8 :  0.021 0.025 0.638 0.264 0.050 
215  BAFF188    (0)   10 :  0.063 0.032 0.055 0.359 0.492 
216  BAFF051    (0)   12 :  0.034 0.128 0.082 0.720 0.035 
217  BAFF309    (0)   12 :  0.030 0.377 0.319 0.029 0.245 
218  BAFF269    (0)    1 :  0.217 0.058 0.674 0.018 0.032 
219  BAFF077    (0)    6 :  0.011 0.007 0.947 0.013 0.022 
220  BAFF496    (0)    6 :  0.015 0.016 0.947 0.013 0.009 
221  BAFF443    (0)    7 :  0.246 0.122 0.192 0.276 0.164 
222  BAFF198    (0)    8 :  0.020 0.463 0.337 0.132 0.048 
223  BAFF053    (0)   12 :  0.031 0.015 0.068 0.301 0.583 
224  BAFF310    (0)   12 :  0.015 0.016 0.019 0.853 0.097 
225  BAFF282    (0)    1 :  0.900 0.036 0.031 0.016 0.017 
226  BAFF497    (0)    6 :  0.012 0.015 0.944 0.017 0.011 
227  BAFF466    (0)    7 :  0.019 0.124 0.146 0.044 0.668 
228  BAFF200    (7)    8 :  0.015 0.793 0.063 0.046 0.082 
229  BAFF240    (0)   10 :  0.014 0.056 0.027 0.011 0.892 
230  BAFF055    (0)   12 :  0.026 0.032 0.016 0.895 0.032 
231  BAFF311    (7)   12 :  0.021 0.945 0.012 0.008 0.014 


Estimated Allele Frequencies in each cluster
First column gives estimated ancestral frequencies


Locus 1 : btern01 
9 alleles
0.0% missing data
   1   (0.139) 0.127 0.154 0.162 0.064 0.147 
   2   (0.017) 0.027 0.005 0.005 0.004 0.004 
   3   (0.153) 0.077 0.118 0.252 0.114 0.190 
   4   (0.213) 0.209 0.202 0.191 0.184 0.246 
   5   (0.292) 0.409 0.214 0.257 0.330 0.347 
   6   (0.077) 0.038 0.059 0.059 0.271 0.031 
   7   (0.057) 0.080 0.188 0.015 0.022 0.021 
   8   (0.016) 0.025 0.003 0.010 0.003 0.003 
   9   (0.035) 0.008 0.056 0.049 0.008 0.012 

Locus 2 : bt28 
5 alleles
0.0% missing data
   1   (0.668) 0.745 0.589 0.712 0.715 0.706 
   2   (0.150) 0.169 0.194 0.125 0.115 0.081 
   3   (0.148) 0.064 0.210 0.090 0.164 0.204 
   4   (0.022) 0.009 0.005 0.071 0.005 0.007 
   5   (0.012) 0.013 0.002 0.002 0.002 0.002 

Locus 3 : b96 
8 alleles
0.9% missing data
   1   (0.323) 0.351 0.360 0.316 0.351 0.309 
   2   (0.485) 0.484 0.526 0.589 0.486 0.491 
   3   (0.041) 0.012 0.031 0.013 0.039 0.086 
   4   (0.017) 0.006 0.003 0.004 0.003 0.034 
   5   (0.050) 0.023 0.038 0.032 0.043 0.031 
   6   (0.029) 0.067 0.029 0.005 0.007 0.009 
   7   (0.041) 0.053 0.010 0.038 0.017 0.037 
   8   (0.015) 0.004 0.003 0.003 0.055 0.002 

Locus 4 : bt30 
12 alleles
0.9% missing data
   1   (0.117) 0.238 0.157 0.063 0.116 0.059 
   2   (0.277) 0.292 0.290 0.335 0.258 0.295 
   3   (0.075) 0.027 0.048 0.159 0.048 0.086 
   4   (0.185) 0.154 0.219 0.153 0.233 0.210 
   5   (0.013) 0.003 0.017 0.003 0.003 0.002 
   6   (0.101) 0.091 0.170 0.120 0.057 0.047 
   7   (0.032) 0.023 0.011 0.020 0.039 0.018 
   8   (0.049) 0.038 0.012 0.030 0.062 0.061 
   9   (0.109) 0.080 0.042 0.102 0.175 0.213 
  10   (0.013) 0.049 0.002 0.002 0.002 0.002 
  11   (0.015) 0.003 0.029 0.005 0.005 0.004 
  12   (0.011) 0.002 0.002 0.009 0.002 0.002 

Locus 5 : btms0081 
3 alleles
0.9% missing data
   1   (0.500) 0.604 0.583 0.487 0.328 0.510 
   2   (0.344) 0.218 0.294 0.395 0.446 0.383 
   3   (0.156) 0.178 0.123 0.118 0.226 0.108 

Locus 6 : btms0066 
24 alleles
0.0% missing data
   1   (0.265) 0.372 0.314 0.220 0.341 0.293 
   2   (0.017) 0.051 0.003 0.007 0.003 0.005 
   3   (0.029) 0.006 0.021 0.014 0.019 0.092 
   4   (0.153) 0.081 0.249 0.267 0.167 0.088 
   5   (0.101) 0.078 0.056 0.140 0.121 0.123 
   6   (0.053) 0.015 0.140 0.039 0.025 0.060 
   7   (0.018) 0.015 0.034 0.004 0.003 0.004 
   8   (0.053) 0.067 0.017 0.077 0.031 0.032 
   9   (0.018) 0.004 0.006 0.004 0.004 0.131 
  10   (0.030) 0.117 0.008 0.017 0.005 0.024 
  11   (0.023) 0.113 0.009 0.004 0.012 0.005 
  12   (0.027) 0.009 0.006 0.114 0.017 0.008 
  13   (0.026) 0.007 0.017 0.006 0.015 0.031 
  14   (0.020) 0.004 0.006 0.003 0.031 0.031 
  15   (0.015) 0.006 0.003 0.042 0.003 0.005 
  16   (0.028) 0.010 0.038 0.006 0.071 0.017 
  17   (0.023) 0.018 0.006 0.006 0.057 0.015 
  18   (0.011) 0.002 0.002 0.002 0.024 0.002 
  19   (0.017) 0.003 0.009 0.003 0.009 0.016 
  20   (0.019) 0.005 0.025 0.014 0.008 0.005 
  21   (0.016) 0.007 0.019 0.003 0.003 0.007 
  22   (0.012) 0.002 0.009 0.002 0.002 0.002 
  23   (0.012) 0.002 0.002 0.002 0.024 0.002 
  24   (0.010) 0.006 0.002 0.003 0.003 0.003 

Locus 7 : btms0083 
31 alleles
3.0% missing data
   1   (0.015) 0.165 0.003 0.003 0.003 0.003 
   2   (0.023) 0.093 0.005 0.004 0.005 0.023 
   3   (0.028) 0.007 0.051 0.008 0.008 0.056 
   4   (0.041) 0.047 0.042 0.018 0.013 0.044 
   5   (0.194) 0.234 0.316 0.142 0.249 0.230 
   6   (0.020) 0.011 0.031 0.007 0.006 0.008 
   7   (0.060) 0.036 0.022 0.063 0.149 0.097 
   8   (0.044) 0.025 0.018 0.061 0.032 0.058 
   9   (0.031) 0.008 0.061 0.030 0.008 0.020 
  10   (0.021) 0.006 0.089 0.006 0.014 0.008 
  11   (0.054) 0.021 0.029 0.133 0.011 0.145 
  12   (0.018) 0.036 0.006 0.008 0.004 0.003 
  13   (0.046) 0.011 0.021 0.082 0.076 0.053 
  14   (0.030) 0.009 0.016 0.112 0.007 0.030 
  15   (0.031) 0.022 0.024 0.039 0.008 0.012 
  16   (0.026) 0.040 0.060 0.010 0.006 0.009 
  17   (0.039) 0.062 0.019 0.124 0.008 0.009 
  18   (0.050) 0.044 0.055 0.021 0.110 0.024 
  19   (0.019) 0.012 0.005 0.004 0.090 0.005 
  20   (0.027) 0.006 0.008 0.011 0.058 0.055 
  21   (0.012) 0.025 0.002 0.002 0.002 0.002 
  22   (0.014) 0.022 0.003 0.004 0.003 0.003 
  23   (0.018) 0.018 0.004 0.015 0.003 0.003 
  24   (0.011) 0.003 0.002 0.002 0.012 0.002 
  25   (0.032) 0.008 0.065 0.016 0.011 0.030 
  26   (0.014) 0.003 0.005 0.044 0.003 0.004 
  27   (0.027) 0.006 0.015 0.011 0.062 0.019 
  28   (0.018) 0.006 0.009 0.006 0.004 0.035 
  29   (0.011) 0.007 0.008 0.005 0.002 0.005 
  30   (0.013) 0.003 0.003 0.002 0.031 0.004 
  31   (0.012) 0.005 0.003 0.007 0.002 0.002 

Locus 8 : b126 
16 alleles
0.0% missing data
   1   (0.042) 0.039 0.057 0.029 0.015 0.010 
   2   (0.042) 0.118 0.016 0.076 0.008 0.014 
   3   (0.311) 0.236 0.293 0.351 0.410 0.468 
   4   (0.033) 0.014 0.018 0.052 0.010 0.014 
   5   (0.076) 0.038 0.139 0.062 0.066 0.051 
   6   (0.068) 0.022 0.024 0.091 0.148 0.088 
   7   (0.099) 0.023 0.160 0.073 0.119 0.178 
   8   (0.031) 0.009 0.010 0.029 0.062 0.012 
   9   (0.012) 0.002 0.026 0.002 0.002 0.002 
  10   (0.042) 0.025 0.085 0.021 0.039 0.009 
  11   (0.092) 0.335 0.045 0.074 0.034 0.106 
  12   (0.031) 0.043 0.008 0.014 0.027 0.014 
  13   (0.069) 0.084 0.064 0.075 0.048 0.023 
  14   (0.020) 0.005 0.011 0.038 0.005 0.004 
  15   (0.016) 0.003 0.022 0.004 0.004 0.004 
  16   (0.016) 0.003 0.020 0.009 0.003 0.003 

Locus 9 : btms0062 
34 alleles
0.0% missing data
   1   (0.028) 0.069 0.056 0.008 0.007 0.016 
   2   (0.054) 0.091 0.040 0.110 0.017 0.031 
   3   (0.080) 0.111 0.044 0.062 0.086 0.183 
   4   (0.105) 0.061 0.194 0.104 0.165 0.098 
   5   (0.057) 0.046 0.064 0.058 0.023 0.112 
   6   (0.025) 0.009 0.010 0.029 0.006 0.032 
   7   (0.011) 0.003 0.005 0.008 0.003 0.006 
   8   (0.018) 0.007 0.006 0.066 0.005 0.008 
   9   (0.042) 0.020 0.033 0.075 0.016 0.049 
  10   (0.050) 0.052 0.059 0.065 0.058 0.015 
  11   (0.065) 0.026 0.127 0.046 0.053 0.119 
  12   (0.047) 0.012 0.083 0.099 0.047 0.020 
  13   (0.046) 0.031 0.096 0.033 0.022 0.028 
  14   (0.041) 0.015 0.015 0.038 0.216 0.033 
  15   (0.022) 0.005 0.011 0.010 0.025 0.054 
  16   (0.016) 0.004 0.003 0.003 0.015 0.034 
  17   (0.021) 0.117 0.011 0.005 0.004 0.004 
  18   (0.013) 0.003 0.022 0.005 0.002 0.003 
  19   (0.039) 0.070 0.020 0.039 0.085 0.010 
  20   (0.011) 0.025 0.002 0.002 0.002 0.002 
  21   (0.029) 0.045 0.023 0.037 0.006 0.012 
  22   (0.017) 0.085 0.003 0.006 0.005 0.005 
  23   (0.009) 0.023 0.002 0.002 0.002 0.002 
  24   (0.018) 0.004 0.005 0.041 0.007 0.004 
  25   (0.011) 0.013 0.004 0.006 0.003 0.003 
  26   (0.030) 0.027 0.029 0.013 0.055 0.025 
  27   (0.020) 0.004 0.012 0.004 0.008 0.041 
  28   (0.009) 0.002 0.002 0.002 0.005 0.015 
  29   (0.012) 0.005 0.003 0.004 0.002 0.014 
  30   (0.011) 0.002 0.002 0.002 0.023 0.002 
  31   (0.012) 0.003 0.003 0.008 0.003 0.010 
  32   (0.011) 0.002 0.006 0.002 0.002 0.005 
  33   (0.009) 0.004 0.002 0.006 0.002 0.002 
  34   (0.009) 0.002 0.002 0.002 0.021 0.003 

Locus 10 : btern02 
25 alleles
4.8% missing data
   1   (0.099) 0.128 0.095 0.130 0.068 0.146 
   2   (0.011) 0.013 0.002 0.002 0.002 0.002 
   3   (0.071) 0.027 0.109 0.123 0.026 0.118 
   4   (0.050) 0.018 0.127 0.045 0.083 0.012 
   5   (0.029) 0.015 0.024 0.017 0.008 0.032 
   6   (0.049) 0.031 0.049 0.035 0.021 0.105 
   7   (0.030) 0.006 0.028 0.013 0.117 0.008 
   8   (0.036) 0.083 0.021 0.019 0.009 0.040 
   9   (0.079) 0.103 0.101 0.031 0.071 0.108 
  10   (0.028) 0.008 0.016 0.097 0.008 0.023 
  11   (0.055) 0.027 0.024 0.090 0.093 0.061 
  12   (0.037) 0.108 0.013 0.042 0.010 0.022 
  13   (0.048) 0.046 0.061 0.050 0.043 0.010 
  14   (0.056) 0.132 0.040 0.042 0.105 0.013 
  15   (0.013) 0.002 0.002 0.002 0.002 0.057 
  16   (0.046) 0.054 0.022 0.056 0.048 0.022 
  17   (0.030) 0.009 0.032 0.017 0.048 0.016 
  18   (0.043) 0.014 0.026 0.061 0.155 0.020 
  19   (0.036) 0.008 0.077 0.013 0.014 0.080 
  20   (0.039) 0.055 0.053 0.054 0.009 0.008 
  21   (0.025) 0.047 0.006 0.018 0.011 0.012 
  22   (0.014) 0.016 0.003 0.004 0.007 0.003 
  23   (0.033) 0.037 0.032 0.030 0.007 0.015 
  24   (0.031) 0.008 0.022 0.007 0.031 0.064 
  25   (0.012) 0.003 0.014 0.004 0.005 0.003 

Locus 11 : btms0086 
3 alleles
0.0% missing data
   1   (0.833) 0.789 0.787 0.849 0.912 0.923 
   2   (0.143) 0.178 0.209 0.147 0.075 0.060 
   3   (0.023) 0.033 0.004 0.004 0.014 0.016 

Locus 12 : bl13 
3 alleles
0.0% missing data
   1   (0.079) 0.172 0.045 0.028 0.252 0.026 
   2   (0.824) 0.808 0.854 0.881 0.688 0.801 
   3   (0.096) 0.021 0.100 0.092 0.061 0.174 

Locus 13 : btms0059 
9 alleles
0.0% missing data
   1   (0.339) 0.394 0.342 0.292 0.320 0.459 
   2   (0.107) 0.126 0.063 0.241 0.025 0.118 
   3   (0.065) 0.097 0.038 0.021 0.092 0.058 
   4   (0.053) 0.045 0.082 0.034 0.022 0.019 
   5   (0.078) 0.037 0.044 0.106 0.062 0.079 
   6   (0.308) 0.283 0.406 0.262 0.468 0.242 
   7   (0.015) 0.004 0.003 0.029 0.003 0.004 
   8   (0.024) 0.009 0.018 0.010 0.005 0.019 
   9   (0.011) 0.006 0.003 0.004 0.003 0.002 

Values of parameters used in structure:
DATAFILE=/Users/johnmola/Desktop/rpbbfeb27/rpbbstructure/project_data,	OUTFILE=/Users/johnmola/Desktop/rpbbfeb27/rpbbstructure/rpbb20k100k/Results/rpbb20k100k_run_49,	NUMINDS=231,	NUMLOCI=13,	MISSING=-9,	LABEL=1,	POPDATA=1,	POPFLAG=0,	PHENOTYPE=0,	EXTRACOLS=0,	MAXPOPS=5,	BURNIN=20000,	NUMREPS=100000,	USEPOPINFO=0,	INFERALPHA=1,	INFERLAMBDA=0,	POPSPECIFICLAMBDA=0,	POPALPHAS=0,	COMPUTEPROB=1,	NOADMIX=0,	ADMBURNIN=2500,	UPDATEFREQ=1,	PRINTLIKES=0,	INTERMEDSAVE=0,	PRINTKLD=0,	PRINTNET=0,	PRINTLAMBDA=0,	ANCESTDIST=0,	NUMBOXES=1000,	ANCESTPINT=0.90000,	GENSBACK=2,	MIGRPRIOR=0.05000,	PRINTQHAT=0,	PRINTQSUM=0,	ALPHA=1.0000,	FREQSCORR=1,	FPRIORMEAN=0.0100,	FPRIORSD=0.0500,	ONEFST=0,	LAMBDA=1.0000,	UNIFPRIORALPHA=1,	ALPHAMAX=10.0000,	ALPHAPRIORA=1.0000,	ALPHAPRIORB=2.0000,	ALPHAPROPSD=0.0250,	STARTATPOPINFO=0,	RANDOMIZE=1,	LINKAGE=0,	METROFREQ=10,	REPORTHITRATE=0,	MARKOVPHASE=-1,	PHASED=0,	PLOIDY=2,	PHASEINFO=0	LOCPRIOR=0, 	LOCPRIORINIT=1.000000, 	LOCDATA=0, 	LOCISPOP=0, 	LOCPRIORSTEP=0.100000, 	MAXLOCPRIOR=20.000000, 	SEED=1677519925,	
[STRAT parameters]:    NUMSIMSTATS=1000,	PHENOTYPECOL=-9,	POOLFREQ=10,	LOCUSxONLY=0,	EMERROR=0.00100,	MISSINGPHENO=-9,	