

----------------------------------------------------
STRUCTURE by Pritchard, Stephens and Donnelly (2000)
     and Falush, Stephens and Pritchard (2003)
       Code by Pritchard, Falush and Hubisz
             Version 2.3.4 (Jul 2012)
----------------------------------------------------



Command line arguments:   bin/structure -m "/Users/johnmola/Desktop/rpbbfeb27/rpbbstructure/rpbb20k100k/mainparams" -e "/Users/johnmola/Desktop/rpbbfeb27/rpbbstructure/rpbb20k100k/extraparams" 
Input File:    /Users/johnmola/Desktop/rpbbfeb27/rpbbstructure/project_data

Run parameters:
   231 individuals
   13 loci
   6 populations assumed
   20000 Burn-in period
   100000 Reps


--------------------------------------------
Proportion of membership of each pre-defined
 population in each of the 6 clusters

Given    Inferred Clusters                            Number of
 Pop       1      2      3      4      5      6      Individuals

  1:     0.042  0.064  0.046  0.015  0.018  0.814       21
  2:     0.340  0.207  0.134  0.016  0.283  0.021        7
  3:     0.268  0.249  0.284  0.046  0.052  0.101        7
  4:     0.092  0.211  0.320  0.059  0.254  0.064        8
  5:     0.130  0.349  0.257  0.032  0.064  0.168        4
  6:     0.293  0.205  0.222  0.119  0.119  0.043       35
  7:     0.228  0.370  0.180  0.044  0.090  0.087       40
  8:     0.225  0.186  0.307  0.107  0.111  0.064       19
  9:     0.041  0.276  0.319  0.045  0.053  0.266        4
 10:     0.274  0.074  0.144  0.303  0.170  0.035       11
 11:     0.028  0.162  0.061  0.015  0.581  0.154        8
 12:     0.117  0.117  0.055  0.346  0.311  0.054       60
 13:     0.193  0.233  0.435  0.039  0.045  0.056        7
--------------------------------------------

Allele-freq. divergence among pops (Net nucleotide distance),
computed using point estimates of P.

      1       2       3       4       5       6      
 1      -    0.0169  0.0218  0.0311  0.0259  0.0267  
 2   0.0169     -    0.0110  0.0270  0.0150  0.0224  
 3   0.0218  0.0110     -    0.0307  0.0237  0.0308  
 4   0.0311  0.0270  0.0307     -    0.0286  0.0366  
 5   0.0259  0.0150  0.0237  0.0286     -    0.0306  
 6   0.0267  0.0224  0.0308  0.0366  0.0306     -    

Average distances (expected heterozygosity) between individuals in same cluster:
cluster  1  : 0.6924 
cluster  2  : 0.6861 
cluster  3  : 0.6799 
cluster  4  : 0.6783 
cluster  5  : 0.6701 
cluster  6  : 0.6869 

--------------------------------------------
Estimated Ln Prob of Data   = -9996.4
Mean value of ln likelihood = -9532.5
Variance of ln likelihood   = 928.0
Mean value of alpha         = 0.0524

Mean value of Fst_1         = 0.0559
Mean value of Fst_2         = 0.0424
Mean value of Fst_3         = 0.0634
Mean value of Fst_4         = 0.0832
Mean value of Fst_5         = 0.0670
Mean value of Fst_6         = 0.0703


Inferred ancestry of individuals:
        Label (%Miss) Pop:  Inferred clusters
  1  BAFF014    (0)    1 :  0.012 0.012 0.016 0.006 0.008 0.947 
  2  BAFF379    (0)    2 :  0.036 0.234 0.110 0.010 0.596 0.014 
  3  BAFF212    (0)    3 :  0.476 0.325 0.069 0.068 0.033 0.028 
  4  BAFF018    (0)    4 :  0.020 0.179 0.013 0.016 0.763 0.010 
  5  BAFF247    (0)    4 :  0.048 0.795 0.048 0.017 0.081 0.010 
  6  BAFF024    (0)    5 :  0.258 0.205 0.451 0.048 0.016 0.023 
  7  BAFF088    (0)    6 :  0.854 0.059 0.020 0.030 0.025 0.012 
  8  BAFF429    (0)    6 :  0.308 0.138 0.429 0.016 0.090 0.020 
  9  BAFF087    (7)    7 :  0.965 0.008 0.006 0.006 0.006 0.009 
 10  BAFF225    (0)    7 :  0.381 0.253 0.291 0.018 0.015 0.041 
 11  BAFF195    (0)    8 :  0.046 0.070 0.060 0.009 0.784 0.030 
 12  BAFF238    (0)    9 :  0.035 0.118 0.669 0.033 0.030 0.115 
 13  BAFF019    (0)   10 :  0.056 0.015 0.014 0.864 0.027 0.023 
 14  BAFF175    (0)   10 :  0.201 0.199 0.301 0.117 0.170 0.012 
 15  BAFF156    (0)   11 :  0.006 0.006 0.006 0.006 0.972 0.004 
 16  BAFF301    (0)   11 :  0.021 0.024 0.036 0.023 0.013 0.884 
 17  BAFF141    (0)   12 :  0.012 0.158 0.008 0.009 0.387 0.426 
 18  BAFF302    (0)   12 :  0.027 0.579 0.286 0.058 0.024 0.026 
 19  BAFF290    (0)    1 :  0.015 0.025 0.039 0.012 0.018 0.892 
 20  BAFF498    (0)    6 :  0.072 0.336 0.194 0.067 0.065 0.266 
 21  BAFF455    (0)    7 :  0.734 0.047 0.127 0.036 0.031 0.026 
 22  BAFF203    (7)    8 :  0.881 0.037 0.034 0.013 0.024 0.011 
 23  BAFF056    (0)   12 :  0.010 0.056 0.022 0.881 0.009 0.021 
 24  BAFF327    (0)   12 :  0.040 0.058 0.022 0.236 0.560 0.084 
 25  BAFF255    (0)    1 :  0.009 0.016 0.010 0.007 0.008 0.950 
 26  BAFF256    (0)    1 :  0.011 0.007 0.009 0.011 0.006 0.956 
 27  BAFF257    (0)    1 :  0.008 0.007 0.008 0.005 0.006 0.967 
 28  BAFF260    (0)    1 :  0.014 0.009 0.012 0.008 0.006 0.951 
 29  BAFF259    (0)    1 :  0.008 0.007 0.009 0.017 0.009 0.950 
 30  BAFF261    (0)    1 :  0.010 0.012 0.008 0.008 0.008 0.953 
 31  BAFF274    (0)    1 :  0.023 0.056 0.019 0.015 0.017 0.870 
 32  BAFF262    (0)    1 :  0.031 0.011 0.009 0.010 0.010 0.929 
 33  BAFF294    (0)    1 :  0.029 0.008 0.008 0.008 0.007 0.940 
 34  BAFF292    (0)    1 :  0.009 0.014 0.213 0.010 0.015 0.739 
 35  BAFF296    (0)    1 :  0.009 0.021 0.159 0.016 0.013 0.782 
 36  BAFF295    (0)    1 :  0.027 0.021 0.042 0.013 0.014 0.882 
 37  BAFF298    (0)    1 :  0.012 0.022 0.016 0.014 0.012 0.924 
 38  BAFF299    (0)    1 :  0.012 0.006 0.007 0.029 0.008 0.938 
 39  BAFF375    (0)   13 :  0.011 0.017 0.937 0.010 0.009 0.016 
 40  BAFF376    (0)   13 :  0.058 0.053 0.822 0.034 0.014 0.018 
 41  BAFF377    (0)   13 :  0.009 0.016 0.941 0.008 0.009 0.017 
 42  BAFF022    (0)    5 :  0.047 0.284 0.207 0.013 0.097 0.353 
 43  BAFF021    (0)    5 :  0.135 0.293 0.150 0.037 0.123 0.263 
 44  BAFF499    (0)    6 :  0.014 0.037 0.048 0.864 0.028 0.008 
 45  BAFF204    (0)    8 :  0.030 0.742 0.108 0.047 0.063 0.010 
 46  BAFF068    (0)   12 :  0.009 0.034 0.012 0.853 0.015 0.077 
 47  BAFF336    (0)   12 :  0.045 0.053 0.019 0.502 0.366 0.015 
 48  BAFF447    (0)    7 :  0.021 0.855 0.084 0.012 0.020 0.007 
 49  BAFF457    (0)    7 :  0.011 0.763 0.165 0.008 0.028 0.025 
 50  BAFF448    (0)    7 :  0.434 0.348 0.051 0.009 0.083 0.075 
 51  BAFF465    (0)    7 :  0.876 0.054 0.019 0.014 0.022 0.016 
 52  BAFF194    (0)    8 :  0.057 0.374 0.497 0.012 0.022 0.038 
 53  BAFF199    (0)    8 :  0.025 0.460 0.133 0.023 0.333 0.025 
 54  BAFF500    (0)    6 :  0.125 0.264 0.179 0.103 0.009 0.320 
 55  BAFF206    (0)    8 :  0.333 0.184 0.278 0.064 0.078 0.062 
 56  BAFF069    (0)   12 :  0.016 0.015 0.019 0.921 0.019 0.010 
 57  BAFF330    (0)   12 :  0.743 0.033 0.024 0.025 0.159 0.017 
 58  BAFF239    (0)   10 :  0.028 0.026 0.056 0.723 0.145 0.022 
 59  BAFF241    (0)   10 :  0.013 0.012 0.059 0.875 0.014 0.027 
 60  BAFF157    (0)   11 :  0.009 0.010 0.010 0.008 0.958 0.006 
 61  BAFF161    (0)   11 :  0.008 0.008 0.008 0.008 0.963 0.005 
 62  BAFF160    (0)   11 :  0.010 0.008 0.008 0.006 0.963 0.005 
 63  BAFF008    (0)   12 :  0.622 0.143 0.036 0.126 0.025 0.048 
 64  BAFF013    (0)   12 :  0.888 0.020 0.019 0.011 0.052 0.011 
 65  BAFF407    (0)   12 :  0.015 0.011 0.013 0.926 0.025 0.010 
 66  BAFF503    (0)    6 :  0.102 0.013 0.020 0.848 0.012 0.006 
 67  BAFF449    (0)    7 :  0.892 0.029 0.014 0.028 0.023 0.013 
 68  BAFF207    (0)    8 :  0.045 0.051 0.287 0.591 0.007 0.019 
 69  BAFF070    (0)   12 :  0.014 0.013 0.014 0.935 0.015 0.009 
 70  BAFF335    (0)   12 :  0.039 0.050 0.013 0.051 0.833 0.014 
 71  BAFF507    (0)    6 :  0.016 0.317 0.587 0.009 0.020 0.051 
 72  BAFF450    (0)    7 :  0.036 0.161 0.360 0.040 0.229 0.175 
 73  BAFF209    (7)    8 :  0.209 0.075 0.581 0.032 0.066 0.038 
 74  BAFF072    (0)   12 :  0.027 0.038 0.013 0.038 0.876 0.008 
 75  BAFF339    (0)   12 :  0.014 0.143 0.381 0.408 0.039 0.015 
 76  BAFF508    (0)    6 :  0.013 0.107 0.024 0.014 0.794 0.048 
 77  BAFF451    (0)    7 :  0.067 0.729 0.160 0.020 0.014 0.011 
 78  BAFF210    (0)    8 :  0.151 0.107 0.183 0.458 0.014 0.086 
 79  BAFF139    (0)   12 :  0.028 0.597 0.245 0.014 0.058 0.058 
 80  BAFF341    (0)   12 :  0.072 0.343 0.296 0.033 0.230 0.026 
 81  BAFF509    (0)    6 :  0.835 0.026 0.049 0.033 0.013 0.045 
 82  BAFF453    (0)    7 :  0.088 0.043 0.716 0.115 0.027 0.009 
 83  BAFF389    (0)    8 :  0.020 0.013 0.871 0.008 0.057 0.032 
 84  BAFF163    (0)   12 :  0.009 0.006 0.007 0.969 0.006 0.004 
 85  BAFF344    (7)   12 :  0.038 0.042 0.070 0.377 0.461 0.011 
 86  BAFF510    (0)    6 :  0.288 0.241 0.229 0.043 0.185 0.013 
 87  BAFF456    (0)    7 :  0.011 0.704 0.218 0.029 0.021 0.017 
 88  BAFF390    (0)    8 :  0.011 0.007 0.961 0.007 0.007 0.007 
 89  BAFF142    (0)   12 :  0.013 0.109 0.014 0.096 0.235 0.532 
 90  BAFF363    (7)   12 :  0.012 0.008 0.008 0.930 0.036 0.007 
 91  BAFF517    (0)    6 :  0.015 0.428 0.501 0.028 0.020 0.008 
 92  BAFF458    (0)    7 :  0.282 0.409 0.112 0.052 0.057 0.088 
 93  BAFF391    (0)    8 :  0.028 0.191 0.036 0.416 0.063 0.266 
 94  BAFF149    (0)   12 :  0.013 0.125 0.096 0.045 0.707 0.014 
 95  BAFF366    (7)   12 :  0.009 0.332 0.155 0.034 0.457 0.014 
 96  BAFF512    (0)    6 :  0.132 0.516 0.109 0.040 0.029 0.174 
 97  BAFF460    (0)    7 :  0.011 0.625 0.063 0.021 0.263 0.017 
 98  BAFF138    (0)   12 :  0.008 0.026 0.012 0.040 0.871 0.042 
 99  BAFF374    (0)   12 :  0.647 0.013 0.024 0.244 0.039 0.032 
100  BAFF015    (0)    1 :  0.012 0.010 0.011 0.014 0.008 0.945 
101  BAFF380    (0)    2 :  0.361 0.041 0.047 0.046 0.488 0.017 
102  BAFF216    (0)    3 :  0.237 0.295 0.366 0.036 0.017 0.049 
103  BAFF017    (0)    4 :  0.012 0.159 0.781 0.024 0.005 0.021 
104  BAFF245    (0)    4 :  0.146 0.257 0.255 0.041 0.060 0.241 
105  BAFF378    (7)   13 :  0.033 0.584 0.105 0.011 0.025 0.242 
106  BAFF023    (0)    5 :  0.079 0.614 0.220 0.032 0.023 0.033 
107  BAFF079    (0)    6 :  0.249 0.188 0.423 0.047 0.052 0.042 
108  BAFF435    (0)    6 :  0.041 0.736 0.139 0.026 0.048 0.011 
109  BAFF174    (7)    7 :  0.077 0.027 0.820 0.044 0.024 0.008 
110  BAFF226    (0)    7 :  0.010 0.807 0.140 0.008 0.020 0.014 
111  BAFF190    (0)    8 :  0.751 0.048 0.025 0.075 0.083 0.019 
112  BAFF243    (0)    9 :  0.025 0.319 0.498 0.008 0.114 0.037 
113  BAFF177    (0)   10 :  0.796 0.021 0.111 0.010 0.033 0.029 
114  BAFF364    (7)   11 :  0.132 0.119 0.040 0.024 0.672 0.014 
115  BAFF305    (0)   12 :  0.026 0.067 0.040 0.068 0.764 0.034 
116  BAFF513    (0)    6 :  0.771 0.060 0.077 0.020 0.016 0.056 
117  BAFF462    (0)    7 :  0.193 0.058 0.036 0.088 0.018 0.606 
118  BAFF143    (0)   12 :  0.033 0.121 0.103 0.118 0.616 0.009 
119  BAFF403    (0)   12 :  0.009 0.008 0.008 0.957 0.010 0.007 
120  BAFF514    (0)    6 :  0.590 0.027 0.047 0.311 0.015 0.009 
121  BAFF463    (0)    7 :  0.963 0.010 0.009 0.005 0.007 0.006 
122  BAFF137    (0)   12 :  0.644 0.099 0.021 0.018 0.205 0.014 
123  BAFF404    (0)   12 :  0.009 0.012 0.010 0.941 0.017 0.012 
124  BAFF515    (0)    6 :  0.498 0.211 0.123 0.044 0.100 0.024 
125  BAFF144    (0)   12 :  0.287 0.060 0.035 0.070 0.533 0.015 
126  BAFF405    (7)   12 :  0.069 0.053 0.017 0.027 0.780 0.054 
127  BAFF518    (0)    6 :  0.013 0.129 0.056 0.679 0.102 0.022 
128  BAFF467    (0)    7 :  0.227 0.457 0.228 0.039 0.021 0.028 
129  BAFF145    (0)   12 :  0.029 0.075 0.028 0.011 0.809 0.048 
130  BAFF406    (0)   12 :  0.040 0.018 0.018 0.227 0.688 0.009 
131  BAFF519    (0)    6 :  0.067 0.215 0.650 0.013 0.041 0.014 
132  BAFF471    (0)    7 :  0.235 0.337 0.104 0.034 0.211 0.080 
133  BAFF136    (0)   12 :  0.051 0.011 0.045 0.844 0.044 0.006 
134  BAFF520    (7)    6 :  0.132 0.409 0.280 0.092 0.035 0.052 
135  BAFF472    (0)    7 :  0.311 0.215 0.210 0.047 0.163 0.054 
136  BAFF165    (0)   12 :  0.021 0.562 0.129 0.131 0.059 0.098 
137  BAFF408    (0)   12 :  0.018 0.055 0.022 0.069 0.795 0.041 
138  BAFF522    (0)    6 :  0.862 0.020 0.028 0.033 0.029 0.029 
139  BAFF475    (0)    7 :  0.048 0.390 0.471 0.042 0.039 0.010 
140  BAFF140    (0)   12 :  0.259 0.038 0.075 0.035 0.571 0.022 
141  BAFF409    (0)   12 :  0.053 0.013 0.013 0.812 0.014 0.095 
142  BAFF523    (0)    6 :  0.815 0.066 0.047 0.009 0.047 0.015 
143  BAFF476    (0)    7 :  0.013 0.329 0.424 0.028 0.195 0.011 
144  BAFF147    (0)   12 :  0.208 0.093 0.034 0.297 0.351 0.017 
145  BAFF410    (0)   12 :  0.011 0.054 0.071 0.802 0.040 0.023 
146  BAFF477    (0)    7 :  0.014 0.785 0.086 0.007 0.033 0.075 
147  BAFF411    (0)   12 :  0.015 0.069 0.062 0.101 0.157 0.596 
148  BAFF486    (7)    7 :  0.006 0.865 0.097 0.007 0.014 0.010 
149  BAFF412    (7)   12 :  0.105 0.039 0.029 0.751 0.022 0.054 
150  BAFF258    (0)    1 :  0.481 0.121 0.026 0.026 0.030 0.316 
151  BAFF392    (0)    2 :  0.955 0.006 0.017 0.006 0.010 0.005 
152  BAFF217    (0)    3 :  0.014 0.108 0.806 0.019 0.039 0.014 
153  BAFF016    (0)    4 :  0.010 0.119 0.604 0.031 0.230 0.006 
154  BAFF246    (0)    4 :  0.056 0.073 0.808 0.022 0.030 0.011 
155  BAFF381    (0)   13 :  0.031 0.730 0.105 0.055 0.066 0.013 
156  BAFF078    (0)    6 :  0.017 0.013 0.011 0.036 0.915 0.007 
157  BAFF481    (0)    6 :  0.083 0.487 0.230 0.061 0.097 0.042 
158  BAFF436    (0)    7 :  0.577 0.064 0.160 0.058 0.046 0.095 
159  BAFF191    (0)    8 :  0.146 0.060 0.752 0.017 0.012 0.013 
160  BAFF382    (0)    9 :  0.082 0.631 0.098 0.125 0.056 0.008 
161  BAFF178    (0)   10 :  0.788 0.017 0.130 0.047 0.009 0.009 
162  BAFF159    (7)   11 :  0.018 0.691 0.246 0.021 0.009 0.014 
163  BAFF365    (7)   11 :  0.018 0.429 0.134 0.021 0.096 0.301 
164  BAFF007    (0)   12 :  0.043 0.301 0.103 0.031 0.415 0.106 
165  BAFF304    (7)   12 :  0.015 0.126 0.016 0.108 0.719 0.015 
166  BAFF487    (0)    7 :  0.319 0.347 0.193 0.040 0.061 0.040 
167  BAFF415    (0)   12 :  0.057 0.119 0.031 0.633 0.079 0.081 
168  BAFF488    (0)    7 :  0.022 0.125 0.096 0.015 0.023 0.718 
169  BAFF417    (0)   12 :  0.055 0.110 0.031 0.484 0.300 0.019 
170  BAFF489    (0)    7 :  0.083 0.517 0.047 0.034 0.309 0.010 
171  BAFF426    (0)   12 :  0.017 0.015 0.012 0.931 0.009 0.016 
172  BAFF490    (7)    7 :  0.104 0.590 0.142 0.012 0.123 0.029 
173  BAFF491    (0)    7 :  0.330 0.442 0.082 0.010 0.085 0.051 
174  BAFF492    (0)    7 :  0.030 0.725 0.190 0.021 0.025 0.010 
175  BAFF493    (0)    7 :  0.148 0.103 0.052 0.036 0.023 0.638 
176  BAFF506    (0)    7 :  0.346 0.261 0.115 0.021 0.028 0.229 
177  BAFF393    (0)    2 :  0.015 0.214 0.062 0.009 0.678 0.021 
178  BAFF218    (0)    3 :  0.076 0.303 0.493 0.022 0.035 0.070 
179  BAFF254    (0)    4 :  0.018 0.075 0.012 0.011 0.851 0.032 
180  BAFF385    (0)   13 :  0.405 0.170 0.100 0.128 0.136 0.061 
181  BAFF076    (0)    6 :  0.947 0.008 0.009 0.013 0.011 0.012 
182  BAFF482    (0)    6 :  0.111 0.665 0.032 0.072 0.110 0.011 
183  BAFF437    (0)    7 :  0.035 0.751 0.119 0.014 0.027 0.054 
184  BAFF192    (0)    8 :  0.466 0.061 0.096 0.014 0.340 0.023 
185  BAFF383    (0)    9 :  0.023 0.036 0.011 0.012 0.014 0.904 
186  BAFF180    (0)   10 :  0.377 0.040 0.415 0.146 0.013 0.009 
187  BAFF048    (7)   12 :  0.176 0.067 0.065 0.022 0.549 0.121 
188  BAFF306    (0)   12 :  0.088 0.159 0.127 0.041 0.574 0.012 
189  BAFF394    (0)    2 :  0.066 0.092 0.594 0.021 0.173 0.053 
190  BAFF219    (0)    3 :  0.039 0.679 0.222 0.017 0.033 0.011 
191  BAFF388    (0)    4 :  0.427 0.030 0.038 0.310 0.012 0.182 
192  BAFF386    (7)   13 :  0.805 0.056 0.034 0.023 0.057 0.024 
193  BAFF084    (0)    6 :  0.012 0.082 0.023 0.008 0.862 0.014 
194  BAFF483    (0)    6 :  0.604 0.108 0.125 0.106 0.023 0.035 
195  BAFF438   (15)    7 :  0.050 0.147 0.043 0.043 0.700 0.017 
196  BAFF193    (0)    8 :  0.104 0.286 0.063 0.024 0.025 0.498 
197  BAFF183    (0)   10 :  0.049 0.239 0.340 0.132 0.064 0.175 
198  BAFF153    (0)   12 :  0.013 0.043 0.011 0.027 0.897 0.009 
199  BAFF307    (0)   12 :  0.021 0.097 0.038 0.024 0.808 0.013 
200  BAFF397    (0)    2 :  0.006 0.845 0.101 0.011 0.029 0.009 
201  BAFF220    (0)    3 :  0.939 0.014 0.008 0.012 0.017 0.009 
202  BAFF095    (0)    6 :  0.904 0.013 0.016 0.013 0.012 0.043 
203  BAFF494    (0)    6 :  0.632 0.221 0.071 0.037 0.032 0.007 
204  BAFF439    (0)    7 :  0.019 0.203 0.242 0.472 0.051 0.012 
205  BAFF182    (0)   10 :  0.607 0.031 0.050 0.198 0.089 0.025 
206  BAFF054    (0)   12 :  0.009 0.009 0.006 0.961 0.009 0.006 
207  BAFF308    (0)   12 :  0.037 0.307 0.019 0.030 0.583 0.024 
208  BAFF266    (0)    1 :  0.036 0.509 0.059 0.057 0.115 0.224 
209  BAFF398    (7)    2 :  0.941 0.016 0.007 0.006 0.006 0.025 
210  BAFF221    (0)    3 :  0.096 0.018 0.021 0.151 0.190 0.524 
211  BAFF090    (0)    6 :  0.108 0.106 0.079 0.394 0.278 0.036 
212  BAFF495    (0)    6 :  0.010 0.041 0.922 0.009 0.009 0.009 
213  BAFF459    (0)    7 :  0.016 0.368 0.555 0.013 0.039 0.009 
214  BAFF197    (0)    8 :  0.022 0.531 0.259 0.121 0.049 0.019 
215  BAFF188    (0)   10 :  0.030 0.158 0.068 0.215 0.486 0.043 
216  BAFF051    (0)   12 :  0.075 0.310 0.056 0.508 0.024 0.027 
217  BAFF309    (0)   12 :  0.167 0.640 0.100 0.018 0.058 0.017 
218  BAFF269    (0)    1 :  0.076 0.434 0.263 0.015 0.039 0.172 
219  BAFF077    (0)    6 :  0.006 0.383 0.578 0.012 0.009 0.010 
220  BAFF496    (0)    6 :  0.010 0.041 0.920 0.010 0.007 0.012 
221  BAFF443    (0)    7 :  0.071 0.486 0.073 0.162 0.074 0.133 
222  BAFF198    (0)    8 :  0.244 0.126 0.522 0.071 0.024 0.012 
223  BAFF053    (0)   12 :  0.013 0.183 0.072 0.106 0.604 0.023 
224  BAFF310    (0)   12 :  0.008 0.043 0.017 0.902 0.021 0.010 
225  BAFF282    (0)    1 :  0.042 0.021 0.029 0.016 0.020 0.873 
226  BAFF497    (0)    6 :  0.014 0.452 0.496 0.014 0.011 0.013 
227  BAFF466    (0)    7 :  0.080 0.353 0.096 0.038 0.415 0.018 
228  BAFF200    (7)    8 :  0.704 0.101 0.092 0.033 0.055 0.014 
229  BAFF240    (0)   10 :  0.069 0.054 0.036 0.010 0.817 0.014 
230  BAFF055    (0)   12 :  0.036 0.029 0.012 0.861 0.037 0.026 
231  BAFF311    (7)   12 :  0.931 0.009 0.017 0.007 0.015 0.021 


Estimated Allele Frequencies in each cluster
First column gives estimated ancestral frequencies


Locus 1 : btern01 
9 alleles
0.0% missing data
   1   (0.141) 0.145 0.148 0.177 0.038 0.165 0.123 
   2   (0.017) 0.004 0.010 0.005 0.004 0.003 0.026 
   3   (0.163) 0.116 0.235 0.206 0.111 0.182 0.076 
   4   (0.213) 0.191 0.187 0.252 0.166 0.237 0.205 
   5   (0.292) 0.202 0.337 0.188 0.339 0.353 0.419 
   6   (0.070) 0.056 0.037 0.077 0.313 0.026 0.034 
   7   (0.052) 0.227 0.016 0.018 0.021 0.020 0.083 
   8   (0.016) 0.003 0.007 0.009 0.002 0.003 0.027 
   9   (0.037) 0.056 0.023 0.067 0.007 0.012 0.008 

Locus 2 : bt28 
5 alleles
0.0% missing data
   1   (0.665) 0.585 0.679 0.703 0.711 0.724 0.756 
   2   (0.149) 0.195 0.115 0.158 0.107 0.078 0.166 
   3   (0.150) 0.212 0.147 0.094 0.176 0.190 0.056 
   4   (0.025) 0.005 0.056 0.043 0.004 0.006 0.008 
   5   (0.011) 0.002 0.003 0.002 0.002 0.002 0.013 

Locus 3 : b96 
8 alleles
0.9% missing data
   1   (0.324) 0.371 0.343 0.297 0.327 0.319 0.353 
   2   (0.489) 0.511 0.549 0.627 0.514 0.446 0.469 
   3   (0.040) 0.027 0.026 0.013 0.037 0.100 0.011 
   4   (0.018) 0.003 0.008 0.004 0.003 0.038 0.005 
   5   (0.050) 0.042 0.034 0.024 0.038 0.038 0.025 
   6   (0.027) 0.033 0.006 0.005 0.006 0.010 0.076 
   7   (0.039) 0.009 0.031 0.028 0.011 0.046 0.058 
   8   (0.013) 0.003 0.003 0.002 0.063 0.002 0.003 

Locus 4 : bt30 
12 alleles
0.9% missing data
   1   (0.112) 0.166 0.105 0.055 0.118 0.045 0.244 
   2   (0.284) 0.279 0.336 0.316 0.278 0.273 0.296 
   3   (0.073) 0.032 0.181 0.116 0.031 0.060 0.020 
   4   (0.186) 0.217 0.144 0.193 0.237 0.230 0.137 
   5   (0.014) 0.017 0.006 0.003 0.003 0.002 0.003 
   6   (0.103) 0.189 0.082 0.129 0.052 0.049 0.096 
   7   (0.035) 0.011 0.028 0.022 0.035 0.017 0.022 
   8   (0.049) 0.012 0.042 0.015 0.060 0.070 0.040 
   9   (0.105) 0.040 0.063 0.130 0.180 0.245 0.082 
  10   (0.013) 0.002 0.003 0.002 0.002 0.002 0.055 
  11   (0.016) 0.034 0.006 0.006 0.004 0.004 0.004 
  12   (0.010) 0.002 0.003 0.011 0.002 0.002 0.002 

Locus 5 : btms0081 
3 alleles
0.9% missing data
   1   (0.503) 0.603 0.543 0.455 0.318 0.488 0.596 
   2   (0.346) 0.282 0.367 0.374 0.457 0.399 0.221 
   3   (0.151) 0.114 0.090 0.171 0.225 0.113 0.184 

Locus 6 : btms0066 
24 alleles
0.0% missing data
   1   (0.267) 0.328 0.280 0.203 0.353 0.282 0.382 
   2   (0.016) 0.003 0.004 0.010 0.003 0.004 0.056 
   3   (0.035) 0.022 0.035 0.016 0.012 0.096 0.007 
   4   (0.151) 0.215 0.214 0.337 0.143 0.069 0.067 
   5   (0.095) 0.046 0.169 0.118 0.114 0.099 0.058 
   6   (0.055) 0.162 0.027 0.053 0.023 0.065 0.013 
   7   (0.019) 0.039 0.007 0.004 0.003 0.003 0.015 
   8   (0.055) 0.017 0.052 0.069 0.031 0.035 0.072 
   9   (0.015) 0.006 0.005 0.003 0.003 0.154 0.003 
  10   (0.030) 0.008 0.025 0.009 0.005 0.024 0.127 
  11   (0.023) 0.009 0.006 0.006 0.012 0.005 0.125 
  12   (0.033) 0.007 0.068 0.095 0.017 0.010 0.008 
  13   (0.026) 0.018 0.012 0.006 0.016 0.031 0.006 
  14   (0.020) 0.005 0.005 0.004 0.036 0.036 0.004 
  15   (0.019) 0.004 0.040 0.014 0.003 0.007 0.007 
  16   (0.025) 0.032 0.008 0.008 0.087 0.025 0.008 
  17   (0.025) 0.007 0.012 0.008 0.063 0.015 0.016 
  18   (0.011) 0.002 0.002 0.002 0.027 0.002 0.002 
  19   (0.016) 0.011 0.005 0.003 0.005 0.020 0.003 
  20   (0.021) 0.025 0.007 0.021 0.010 0.005 0.006 
  21   (0.017) 0.022 0.005 0.003 0.003 0.007 0.007 
  22   (0.008) 0.009 0.002 0.002 0.001 0.002 0.002 
  23   (0.011) 0.002 0.002 0.002 0.027 0.002 0.002 
  24   (0.009) 0.002 0.006 0.002 0.002 0.002 0.004 

Locus 7 : btms0083 
31 alleles
3.0% missing data
   1   (0.013) 0.003 0.003 0.002 0.003 0.003 0.186 
   2   (0.023) 0.005 0.009 0.004 0.004 0.029 0.097 
   3   (0.031) 0.062 0.013 0.009 0.009 0.061 0.007 
   4   (0.042) 0.035 0.039 0.025 0.011 0.034 0.051 
   5   (0.188) 0.330 0.195 0.155 0.266 0.213 0.222 
   6   (0.022) 0.026 0.014 0.011 0.006 0.010 0.008 
   7   (0.062) 0.021 0.077 0.049 0.160 0.101 0.029 
   8   (0.043) 0.018 0.084 0.023 0.019 0.059 0.022 
   9   (0.033) 0.058 0.030 0.040 0.007 0.015 0.008 
  10   (0.023) 0.100 0.008 0.009 0.019 0.010 0.007 
  11   (0.055) 0.022 0.087 0.117 0.010 0.168 0.019 
  12   (0.017) 0.006 0.007 0.011 0.004 0.003 0.036 
  13   (0.051) 0.019 0.053 0.094 0.071 0.057 0.011 
  14   (0.030) 0.010 0.132 0.042 0.005 0.013 0.007 
  15   (0.031) 0.025 0.020 0.047 0.007 0.012 0.022 
  16   (0.030) 0.066 0.022 0.012 0.006 0.007 0.037 
  17   (0.029) 0.012 0.012 0.185 0.005 0.006 0.064 
  18   (0.052) 0.055 0.038 0.031 0.109 0.022 0.042 
  19   (0.020) 0.004 0.011 0.005 0.097 0.005 0.012 
  20   (0.028) 0.007 0.014 0.007 0.056 0.074 0.006 
  21   (0.010) 0.002 0.002 0.002 0.002 0.002 0.028 
  22   (0.013) 0.002 0.003 0.004 0.003 0.003 0.023 
  23   (0.020) 0.005 0.014 0.009 0.003 0.004 0.019 
  24   (0.009) 0.002 0.002 0.002 0.012 0.002 0.003 
  25   (0.031) 0.067 0.039 0.011 0.007 0.022 0.007 
  26   (0.015) 0.005 0.025 0.040 0.003 0.004 0.003 
  27   (0.028) 0.009 0.013 0.032 0.053 0.020 0.006 
  28   (0.017) 0.008 0.010 0.010 0.004 0.034 0.006 
  29   (0.013) 0.006 0.012 0.006 0.002 0.003 0.006 
  30   (0.013) 0.004 0.003 0.003 0.035 0.004 0.003 
  31   (0.010) 0.003 0.006 0.005 0.002 0.002 0.004 

Locus 8 : b126 
16 alleles
0.0% missing data
   1   (0.042) 0.064 0.028 0.025 0.013 0.010 0.041 
   2   (0.047) 0.015 0.053 0.069 0.008 0.015 0.123 
   3   (0.309) 0.275 0.357 0.383 0.403 0.470 0.222 
   4   (0.030) 0.014 0.033 0.058 0.007 0.010 0.010 
   5   (0.077) 0.133 0.087 0.082 0.054 0.038 0.033 
   6   (0.066) 0.019 0.125 0.038 0.162 0.076 0.020 
   7   (0.098) 0.171 0.065 0.081 0.124 0.209 0.021 
   8   (0.030) 0.008 0.021 0.034 0.066 0.010 0.008 
   9   (0.013) 0.032 0.003 0.002 0.002 0.002 0.002 
  10   (0.041) 0.093 0.014 0.028 0.048 0.008 0.025 
  11   (0.093) 0.039 0.103 0.060 0.029 0.108 0.352 
  12   (0.030) 0.007 0.025 0.008 0.028 0.016 0.039 
  13   (0.071) 0.070 0.054 0.082 0.045 0.017 0.093 
  14   (0.021) 0.012 0.018 0.041 0.005 0.004 0.005 
  15   (0.015) 0.025 0.005 0.005 0.003 0.004 0.003 
  16   (0.017) 0.024 0.010 0.004 0.003 0.003 0.003 

Locus 9 : btms0062 
34 alleles
0.0% missing data
   1   (0.029) 0.049 0.020 0.014 0.008 0.021 0.073 
   2   (0.050) 0.039 0.028 0.169 0.014 0.021 0.094 
   3   (0.081) 0.039 0.094 0.067 0.065 0.195 0.113 
   4   (0.105) 0.205 0.139 0.059 0.188 0.091 0.058 
   5   (0.053) 0.058 0.120 0.026 0.015 0.098 0.030 
   6   (0.025) 0.010 0.021 0.029 0.005 0.033 0.008 
   7   (0.013) 0.003 0.016 0.005 0.002 0.003 0.003 
   8   (0.022) 0.006 0.069 0.022 0.005 0.006 0.008 
   9   (0.043) 0.032 0.049 0.079 0.016 0.046 0.021 
  10   (0.051) 0.064 0.068 0.050 0.056 0.011 0.048 
  11   (0.062) 0.134 0.051 0.055 0.048 0.134 0.024 
  12   (0.044) 0.073 0.018 0.178 0.037 0.021 0.011 
  13   (0.047) 0.112 0.036 0.022 0.021 0.034 0.029 
  14   (0.041) 0.013 0.044 0.032 0.244 0.028 0.013 
  15   (0.021) 0.012 0.019 0.010 0.010 0.068 0.004 
  16   (0.016) 0.003 0.004 0.004 0.015 0.041 0.003 
  17   (0.018) 0.011 0.006 0.006 0.003 0.003 0.132 
  18   (0.015) 0.026 0.004 0.007 0.003 0.003 0.003 
  19   (0.043) 0.019 0.029 0.051 0.086 0.009 0.074 
  20   (0.011) 0.002 0.002 0.002 0.002 0.002 0.028 
  21   (0.032) 0.019 0.039 0.029 0.006 0.009 0.048 
  22   (0.016) 0.003 0.008 0.004 0.004 0.005 0.094 
  23   (0.012) 0.003 0.005 0.003 0.002 0.002 0.023 
  24   (0.020) 0.005 0.040 0.017 0.008 0.004 0.005 
  25   (0.012) 0.003 0.010 0.005 0.003 0.002 0.011 
  26   (0.031) 0.026 0.020 0.029 0.068 0.017 0.018 
  27   (0.016) 0.013 0.005 0.003 0.005 0.049 0.003 
  28   (0.009) 0.002 0.002 0.002 0.002 0.020 0.002 
  29   (0.014) 0.003 0.005 0.006 0.003 0.013 0.005 
  30   (0.010) 0.002 0.002 0.002 0.027 0.002 0.002 
  31   (0.012) 0.002 0.016 0.004 0.002 0.005 0.002 
  32   (0.009) 0.006 0.002 0.003 0.001 0.005 0.002 
  33   (0.009) 0.002 0.006 0.004 0.002 0.002 0.004 
  34   (0.008) 0.001 0.002 0.002 0.025 0.001 0.002 

Locus 10 : btern02 
25 alleles
4.8% missing data
   1   (0.100) 0.088 0.080 0.162 0.070 0.167 0.129 
   2   (0.010) 0.002 0.002 0.002 0.002 0.002 0.014 
   3   (0.078) 0.118 0.132 0.108 0.022 0.094 0.028 
   4   (0.051) 0.135 0.039 0.055 0.089 0.011 0.017 
   5   (0.028) 0.020 0.033 0.009 0.006 0.029 0.015 
   6   (0.054) 0.044 0.066 0.033 0.022 0.097 0.027 
   7   (0.029) 0.030 0.020 0.013 0.126 0.006 0.006 
   8   (0.035) 0.016 0.030 0.020 0.007 0.037 0.089 
   9   (0.070) 0.111 0.045 0.028 0.061 0.138 0.095 
  10   (0.027) 0.010 0.086 0.077 0.006 0.007 0.007 
  11   (0.059) 0.024 0.084 0.088 0.073 0.066 0.023 
  12   (0.037) 0.012 0.023 0.052 0.008 0.022 0.117 
  13   (0.047) 0.066 0.044 0.036 0.048 0.009 0.048 
  14   (0.054) 0.040 0.027 0.049 0.121 0.013 0.142 
  15   (0.012) 0.002 0.003 0.002 0.002 0.068 0.002 
  16   (0.046) 0.016 0.070 0.037 0.045 0.016 0.052 
  17   (0.028) 0.022 0.029 0.019 0.058 0.009 0.008 
  18   (0.042) 0.018 0.033 0.098 0.155 0.018 0.012 
  19   (0.041) 0.087 0.029 0.023 0.010 0.077 0.009 
  20   (0.040) 0.063 0.054 0.028 0.008 0.008 0.054 
  21   (0.025) 0.006 0.023 0.012 0.010 0.009 0.049 
  22   (0.013) 0.003 0.005 0.004 0.007 0.003 0.018 
  23   (0.031) 0.035 0.023 0.031 0.006 0.017 0.030 
  24   (0.029) 0.019 0.015 0.007 0.034 0.074 0.006 
  25   (0.013) 0.012 0.005 0.008 0.004 0.003 0.003 

Locus 11 : btms0086 
3 alleles
0.0% missing data
   1   (0.834) 0.786 0.836 0.845 0.921 0.937 0.787 
   2   (0.142) 0.209 0.155 0.150 0.068 0.040 0.183 
   3   (0.024) 0.004 0.009 0.005 0.011 0.023 0.030 

Locus 12 : bl13 
3 alleles
0.0% missing data
   1   (0.074) 0.040 0.037 0.030 0.285 0.022 0.188 
   2   (0.828) 0.850 0.883 0.886 0.658 0.783 0.792 
   3   (0.098) 0.110 0.080 0.084 0.057 0.195 0.020 

Locus 13 : btms0059 
9 alleles
0.0% missing data
   1   (0.338) 0.353 0.358 0.244 0.309 0.493 0.387 
   2   (0.109) 0.049 0.147 0.259 0.020 0.121 0.121 
   3   (0.063) 0.036 0.024 0.027 0.103 0.062 0.107 
   4   (0.054) 0.091 0.041 0.027 0.020 0.018 0.045 
   5   (0.079) 0.038 0.136 0.073 0.047 0.065 0.035 
   6   (0.306) 0.413 0.255 0.321 0.491 0.223 0.289 
   7   (0.016) 0.003 0.012 0.033 0.003 0.004 0.003 
   8   (0.023) 0.015 0.024 0.008 0.004 0.013 0.007 
   9   (0.012) 0.002 0.005 0.006 0.003 0.002 0.004 

Values of parameters used in structure:
DATAFILE=/Users/johnmola/Desktop/rpbbfeb27/rpbbstructure/project_data,	OUTFILE=/Users/johnmola/Desktop/rpbbfeb27/rpbbstructure/rpbb20k100k/Results/rpbb20k100k_run_59,	NUMINDS=231,	NUMLOCI=13,	MISSING=-9,	LABEL=1,	POPDATA=1,	POPFLAG=0,	PHENOTYPE=0,	EXTRACOLS=0,	MAXPOPS=6,	BURNIN=20000,	NUMREPS=100000,	USEPOPINFO=0,	INFERALPHA=1,	INFERLAMBDA=0,	POPSPECIFICLAMBDA=0,	POPALPHAS=0,	COMPUTEPROB=1,	NOADMIX=0,	ADMBURNIN=2500,	UPDATEFREQ=1,	PRINTLIKES=0,	INTERMEDSAVE=0,	PRINTKLD=0,	PRINTNET=0,	PRINTLAMBDA=0,	ANCESTDIST=0,	NUMBOXES=1000,	ANCESTPINT=0.90000,	GENSBACK=2,	MIGRPRIOR=0.05000,	PRINTQHAT=0,	PRINTQSUM=0,	ALPHA=1.0000,	FREQSCORR=1,	FPRIORMEAN=0.0100,	FPRIORSD=0.0500,	ONEFST=0,	LAMBDA=1.0000,	UNIFPRIORALPHA=1,	ALPHAMAX=10.0000,	ALPHAPRIORA=1.0000,	ALPHAPRIORB=2.0000,	ALPHAPROPSD=0.0250,	STARTATPOPINFO=0,	RANDOMIZE=1,	LINKAGE=0,	METROFREQ=10,	REPORTHITRATE=0,	MARKOVPHASE=-1,	PHASED=0,	PLOIDY=2,	PHASEINFO=0	LOCPRIOR=0, 	LOCPRIORINIT=1.000000, 	LOCDATA=0, 	LOCISPOP=0, 	LOCPRIORSTEP=0.100000, 	MAXLOCPRIOR=20.000000, 	SEED=1677520655,	
[STRAT parameters]:    NUMSIMSTATS=1000,	PHENOTYPECOL=-9,	POOLFREQ=10,	LOCUSxONLY=0,	EMERROR=0.00100,	MISSINGPHENO=-9,	