

----------------------------------------------------
STRUCTURE by Pritchard, Stephens and Donnelly (2000)
     and Falush, Stephens and Pritchard (2003)
       Code by Pritchard, Falush and Hubisz
             Version 2.3.4 (Jul 2012)
----------------------------------------------------



Command line arguments:   bin/structure -m "/Users/johnmola/Desktop/rpbbfeb27/rpbbstructure/rpbb20k100k/mainparams" -e "/Users/johnmola/Desktop/rpbbfeb27/rpbbstructure/rpbb20k100k/extraparams" 
Input File:    /Users/johnmola/Desktop/rpbbfeb27/rpbbstructure/project_data

Run parameters:
   231 individuals
   13 loci
   8 populations assumed
   20000 Burn-in period
   100000 Reps


--------------------------------------------
Proportion of membership of each pre-defined
 population in each of the 8 clusters

Given    Inferred Clusters                                          Number of
 Pop       1      2      3      4      5      6      7      8      Individuals

  1:     0.066  0.014  0.047  0.034  0.016  0.737  0.054  0.032       21
  2:     0.073  0.015  0.159  0.300  0.186  0.020  0.151  0.097        7
  3:     0.181  0.031  0.169  0.211  0.071  0.080  0.195  0.062        7
  4:     0.183  0.070  0.177  0.065  0.128  0.052  0.182  0.143        8
  5:     0.068  0.025  0.238  0.080  0.016  0.054  0.247  0.270        4
  6:     0.128  0.096  0.170  0.226  0.088  0.035  0.191  0.068       35
  7:     0.099  0.033  0.249  0.172  0.051  0.066  0.232  0.099       40
  8:     0.220  0.097  0.141  0.178  0.071  0.048  0.142  0.101       19
  9:     0.255  0.031  0.160  0.059  0.038  0.243  0.145  0.069        4
 10:     0.102  0.204  0.096  0.223  0.094  0.026  0.088  0.168       11
 11:     0.020  0.012  0.084  0.016  0.587  0.135  0.093  0.054        8
 12:     0.035  0.308  0.081  0.085  0.080  0.035  0.075  0.301       60
 13:     0.406  0.021  0.159  0.128  0.021  0.041  0.146  0.078        7
--------------------------------------------

Allele-freq. divergence among pops (Net nucleotide distance),
computed using point estimates of P.

      1       2       3       4       5       6       7       8      
 1      -    0.0442  0.0242  0.0383  0.0515  0.0507  0.0230  0.0374  
 2   0.0442     -    0.0311  0.0402  0.0520  0.0444  0.0310  0.0312  
 3   0.0242  0.0311     -    0.0205  0.0281  0.0283  0.0007  0.0150  
 4   0.0383  0.0402  0.0205     -    0.0433  0.0366  0.0186  0.0324  
 5   0.0515  0.0520  0.0281  0.0433     -    0.0548  0.0277  0.0343  
 6   0.0507  0.0444  0.0283  0.0366  0.0548     -    0.0272  0.0338  
 7   0.0230  0.0310  0.0007  0.0186  0.0277  0.0272     -    0.0159  
 8   0.0374  0.0312  0.0150  0.0324  0.0343  0.0338  0.0159     -    

Average distances (expected heterozygosity) between individuals in same cluster:
cluster  1  : 0.6511 
cluster  2  : 0.6745 
cluster  3  : 0.6836 
cluster  4  : 0.6872 
cluster  5  : 0.6440 
cluster  6  : 0.6846 
cluster  7  : 0.6906 
cluster  8  : 0.6741 

--------------------------------------------
Estimated Ln Prob of Data   = -9970.0
Mean value of ln likelihood = -9311.6
Variance of ln likelihood   = 1316.9
Mean value of alpha         = 0.0524

Mean value of Fst_1         = 0.1056
Mean value of Fst_2         = 0.0980
Mean value of Fst_3         = 0.0661
Mean value of Fst_4         = 0.0776
Mean value of Fst_5         = 0.1517
Mean value of Fst_6         = 0.0912
Mean value of Fst_7         = 0.0595
Mean value of Fst_8         = 0.0594


Inferred ancestry of individuals:
        Label (%Miss) Pop:  Inferred clusters
  1  BAFF014    (0)    1 :  0.018 0.006 0.015 0.011 0.009 0.911 0.021 0.010 
  2  BAFF379    (0)    2 :  0.077 0.012 0.234 0.064 0.114 0.014 0.217 0.267 
  3  BAFF212    (0)    3 :  0.063 0.058 0.208 0.270 0.028 0.020 0.317 0.035 
  4  BAFF018    (0)    4 :  0.010 0.021 0.237 0.023 0.237 0.008 0.126 0.339 
  5  BAFF247    (0)    4 :  0.014 0.012 0.365 0.048 0.019 0.008 0.233 0.301 
  6  BAFF024    (0)    5 :  0.145 0.045 0.278 0.161 0.015 0.022 0.307 0.027 
  7  BAFF088    (0)    6 :  0.018 0.033 0.041 0.712 0.036 0.011 0.108 0.040 
  8  BAFF429    (0)    6 :  0.249 0.013 0.170 0.089 0.050 0.018 0.240 0.171 
  9  BAFF087    (7)    7 :  0.007 0.006 0.007 0.867 0.006 0.008 0.093 0.006 
 10  BAFF225    (0)    7 :  0.187 0.018 0.178 0.360 0.011 0.036 0.189 0.022 
 11  BAFF195    (0)    8 :  0.050 0.011 0.078 0.091 0.542 0.041 0.104 0.082 
 12  BAFF238    (0)    9 :  0.628 0.035 0.079 0.046 0.022 0.084 0.072 0.033 
 13  BAFF019    (0)   10 :  0.010 0.802 0.034 0.049 0.025 0.024 0.030 0.025 
 14  BAFF175    (0)   10 :  0.193 0.055 0.079 0.191 0.026 0.011 0.075 0.370 
 15  BAFF156    (0)   11 :  0.005 0.006 0.006 0.005 0.962 0.004 0.005 0.007 
 16  BAFF301    (0)   11 :  0.039 0.022 0.025 0.015 0.011 0.842 0.030 0.016 
 17  BAFF141    (0)   12 :  0.006 0.006 0.199 0.007 0.017 0.137 0.067 0.562 
 18  BAFF302    (0)   12 :  0.056 0.038 0.345 0.020 0.020 0.023 0.469 0.029 
 19  BAFF290    (0)    1 :  0.093 0.012 0.028 0.020 0.008 0.737 0.025 0.077 
 20  BAFF498    (0)    6 :  0.061 0.063 0.250 0.087 0.101 0.193 0.223 0.022 
 21  BAFF455    (0)    7 :  0.097 0.029 0.043 0.710 0.016 0.021 0.031 0.052 
 22  BAFF203    (7)    8 :  0.023 0.012 0.041 0.814 0.013 0.008 0.050 0.040 
 23  BAFF056    (0)   12 :  0.024 0.797 0.071 0.009 0.006 0.016 0.062 0.014 
 24  BAFF327    (0)   12 :  0.014 0.137 0.044 0.029 0.047 0.057 0.046 0.625 
 25  BAFF255    (0)    1 :  0.014 0.007 0.015 0.010 0.006 0.923 0.014 0.011 
 26  BAFF256    (0)    1 :  0.011 0.011 0.007 0.009 0.005 0.944 0.007 0.007 
 27  BAFF257    (0)    1 :  0.008 0.005 0.006 0.007 0.004 0.957 0.006 0.006 
 28  BAFF260    (0)    1 :  0.014 0.007 0.008 0.016 0.005 0.935 0.009 0.007 
 29  BAFF259    (0)    1 :  0.009 0.014 0.008 0.008 0.008 0.937 0.008 0.008 
 30  BAFF261    (0)    1 :  0.008 0.008 0.010 0.009 0.007 0.938 0.011 0.009 
 31  BAFF274    (0)    1 :  0.015 0.014 0.048 0.027 0.011 0.823 0.043 0.019 
 32  BAFF262    (0)    1 :  0.007 0.007 0.011 0.030 0.009 0.903 0.014 0.020 
 33  BAFF294    (0)    1 :  0.007 0.008 0.009 0.032 0.007 0.917 0.012 0.008 
 34  BAFF292    (0)    1 :  0.439 0.009 0.025 0.010 0.012 0.460 0.018 0.027 
 35  BAFF296    (0)    1 :  0.413 0.012 0.025 0.008 0.012 0.499 0.018 0.013 
 36  BAFF295    (0)    1 :  0.114 0.012 0.028 0.026 0.008 0.733 0.024 0.055 
 37  BAFF298    (0)    1 :  0.009 0.018 0.032 0.012 0.010 0.875 0.027 0.016 
 38  BAFF299    (0)    1 :  0.007 0.031 0.006 0.011 0.011 0.919 0.008 0.007 
 39  BAFF375    (0)   13 :  0.945 0.007 0.009 0.008 0.006 0.009 0.009 0.008 
 40  BAFF376    (0)   13 :  0.820 0.024 0.032 0.047 0.008 0.013 0.039 0.016 
 41  BAFF377    (0)   13 :  0.939 0.007 0.010 0.007 0.007 0.011 0.011 0.007 
 42  BAFF022    (0)    5 :  0.031 0.010 0.200 0.021 0.027 0.122 0.212 0.376 
 43  BAFF021    (0)    5 :  0.016 0.013 0.106 0.029 0.011 0.045 0.130 0.650 
 44  BAFF499    (0)    6 :  0.032 0.781 0.059 0.015 0.020 0.008 0.040 0.045 
 45  BAFF204    (0)    8 :  0.028 0.042 0.454 0.026 0.014 0.009 0.358 0.068 
 46  BAFF068    (0)   12 :  0.012 0.821 0.024 0.008 0.011 0.069 0.031 0.023 
 47  BAFF336    (0)   12 :  0.011 0.545 0.080 0.029 0.210 0.012 0.056 0.058 
 48  BAFF447    (0)    7 :  0.018 0.013 0.453 0.024 0.028 0.007 0.436 0.020 
 49  BAFF457    (0)    7 :  0.048 0.009 0.451 0.012 0.036 0.027 0.393 0.024 
 50  BAFF448    (0)    7 :  0.044 0.008 0.140 0.508 0.048 0.060 0.148 0.044 
 51  BAFF465    (0)    7 :  0.013 0.010 0.022 0.882 0.015 0.014 0.026 0.018 
 52  BAFF194    (0)    8 :  0.076 0.011 0.365 0.029 0.022 0.023 0.452 0.023 
 53  BAFF199    (0)    8 :  0.034 0.018 0.388 0.021 0.106 0.018 0.286 0.129 
 54  BAFF500    (0)    6 :  0.059 0.072 0.228 0.105 0.008 0.215 0.300 0.012 
 55  BAFF206    (0)    8 :  0.181 0.061 0.035 0.097 0.017 0.035 0.040 0.535 
 56  BAFF069    (0)   12 :  0.018 0.896 0.014 0.013 0.020 0.009 0.013 0.015 
 57  BAFF330    (0)   12 :  0.024 0.026 0.051 0.552 0.187 0.020 0.084 0.056 
 58  BAFF239    (0)   10 :  0.029 0.380 0.156 0.023 0.046 0.018 0.054 0.294 
 59  BAFF241    (0)   10 :  0.023 0.560 0.183 0.016 0.020 0.032 0.062 0.105 
 60  BAFF157    (0)   11 :  0.006 0.005 0.007 0.006 0.958 0.004 0.007 0.006 
 61  BAFF161    (0)   11 :  0.006 0.005 0.006 0.005 0.964 0.004 0.005 0.005 
 62  BAFF160    (0)   11 :  0.005 0.005 0.006 0.007 0.958 0.004 0.007 0.007 
 63  BAFF008    (0)   12 :  0.030 0.136 0.057 0.600 0.017 0.040 0.077 0.043 
 64  BAFF013    (0)   12 :  0.023 0.014 0.027 0.733 0.022 0.012 0.098 0.071 
 65  BAFF407    (0)   12 :  0.012 0.897 0.014 0.013 0.021 0.009 0.015 0.019 
 66  BAFF503    (0)    6 :  0.019 0.772 0.027 0.072 0.051 0.006 0.043 0.010 
 67  BAFF449    (0)    7 :  0.012 0.022 0.024 0.274 0.010 0.010 0.047 0.602 
 68  BAFF207    (0)    8 :  0.211 0.586 0.051 0.055 0.005 0.014 0.056 0.021 
 69  BAFF070    (0)   12 :  0.012 0.900 0.014 0.014 0.008 0.009 0.013 0.029 
 70  BAFF335    (0)   12 :  0.007 0.022 0.022 0.014 0.015 0.009 0.016 0.895 
 71  BAFF507    (0)    6 :  0.164 0.008 0.282 0.018 0.030 0.036 0.450 0.012 
 72  BAFF450    (0)    7 :  0.502 0.046 0.075 0.029 0.115 0.106 0.087 0.040 
 73  BAFF209    (7)    8 :  0.366 0.026 0.078 0.212 0.078 0.028 0.066 0.145 
 74  BAFF072    (0)   12 :  0.017 0.035 0.080 0.021 0.290 0.011 0.045 0.502 
 75  BAFF339    (0)   12 :  0.335 0.347 0.103 0.012 0.016 0.012 0.096 0.080 
 76  BAFF508    (0)    6 :  0.032 0.014 0.068 0.014 0.728 0.065 0.050 0.029 
 77  BAFF451    (0)    7 :  0.023 0.022 0.427 0.052 0.014 0.010 0.402 0.050 
 78  BAFF210    (0)    8 :  0.198 0.418 0.070 0.090 0.010 0.096 0.100 0.017 
 79  BAFF139    (0)   12 :  0.039 0.011 0.412 0.023 0.031 0.031 0.344 0.108 
 80  BAFF341    (0)   12 :  0.136 0.018 0.326 0.085 0.064 0.016 0.249 0.105 
 81  BAFF509    (0)    6 :  0.052 0.043 0.040 0.635 0.009 0.059 0.085 0.079 
 82  BAFF453    (0)    7 :  0.743 0.069 0.037 0.044 0.013 0.008 0.032 0.053 
 83  BAFF389    (0)    8 :  0.777 0.006 0.010 0.019 0.145 0.014 0.011 0.019 
 84  BAFF163    (0)   12 :  0.015 0.948 0.006 0.009 0.008 0.004 0.006 0.005 
 85  BAFF344    (7)   12 :  0.059 0.198 0.045 0.025 0.038 0.009 0.046 0.582 
 86  BAFF510    (0)    6 :  0.039 0.028 0.264 0.201 0.075 0.010 0.325 0.058 
 87  BAFF456    (0)    7 :  0.052 0.036 0.412 0.012 0.012 0.016 0.416 0.044 
 88  BAFF390    (0)    8 :  0.952 0.005 0.008 0.006 0.009 0.006 0.009 0.006 
 89  BAFF142    (0)   12 :  0.013 0.047 0.202 0.011 0.027 0.245 0.082 0.373 
 90  BAFF363    (7)   12 :  0.007 0.907 0.009 0.011 0.032 0.007 0.009 0.018 
 91  BAFF517    (0)    6 :  0.209 0.030 0.342 0.019 0.018 0.007 0.321 0.052 
 92  BAFF458    (0)    7 :  0.022 0.028 0.395 0.038 0.021 0.040 0.429 0.028 
 93  BAFF391    (0)    8 :  0.045 0.332 0.190 0.035 0.014 0.117 0.143 0.124 
 94  BAFF149    (0)   12 :  0.075 0.023 0.029 0.010 0.032 0.010 0.023 0.796 
 95  BAFF366    (7)   12 :  0.033 0.014 0.094 0.007 0.021 0.010 0.100 0.721 
 96  BAFF512    (0)    6 :  0.082 0.042 0.254 0.145 0.035 0.151 0.273 0.017 
 97  BAFF460    (0)    7 :  0.024 0.016 0.223 0.013 0.020 0.015 0.126 0.564 
 98  BAFF138    (0)   12 :  0.012 0.015 0.025 0.007 0.020 0.015 0.017 0.888 
 99  BAFF374    (0)   12 :  0.020 0.300 0.016 0.484 0.056 0.036 0.064 0.024 
100  BAFF015    (0)    1 :  0.010 0.011 0.015 0.009 0.007 0.915 0.019 0.013 
101  BAFF380    (0)    2 :  0.025 0.040 0.073 0.153 0.520 0.014 0.130 0.046 
102  BAFF216    (0)    3 :  0.116 0.029 0.274 0.113 0.016 0.039 0.390 0.023 
103  BAFF017    (0)    4 :  0.553 0.021 0.094 0.011 0.006 0.018 0.293 0.005 
104  BAFF245    (0)    4 :  0.105 0.035 0.135 0.108 0.015 0.136 0.126 0.341 
105  BAFF378    (7)   13 :  0.033 0.010 0.321 0.037 0.018 0.196 0.361 0.023 
106  BAFF023    (0)    5 :  0.082 0.032 0.368 0.110 0.013 0.027 0.340 0.029 
107  BAFF079    (0)    6 :  0.165 0.048 0.177 0.104 0.032 0.044 0.277 0.154 
108  BAFF435    (0)    6 :  0.021 0.016 0.552 0.020 0.025 0.008 0.336 0.022 
109  BAFF174    (7)    7 :  0.848 0.022 0.028 0.026 0.017 0.007 0.031 0.020 
110  BAFF226    (0)    7 :  0.028 0.009 0.484 0.010 0.023 0.013 0.371 0.061 
111  BAFF190    (0)    8 :  0.015 0.091 0.124 0.492 0.048 0.019 0.098 0.113 
112  BAFF243    (0)    9 :  0.333 0.007 0.143 0.030 0.080 0.065 0.248 0.094 
113  BAFF177    (0)   10 :  0.143 0.008 0.026 0.620 0.025 0.034 0.070 0.074 
114  BAFF364    (7)   11 :  0.025 0.019 0.050 0.062 0.776 0.012 0.042 0.015 
115  BAFF305    (0)   12 :  0.025 0.021 0.037 0.014 0.025 0.024 0.039 0.815 
116  BAFF513    (0)    6 :  0.073 0.021 0.084 0.565 0.018 0.051 0.164 0.024 
117  BAFF462    (0)    7 :  0.013 0.058 0.166 0.128 0.026 0.460 0.135 0.014 
118  BAFF143    (0)   12 :  0.052 0.062 0.067 0.045 0.053 0.007 0.062 0.652 
119  BAFF403    (0)   12 :  0.008 0.942 0.008 0.008 0.010 0.007 0.008 0.008 
120  BAFF514    (0)    6 :  0.027 0.223 0.106 0.471 0.011 0.008 0.122 0.032 
121  BAFF463    (0)    7 :  0.006 0.004 0.006 0.958 0.008 0.006 0.006 0.006 
122  BAFF137    (0)   12 :  0.009 0.009 0.019 0.100 0.011 0.011 0.024 0.817 
123  BAFF404    (0)   12 :  0.009 0.909 0.011 0.008 0.026 0.014 0.013 0.010 
124  BAFF515    (0)    6 :  0.061 0.036 0.151 0.368 0.071 0.021 0.186 0.105 
125  BAFF144    (0)   12 :  0.021 0.063 0.176 0.112 0.394 0.011 0.156 0.067 
126  BAFF405    (7)   12 :  0.011 0.020 0.050 0.049 0.286 0.037 0.056 0.491 
127  BAFF518    (0)    6 :  0.033 0.440 0.123 0.013 0.017 0.011 0.074 0.289 
128  BAFF467    (0)    7 :  0.065 0.032 0.338 0.092 0.015 0.016 0.403 0.039 
129  BAFF145    (0)   12 :  0.028 0.011 0.061 0.027 0.498 0.072 0.064 0.239 
130  BAFF406    (0)   12 :  0.021 0.291 0.029 0.047 0.518 0.010 0.027 0.057 
131  BAFF519    (0)    6 :  0.631 0.012 0.096 0.068 0.021 0.011 0.088 0.071 
132  BAFF471    (0)    7 :  0.046 0.022 0.160 0.210 0.037 0.066 0.172 0.286 
133  BAFF136    (0)   12 :  0.054 0.724 0.010 0.039 0.009 0.005 0.021 0.137 
134  BAFF520    (7)    6 :  0.066 0.056 0.382 0.057 0.022 0.028 0.358 0.030 
135  BAFF472    (0)    7 :  0.099 0.026 0.227 0.255 0.108 0.029 0.204 0.052 
136  BAFF165    (0)   12 :  0.020 0.046 0.158 0.021 0.008 0.053 0.121 0.574 
137  BAFF408    (0)   12 :  0.023 0.070 0.053 0.018 0.112 0.035 0.047 0.642 
138  BAFF522    (0)    6 :  0.022 0.051 0.034 0.686 0.025 0.033 0.100 0.049 
139  BAFF475    (0)    7 :  0.125 0.045 0.377 0.034 0.025 0.008 0.332 0.054 
140  BAFF140    (0)   12 :  0.049 0.028 0.043 0.215 0.066 0.016 0.070 0.513 
141  BAFF409    (0)   12 :  0.018 0.774 0.015 0.055 0.011 0.097 0.016 0.015 
142  BAFF523    (0)    6 :  0.023 0.008 0.124 0.560 0.100 0.014 0.156 0.016 
143  BAFF476    (0)    7 :  0.123 0.036 0.235 0.020 0.243 0.008 0.287 0.047 
144  BAFF147    (0)   12 :  0.016 0.150 0.026 0.042 0.014 0.015 0.030 0.706 
145  BAFF410    (0)   12 :  0.028 0.596 0.058 0.009 0.012 0.018 0.092 0.186 
146  BAFF477    (0)    7 :  0.026 0.007 0.379 0.015 0.017 0.101 0.340 0.115 
147  BAFF411    (0)   12 :  0.269 0.073 0.032 0.015 0.083 0.413 0.042 0.074 
148  BAFF486    (7)    7 :  0.017 0.006 0.570 0.010 0.009 0.008 0.371 0.009 
149  BAFF412    (7)   12 :  0.027 0.737 0.030 0.086 0.020 0.046 0.032 0.022 
150  BAFF258    (0)    1 :  0.017 0.029 0.151 0.349 0.046 0.212 0.178 0.017 
151  BAFF392    (0)    2 :  0.024 0.006 0.020 0.877 0.035 0.005 0.024 0.009 
152  BAFF217    (0)    3 :  0.688 0.018 0.097 0.015 0.042 0.010 0.066 0.063 
153  BAFF016    (0)    4 :  0.175 0.043 0.238 0.011 0.154 0.005 0.334 0.039 
154  BAFF246    (0)    4 :  0.581 0.029 0.096 0.069 0.045 0.009 0.149 0.022 
155  BAFF381    (0)   13 :  0.043 0.033 0.294 0.032 0.014 0.011 0.197 0.376 
156  BAFF078    (0)    6 :  0.024 0.043 0.091 0.020 0.376 0.006 0.047 0.393 
157  BAFF481    (0)    6 :  0.146 0.039 0.271 0.048 0.021 0.027 0.271 0.177 
158  BAFF436    (0)    7 :  0.085 0.053 0.084 0.388 0.050 0.075 0.190 0.074 
159  BAFF191    (0)    8 :  0.636 0.025 0.059 0.116 0.014 0.010 0.106 0.034 
160  BAFF382    (0)    9 :  0.046 0.072 0.393 0.129 0.041 0.008 0.242 0.070 
161  BAFF178    (0)   10 :  0.158 0.069 0.022 0.632 0.009 0.009 0.076 0.026 
162  BAFF159    (7)   11 :  0.023 0.014 0.404 0.010 0.022 0.009 0.509 0.010 
163  BAFF365    (7)   11 :  0.052 0.018 0.170 0.016 0.041 0.199 0.141 0.363 
164  BAFF007    (0)   12 :  0.088 0.025 0.251 0.055 0.149 0.057 0.204 0.172 
165  BAFF304    (7)   12 :  0.013 0.080 0.139 0.014 0.132 0.011 0.084 0.528 
166  BAFF487    (0)    7 :  0.072 0.040 0.277 0.174 0.124 0.021 0.278 0.014 
167  BAFF415    (0)   12 :  0.013 0.530 0.061 0.033 0.025 0.069 0.061 0.207 
168  BAFF488    (0)    7 :  0.058 0.013 0.099 0.011 0.015 0.626 0.126 0.052 
169  BAFF417    (0)   12 :  0.026 0.333 0.068 0.030 0.022 0.016 0.066 0.439 
170  BAFF489    (0)    7 :  0.019 0.035 0.261 0.082 0.109 0.008 0.255 0.232 
171  BAFF426    (0)   12 :  0.012 0.893 0.017 0.022 0.007 0.017 0.014 0.018 
172  BAFF490    (7)    7 :  0.026 0.012 0.354 0.053 0.168 0.021 0.348 0.017 
173  BAFF491    (0)    7 :  0.045 0.009 0.313 0.175 0.104 0.050 0.275 0.030 
174  BAFF492    (0)    7 :  0.024 0.014 0.568 0.024 0.011 0.007 0.334 0.018 
175  BAFF493    (0)    7 :  0.026 0.041 0.166 0.110 0.017 0.464 0.149 0.026 
176  BAFF506    (0)    7 :  0.047 0.015 0.358 0.056 0.040 0.125 0.348 0.011 
177  BAFF393    (0)    2 :  0.038 0.010 0.177 0.012 0.515 0.030 0.141 0.078 
178  BAFF218    (0)    3 :  0.329 0.026 0.187 0.117 0.029 0.058 0.185 0.070 
179  BAFF254    (0)    4 :  0.012 0.012 0.198 0.016 0.531 0.041 0.102 0.088 
180  BAFF385    (0)   13 :  0.036 0.046 0.350 0.182 0.050 0.026 0.270 0.042 
181  BAFF076    (0)    6 :  0.010 0.011 0.010 0.844 0.014 0.010 0.093 0.009 
182  BAFF482    (0)    6 :  0.013 0.069 0.362 0.103 0.019 0.010 0.331 0.093 
183  BAFF437    (0)    7 :  0.011 0.010 0.291 0.022 0.007 0.021 0.206 0.432 
184  BAFF192    (0)    8 :  0.106 0.015 0.054 0.456 0.191 0.019 0.072 0.087 
185  BAFF383    (0)    9 :  0.012 0.012 0.024 0.029 0.008 0.816 0.018 0.081 
186  BAFF180    (0)   10 :  0.416 0.118 0.051 0.296 0.014 0.009 0.082 0.014 
187  BAFF048    (7)   12 :  0.009 0.014 0.055 0.058 0.695 0.066 0.079 0.023 
188  BAFF306    (0)   12 :  0.077 0.031 0.095 0.061 0.021 0.010 0.078 0.628 
189  BAFF394    (0)    2 :  0.315 0.020 0.127 0.062 0.099 0.054 0.130 0.194 
190  BAFF219    (0)    3 :  0.052 0.014 0.362 0.034 0.014 0.009 0.374 0.141 
191  BAFF388    (0)    4 :  0.018 0.390 0.051 0.236 0.014 0.189 0.090 0.011 
192  BAFF386    (7)   13 :  0.027 0.017 0.101 0.582 0.044 0.022 0.134 0.074 
193  BAFF084    (0)    6 :  0.014 0.008 0.083 0.012 0.793 0.012 0.065 0.013 
194  BAFF483    (0)    6 :  0.090 0.135 0.094 0.307 0.012 0.036 0.138 0.188 
195  BAFF438   (15)    7 :  0.033 0.042 0.191 0.059 0.204 0.016 0.102 0.353 
196  BAFF193    (0)    8 :  0.054 0.020 0.172 0.079 0.027 0.421 0.207 0.021 
197  BAFF183    (0)   10 :  0.063 0.058 0.314 0.015 0.050 0.092 0.352 0.055 
198  BAFF153    (0)   12 :  0.007 0.015 0.013 0.012 0.021 0.008 0.012 0.913 
199  BAFF307    (0)   12 :  0.022 0.021 0.152 0.026 0.176 0.012 0.102 0.489 
200  BAFF397    (0)    2 :  0.029 0.010 0.463 0.005 0.014 0.008 0.390 0.080 
201  BAFF220    (0)    3 :  0.007 0.012 0.026 0.854 0.070 0.009 0.016 0.006 
202  BAFF095    (0)    6 :  0.021 0.014 0.016 0.800 0.009 0.042 0.080 0.018 
203  BAFF494    (0)    6 :  0.033 0.026 0.118 0.647 0.044 0.006 0.115 0.012 
204  BAFF439    (0)    7 :  0.185 0.308 0.161 0.013 0.014 0.010 0.106 0.204 
205  BAFF182    (0)   10 :  0.036 0.144 0.032 0.529 0.085 0.033 0.059 0.082 
206  BAFF054    (0)   12 :  0.007 0.936 0.008 0.007 0.009 0.006 0.008 0.019 
207  BAFF308    (0)   12 :  0.011 0.015 0.064 0.024 0.027 0.015 0.065 0.779 
208  BAFF266    (0)    1 :  0.018 0.047 0.278 0.022 0.124 0.142 0.341 0.028 
209  BAFF398    (7)    2 :  0.005 0.005 0.015 0.925 0.006 0.014 0.024 0.006 
210  BAFF221    (0)    3 :  0.013 0.061 0.027 0.077 0.294 0.413 0.015 0.099 
211  BAFF090    (0)    6 :  0.023 0.162 0.265 0.057 0.227 0.015 0.167 0.084 
212  BAFF495    (0)    6 :  0.849 0.013 0.037 0.011 0.010 0.008 0.059 0.013 
213  BAFF459    (0)    7 :  0.078 0.012 0.384 0.011 0.058 0.007 0.426 0.024 
214  BAFF197    (0)    8 :  0.129 0.075 0.191 0.021 0.012 0.014 0.171 0.387 
215  BAFF188    (0)   10 :  0.028 0.036 0.071 0.016 0.043 0.014 0.038 0.754 
216  BAFF051    (0)   12 :  0.029 0.357 0.205 0.058 0.013 0.024 0.263 0.051 
217  BAFF309    (0)   12 :  0.036 0.017 0.403 0.144 0.041 0.012 0.297 0.050 
218  BAFF269    (0)    1 :  0.123 0.010 0.218 0.033 0.011 0.054 0.267 0.283 
219  BAFF077    (0)    6 :  0.082 0.011 0.387 0.005 0.039 0.009 0.461 0.007 
220  BAFF496    (0)    6 :  0.923 0.008 0.021 0.007 0.006 0.011 0.017 0.007 
221  BAFF443    (0)    7 :  0.032 0.087 0.307 0.045 0.019 0.066 0.313 0.130 
222  BAFF198    (0)    8 :  0.266 0.047 0.157 0.289 0.025 0.010 0.177 0.030 
223  BAFF053    (0)   12 :  0.040 0.030 0.035 0.010 0.016 0.018 0.023 0.828 
224  BAFF310    (0)   12 :  0.009 0.809 0.042 0.008 0.015 0.008 0.041 0.068 
225  BAFF282    (0)    1 :  0.036 0.016 0.036 0.055 0.017 0.749 0.055 0.035 
226  BAFF497    (0)    6 :  0.100 0.015 0.328 0.012 0.012 0.011 0.508 0.015 
227  BAFF466    (0)    7 :  0.026 0.033 0.310 0.067 0.186 0.014 0.300 0.064 
228  BAFF200    (7)    8 :  0.040 0.050 0.162 0.436 0.059 0.014 0.193 0.044 
229  BAFF240    (0)   10 :  0.019 0.011 0.087 0.063 0.693 0.014 0.068 0.046 
230  BAFF055    (0)   12 :  0.009 0.739 0.024 0.029 0.010 0.017 0.020 0.152 
231  BAFF311    (7)   12 :  0.014 0.008 0.025 0.857 0.015 0.028 0.025 0.028 


Estimated Allele Frequencies in each cluster
First column gives estimated ancestral frequencies


Locus 1 : btern01 
9 alleles
0.0% missing data
   1   (0.143) 0.173 0.035 0.144 0.142 0.156 0.121 0.155 0.157 
   2   (0.017) 0.004 0.003 0.009 0.004 0.004 0.026 0.012 0.004 
   3   (0.168) 0.193 0.095 0.218 0.138 0.142 0.067 0.206 0.202 
   4   (0.208) 0.322 0.173 0.177 0.195 0.248 0.203 0.177 0.193 
   5   (0.283) 0.112 0.333 0.350 0.144 0.360 0.433 0.333 0.343 
   6   (0.075) 0.078 0.332 0.049 0.044 0.020 0.035 0.052 0.065 
   7   (0.051) 0.015 0.020 0.018 0.276 0.050 0.089 0.025 0.020 
   8   (0.015) 0.022 0.002 0.005 0.003 0.002 0.019 0.006 0.006 
   9   (0.040) 0.081 0.007 0.029 0.054 0.019 0.008 0.037 0.010 

Locus 2 : bt28 
5 alleles
0.0% missing data
   1   (0.670) 0.739 0.722 0.660 0.582 0.662 0.772 0.655 0.737 
   2   (0.152) 0.168 0.099 0.123 0.163 0.053 0.170 0.138 0.155 
   3   (0.144) 0.079 0.173 0.160 0.248 0.273 0.040 0.138 0.098 
   4   (0.023) 0.011 0.004 0.054 0.004 0.011 0.005 0.067 0.008 
   5   (0.011) 0.002 0.002 0.003 0.003 0.002 0.013 0.003 0.003 

Locus 3 : b96 
8 alleles
0.9% missing data
   1   (0.329) 0.256 0.321 0.332 0.345 0.207 0.361 0.333 0.456 
   2   (0.482) 0.687 0.517 0.576 0.527 0.572 0.436 0.563 0.339 
   3   (0.045) 0.013 0.042 0.028 0.031 0.100 0.012 0.027 0.056 
   4   (0.016) 0.003 0.003 0.006 0.003 0.082 0.004 0.006 0.003 
   5   (0.050) 0.014 0.030 0.032 0.046 0.011 0.026 0.038 0.057 
   6   (0.026) 0.005 0.005 0.006 0.038 0.006 0.090 0.007 0.013 
   7   (0.038) 0.020 0.007 0.019 0.008 0.018 0.068 0.023 0.072 
   8   (0.013) 0.002 0.075 0.003 0.003 0.002 0.003 0.003 0.003 

Locus 4 : bt30 
12 alleles
0.9% missing data
   1   (0.109) 0.031 0.111 0.111 0.177 0.038 0.274 0.117 0.063 
   2   (0.281) 0.357 0.287 0.345 0.267 0.237 0.281 0.302 0.283 
   3   (0.074) 0.116 0.025 0.159 0.032 0.088 0.018 0.150 0.032 
   4   (0.191) 0.149 0.241 0.179 0.215 0.204 0.110 0.209 0.223 
   5   (0.015) 0.004 0.003 0.005 0.015 0.002 0.003 0.008 0.004 
   6   (0.101) 0.119 0.056 0.083 0.215 0.036 0.107 0.100 0.069 
   7   (0.033) 0.018 0.019 0.023 0.011 0.009 0.022 0.018 0.048 
   8   (0.052) 0.011 0.060 0.030 0.011 0.061 0.045 0.028 0.077 
   9   (0.107) 0.176 0.189 0.055 0.040 0.320 0.069 0.058 0.161 
  10   (0.012) 0.003 0.002 0.002 0.002 0.002 0.066 0.003 0.003 
  11   (0.016) 0.005 0.004 0.004 0.013 0.003 0.003 0.006 0.035 
  12   (0.010) 0.013 0.002 0.003 0.002 0.002 0.002 0.003 0.003 

Locus 5 : btms0081 
3 alleles
0.9% missing data
   1   (0.497) 0.340 0.309 0.561 0.640 0.627 0.590 0.575 0.403 
   2   (0.354) 0.441 0.472 0.339 0.263 0.317 0.221 0.331 0.424 
   3   (0.149) 0.219 0.219 0.100 0.096 0.056 0.190 0.094 0.173 

Locus 6 : btms0066 
24 alleles
0.0% missing data
   1   (0.252) 0.213 0.378 0.284 0.345 0.183 0.381 0.254 0.300 
   2   (0.018) 0.027 0.003 0.004 0.003 0.004 0.054 0.005 0.004 
   3   (0.034) 0.012 0.009 0.030 0.020 0.013 0.006 0.026 0.116 
   4   (0.150) 0.379 0.123 0.230 0.179 0.053 0.059 0.262 0.113 
   5   (0.097) 0.092 0.110 0.152 0.046 0.035 0.029 0.127 0.183 
   6   (0.056) 0.058 0.017 0.023 0.192 0.110 0.012 0.028 0.053 
   7   (0.021) 0.004 0.003 0.007 0.045 0.004 0.017 0.011 0.005 
   8   (0.056) 0.046 0.033 0.057 0.017 0.037 0.079 0.068 0.029 
   9   (0.019) 0.004 0.004 0.009 0.007 0.284 0.003 0.007 0.020 
  10   (0.027) 0.006 0.005 0.021 0.006 0.044 0.148 0.021 0.006 
  11   (0.023) 0.014 0.013 0.006 0.008 0.005 0.143 0.007 0.007 
  12   (0.036) 0.082 0.016 0.065 0.007 0.008 0.008 0.077 0.022 
  13   (0.027) 0.006 0.016 0.013 0.025 0.030 0.006 0.011 0.018 
  14   (0.019) 0.003 0.042 0.006 0.004 0.068 0.004 0.006 0.005 
  15   (0.019) 0.006 0.003 0.032 0.004 0.003 0.004 0.030 0.018 
  16   (0.026) 0.007 0.098 0.008 0.022 0.064 0.006 0.011 0.013 
  17   (0.024) 0.006 0.041 0.020 0.007 0.024 0.015 0.011 0.028 
  18   (0.011) 0.002 0.032 0.002 0.002 0.002 0.002 0.003 0.002 
  19   (0.012) 0.002 0.002 0.003 0.003 0.002 0.002 0.003 0.037 
  20   (0.021) 0.020 0.014 0.009 0.023 0.008 0.006 0.012 0.007 
  21   (0.019) 0.004 0.004 0.008 0.023 0.010 0.006 0.009 0.005 
  22   (0.013) 0.002 0.002 0.004 0.009 0.004 0.002 0.005 0.003 
  23   (0.010) 0.002 0.030 0.002 0.002 0.001 0.002 0.002 0.003 
  24   (0.012) 0.002 0.002 0.006 0.002 0.004 0.004 0.007 0.003 

Locus 7 : btms0083 
31 alleles
3.0% missing data
   1   (0.015) 0.003 0.003 0.003 0.003 0.006 0.226 0.003 0.004 
   2   (0.022) 0.004 0.004 0.015 0.005 0.013 0.106 0.009 0.028 
   3   (0.032) 0.007 0.009 0.017 0.070 0.111 0.006 0.018 0.012 
   4   (0.041) 0.016 0.011 0.042 0.041 0.029 0.056 0.040 0.021 
   5   (0.206) 0.157 0.265 0.207 0.340 0.177 0.231 0.214 0.230 
   6   (0.020) 0.006 0.005 0.020 0.017 0.014 0.005 0.024 0.006 
   7   (0.058) 0.027 0.152 0.106 0.021 0.051 0.018 0.065 0.104 
   8   (0.035) 0.011 0.012 0.049 0.009 0.011 0.017 0.040 0.130 
   9   (0.035) 0.036 0.007 0.030 0.047 0.008 0.008 0.035 0.038 
  10   (0.025) 0.011 0.023 0.009 0.107 0.007 0.008 0.017 0.016 
  11   (0.048) 0.104 0.009 0.083 0.017 0.359 0.013 0.082 0.030 
  12   (0.019) 0.012 0.004 0.009 0.006 0.003 0.038 0.010 0.005 
  13   (0.055) 0.077 0.076 0.049 0.024 0.030 0.011 0.059 0.079 
  14   (0.032) 0.012 0.006 0.115 0.009 0.009 0.007 0.115 0.015 
  15   (0.029) 0.048 0.006 0.020 0.024 0.008 0.018 0.036 0.013 
  16   (0.026) 0.010 0.005 0.023 0.075 0.010 0.033 0.026 0.007 
  17   (0.028) 0.303 0.005 0.010 0.010 0.008 0.048 0.010 0.016 
  18   (0.056) 0.030 0.115 0.050 0.036 0.020 0.039 0.048 0.040 
  19   (0.022) 0.008 0.110 0.010 0.005 0.005 0.010 0.012 0.007 
  20   (0.029) 0.006 0.054 0.012 0.007 0.007 0.005 0.013 0.094 
  21   (0.010) 0.002 0.002 0.002 0.002 0.001 0.033 0.002 0.002 
  22   (0.011) 0.015 0.002 0.003 0.002 0.002 0.018 0.003 0.003 
  23   (0.015) 0.007 0.002 0.012 0.003 0.003 0.015 0.012 0.009 
  24   (0.010) 0.002 0.014 0.002 0.002 0.002 0.003 0.003 0.003 
  25   (0.025) 0.007 0.005 0.028 0.089 0.006 0.005 0.022 0.032 
  26   (0.016) 0.013 0.003 0.034 0.004 0.005 0.003 0.040 0.004 
  27   (0.028) 0.046 0.051 0.013 0.008 0.009 0.005 0.013 0.027 
  28   (0.017) 0.012 0.003 0.008 0.006 0.077 0.004 0.008 0.005 
  29   (0.013) 0.003 0.002 0.011 0.005 0.004 0.005 0.011 0.003 
  30   (0.013) 0.002 0.035 0.003 0.003 0.002 0.002 0.003 0.011 
  31   (0.010) 0.004 0.002 0.005 0.002 0.002 0.002 0.006 0.005 

Locus 8 : b126 
16 alleles
0.0% missing data
   1   (0.041) 0.012 0.012 0.029 0.063 0.008 0.042 0.032 0.033 
   2   (0.048) 0.073 0.008 0.044 0.014 0.010 0.130 0.039 0.053 
   3   (0.313) 0.463 0.384 0.351 0.266 0.534 0.193 0.334 0.375 
   4   (0.032) 0.052 0.006 0.033 0.016 0.006 0.008 0.049 0.011 
   5   (0.070) 0.072 0.053 0.107 0.128 0.037 0.024 0.098 0.034 
   6   (0.066) 0.018 0.156 0.105 0.017 0.019 0.014 0.093 0.130 
   7   (0.106) 0.067 0.140 0.076 0.171 0.232 0.022 0.093 0.139 
   8   (0.030) 0.017 0.076 0.026 0.008 0.007 0.007 0.029 0.014 
   9   (0.013) 0.002 0.002 0.003 0.037 0.002 0.002 0.006 0.003 
  10   (0.041) 0.025 0.054 0.018 0.103 0.011 0.027 0.024 0.016 
  11   (0.092) 0.039 0.024 0.102 0.038 0.104 0.397 0.105 0.085 
  12   (0.029) 0.006 0.028 0.028 0.007 0.005 0.027 0.018 0.030 
  13   (0.068) 0.120 0.047 0.041 0.090 0.012 0.097 0.037 0.035 
  14   (0.023) 0.029 0.005 0.025 0.009 0.004 0.005 0.029 0.009 
  15   (0.012) 0.003 0.002 0.003 0.007 0.002 0.002 0.003 0.031 
  16   (0.016) 0.003 0.003 0.008 0.028 0.005 0.003 0.009 0.004 

Locus 9 : btms0062 
34 alleles
0.0% missing data
   1   (0.033) 0.009 0.010 0.029 0.032 0.055 0.082 0.034 0.008 
   2   (0.044) 0.247 0.012 0.031 0.038 0.016 0.099 0.037 0.021 
   3   (0.078) 0.068 0.055 0.080 0.031 0.090 0.096 0.074 0.235 
   4   (0.103) 0.035 0.210 0.121 0.212 0.179 0.056 0.146 0.049 
   5   (0.055) 0.015 0.013 0.128 0.040 0.102 0.022 0.090 0.070 
   6   (0.026) 0.027 0.005 0.021 0.014 0.019 0.007 0.018 0.032 
   7   (0.012) 0.003 0.002 0.012 0.004 0.002 0.002 0.010 0.006 
   8   (0.023) 0.009 0.004 0.049 0.005 0.004 0.006 0.041 0.038 
   9   (0.042) 0.038 0.018 0.068 0.028 0.074 0.020 0.077 0.014 
  10   (0.053) 0.026 0.064 0.079 0.067 0.011 0.042 0.069 0.024 
  11   (0.066) 0.036 0.039 0.056 0.157 0.231 0.021 0.064 0.060 
  12   (0.038) 0.280 0.028 0.016 0.074 0.009 0.008 0.021 0.036 
  13   (0.044) 0.012 0.017 0.031 0.123 0.017 0.026 0.039 0.059 
  14   (0.040) 0.016 0.272 0.044 0.012 0.010 0.011 0.051 0.037 
  15   (0.016) 0.005 0.003 0.005 0.004 0.003 0.003 0.006 0.113 
  16   (0.017) 0.004 0.009 0.008 0.003 0.061 0.003 0.006 0.017 
  17   (0.018) 0.011 0.003 0.006 0.012 0.003 0.154 0.007 0.004 
  18   (0.014) 0.006 0.002 0.004 0.033 0.003 0.003 0.004 0.005 
  19   (0.046) 0.059 0.093 0.033 0.016 0.008 0.081 0.039 0.017 
  20   (0.011) 0.002 0.002 0.002 0.002 0.001 0.034 0.002 0.002 
  21   (0.033) 0.035 0.006 0.032 0.023 0.008 0.046 0.037 0.012 
  22   (0.019) 0.003 0.004 0.009 0.003 0.003 0.103 0.006 0.017 
  23   (0.012) 0.002 0.002 0.004 0.003 0.002 0.027 0.005 0.003 
  24   (0.019) 0.008 0.008 0.036 0.004 0.004 0.005 0.035 0.005 
  25   (0.014) 0.003 0.003 0.010 0.004 0.002 0.009 0.011 0.003 
  26   (0.030) 0.014 0.043 0.051 0.024 0.020 0.012 0.037 0.017 
  27   (0.020) 0.004 0.006 0.010 0.012 0.028 0.004 0.008 0.040 
  28   (0.012) 0.002 0.002 0.003 0.002 0.002 0.002 0.003 0.026 
  29   (0.016) 0.011 0.003 0.005 0.003 0.021 0.005 0.005 0.004 
  30   (0.008) 0.002 0.031 0.002 0.001 0.001 0.001 0.002 0.002 
  31   (0.011) 0.003 0.002 0.009 0.002 0.002 0.002 0.006 0.014 
  32   (0.009) 0.003 0.002 0.002 0.007 0.005 0.002 0.003 0.003 
  33   (0.008) 0.003 0.001 0.004 0.002 0.001 0.002 0.005 0.005 
  34   (0.009) 0.002 0.027 0.003 0.002 0.002 0.002 0.003 0.003 

Locus 10 : btern02 
25 alleles
4.8% missing data
   1   (0.106) 0.133 0.049 0.105 0.076 0.213 0.138 0.120 0.143 
   2   (0.009) 0.002 0.001 0.002 0.002 0.002 0.016 0.002 0.002 
   3   (0.076) 0.114 0.022 0.130 0.131 0.052 0.026 0.111 0.089 
   4   (0.053) 0.066 0.099 0.034 0.155 0.010 0.015 0.044 0.029 
   5   (0.027) 0.013 0.006 0.024 0.026 0.036 0.013 0.027 0.012 
   6   (0.046) 0.021 0.019 0.091 0.025 0.132 0.017 0.074 0.022 
   7   (0.029) 0.013 0.140 0.013 0.028 0.005 0.006 0.014 0.027 
   8   (0.036) 0.017 0.006 0.031 0.010 0.025 0.104 0.029 0.036 
   9   (0.070) 0.033 0.040 0.062 0.101 0.035 0.068 0.054 0.203 
  10   (0.033) 0.096 0.006 0.080 0.015 0.007 0.007 0.057 0.010 
  11   (0.063) 0.096 0.064 0.066 0.022 0.018 0.017 0.066 0.122 
  12   (0.036) 0.081 0.006 0.018 0.012 0.016 0.135 0.022 0.020 
  13   (0.050) 0.025 0.057 0.045 0.069 0.013 0.054 0.050 0.019 
  14   (0.052) 0.045 0.125 0.029 0.034 0.014 0.169 0.041 0.029 
  15   (0.009) 0.002 0.001 0.002 0.002 0.146 0.001 0.002 0.002 
  16   (0.044) 0.020 0.047 0.059 0.015 0.013 0.052 0.070 0.024 
  17   (0.027) 0.010 0.062 0.027 0.023 0.020 0.006 0.027 0.008 
  18   (0.046) 0.096 0.168 0.044 0.021 0.017 0.011 0.049 0.024 
  19   (0.039) 0.023 0.009 0.032 0.081 0.055 0.007 0.027 0.080 
  20   (0.040) 0.018 0.008 0.040 0.084 0.007 0.057 0.041 0.026 
  21   (0.023) 0.025 0.009 0.021 0.006 0.006 0.038 0.020 0.011 
  22   (0.015) 0.012 0.007 0.006 0.003 0.003 0.013 0.005 0.005 
  23   (0.034) 0.025 0.006 0.021 0.032 0.014 0.021 0.028 0.039 
  24   (0.027) 0.007 0.038 0.014 0.012 0.140 0.006 0.014 0.014 
  25   (0.008) 0.005 0.003 0.004 0.016 0.002 0.002 0.005 0.003 

Locus 11 : btms0086 
3 alleles
0.0% missing data
   1   (0.843) 0.816 0.927 0.849 0.756 0.966 0.779 0.847 0.910 
   2   (0.136) 0.179 0.065 0.140 0.240 0.030 0.202 0.145 0.052 
   3   (0.022) 0.005 0.007 0.012 0.004 0.004 0.019 0.007 0.038 

Locus 12 : bl13 
3 alleles
0.0% missing data
   1   (0.070) 0.032 0.328 0.032 0.034 0.019 0.223 0.037 0.029 
   2   (0.830) 0.922 0.613 0.881 0.847 0.729 0.757 0.873 0.853 
   3   (0.100) 0.045 0.058 0.086 0.119 0.253 0.020 0.091 0.118 

Locus 13 : btms0059 
9 alleles
0.0% missing data
   1   (0.342) 0.190 0.292 0.354 0.327 0.496 0.365 0.337 0.516 
   2   (0.108) 0.247 0.018 0.164 0.034 0.207 0.114 0.184 0.061 
   3   (0.064) 0.031 0.118 0.028 0.032 0.030 0.122 0.031 0.059 
   4   (0.056) 0.029 0.020 0.033 0.096 0.014 0.044 0.040 0.042 
   5   (0.083) 0.063 0.041 0.126 0.034 0.044 0.035 0.107 0.074 
   6   (0.297) 0.398 0.503 0.260 0.460 0.194 0.306 0.252 0.224 
   7   (0.016) 0.033 0.003 0.010 0.003 0.006 0.003 0.020 0.004 
   8   (0.023) 0.005 0.004 0.020 0.012 0.007 0.006 0.022 0.017 
   9   (0.011) 0.003 0.002 0.006 0.002 0.002 0.003 0.007 0.003 

Values of parameters used in structure:
DATAFILE=/Users/johnmola/Desktop/rpbbfeb27/rpbbstructure/project_data,	OUTFILE=/Users/johnmola/Desktop/rpbbfeb27/rpbbstructure/rpbb20k100k/Results/rpbb20k100k_run_77,	NUMINDS=231,	NUMLOCI=13,	MISSING=-9,	LABEL=1,	POPDATA=1,	POPFLAG=0,	PHENOTYPE=0,	EXTRACOLS=0,	MAXPOPS=8,	BURNIN=20000,	NUMREPS=100000,	USEPOPINFO=0,	INFERALPHA=1,	INFERLAMBDA=0,	POPSPECIFICLAMBDA=0,	POPALPHAS=0,	COMPUTEPROB=1,	NOADMIX=0,	ADMBURNIN=2500,	UPDATEFREQ=1,	PRINTLIKES=0,	INTERMEDSAVE=0,	PRINTKLD=0,	PRINTNET=0,	PRINTLAMBDA=0,	ANCESTDIST=0,	NUMBOXES=1000,	ANCESTPINT=0.90000,	GENSBACK=2,	MIGRPRIOR=0.05000,	PRINTQHAT=0,	PRINTQSUM=0,	ALPHA=1.0000,	FREQSCORR=1,	FPRIORMEAN=0.0100,	FPRIORSD=0.0500,	ONEFST=0,	LAMBDA=1.0000,	UNIFPRIORALPHA=1,	ALPHAMAX=10.0000,	ALPHAPRIORA=1.0000,	ALPHAPRIORB=2.0000,	ALPHAPROPSD=0.0250,	STARTATPOPINFO=0,	RANDOMIZE=1,	LINKAGE=0,	METROFREQ=10,	REPORTHITRATE=0,	MARKOVPHASE=-1,	PHASED=0,	PLOIDY=2,	PHASEINFO=0	LOCPRIOR=0, 	LOCPRIORINIT=1.000000, 	LOCDATA=0, 	LOCISPOP=0, 	LOCPRIORSTEP=0.100000, 	MAXLOCPRIOR=20.000000, 	SEED=1677522224,	
[STRAT parameters]:    NUMSIMSTATS=1000,	PHENOTYPECOL=-9,	POOLFREQ=10,	LOCUSxONLY=0,	EMERROR=0.00100,	MISSINGPHENO=-9,	