

----------------------------------------------------
STRUCTURE by Pritchard, Stephens and Donnelly (2000)
     and Falush, Stephens and Pritchard (2003)
       Code by Pritchard, Falush and Hubisz
             Version 2.3.4 (Jul 2012)
----------------------------------------------------



Command line arguments:   bin/structure -m "/Users/johnmola/Desktop/rpbbfeb27/rpbbstructure/rpbb20k100k/mainparams" -e "/Users/johnmola/Desktop/rpbbfeb27/rpbbstructure/rpbb20k100k/extraparams" 
Input File:    /Users/johnmola/Desktop/rpbbfeb27/rpbbstructure/project_data

Run parameters:
   231 individuals
   13 loci
   7 populations assumed
   20000 Burn-in period
   100000 Reps


--------------------------------------------
Proportion of membership of each pre-defined
 population in each of the 7 clusters

Given    Inferred Clusters                                   Number of
 Pop       1      2      3      4      5      6      7      Individuals

  1:     0.788  0.045  0.035  0.014  0.036  0.018  0.064       21
  2:     0.021  0.103  0.313  0.017  0.138  0.210  0.199        7
  3:     0.092  0.228  0.234  0.037  0.091  0.071  0.247        7
  4:     0.056  0.284  0.081  0.061  0.186  0.160  0.171        8
  5:     0.055  0.159  0.086  0.024  0.320  0.022  0.334        4
  6:     0.041  0.189  0.261  0.105  0.118  0.104  0.183       35
  7:     0.073  0.141  0.191  0.040  0.185  0.064  0.306       40
  8:     0.058  0.254  0.198  0.095  0.142  0.082  0.171       19
  9:     0.257  0.287  0.045  0.036  0.128  0.045  0.202        4
 10:     0.035  0.125  0.255  0.263  0.124  0.138  0.060       11
 11:     0.138  0.048  0.017  0.014  0.057  0.591  0.135        8
 12:     0.043  0.041  0.099  0.344  0.251  0.122  0.101       60
 13:     0.047  0.405  0.153  0.028  0.156  0.035  0.176        7
--------------------------------------------

Allele-freq. divergence among pops (Net nucleotide distance),
computed using point estimates of P.

      1       2       3       4       5       6       7      
 1      -    0.0391  0.0322  0.0390  0.0245  0.0422  0.0247  
 2   0.0391     -    0.0300  0.0364  0.0229  0.0341  0.0160  
 3   0.0322  0.0300     -    0.0363  0.0215  0.0344  0.0197  
 4   0.0390  0.0364  0.0363     -    0.0241  0.0385  0.0286  
 5   0.0245  0.0229  0.0215  0.0241     -    0.0198  0.0056  
 6   0.0422  0.0341  0.0344  0.0385  0.0198     -    0.0213  
 7   0.0247  0.0160  0.0197  0.0286  0.0056  0.0213     -    

Average distances (expected heterozygosity) between individuals in same cluster:
cluster  1  : 0.6865 
cluster  2  : 0.6708 
cluster  3  : 0.6889 
cluster  4  : 0.6769 
cluster  5  : 0.6809 
cluster  6  : 0.6578 
cluster  7  : 0.6886 

--------------------------------------------
Estimated Ln Prob of Data   = -9987.6
Mean value of ln likelihood = -9412.0
Variance of ln likelihood   = 1151.2
Mean value of alpha         = 0.0537

Mean value of Fst_1         = 0.0801
Mean value of Fst_2         = 0.0833
Mean value of Fst_3         = 0.0695
Mean value of Fst_4         = 0.0902
Mean value of Fst_5         = 0.0566
Mean value of Fst_6         = 0.1157
Mean value of Fst_7         = 0.0500


Inferred ancestry of individuals:
        Label (%Miss) Pop:  Inferred clusters
  1  BAFF014    (0)    1 :  0.933 0.016 0.011 0.006 0.011 0.009 0.016 
  2  BAFF379    (0)    2 :  0.014 0.071 0.049 0.016 0.373 0.180 0.296 
  3  BAFF212    (0)    3 :  0.027 0.042 0.415 0.056 0.115 0.040 0.303 
  4  BAFF018    (0)    4 :  0.009 0.011 0.023 0.026 0.415 0.304 0.212 
  5  BAFF247    (0)    4 :  0.008 0.016 0.050 0.016 0.446 0.027 0.436 
  6  BAFF024    (0)    5 :  0.020 0.463 0.225 0.041 0.033 0.016 0.202 
  7  BAFF088    (0)    6 :  0.012 0.020 0.798 0.030 0.048 0.035 0.058 
  8  BAFF429    (0)    6 :  0.019 0.352 0.144 0.018 0.206 0.056 0.203 
  9  BAFF087    (7)    7 :  0.008 0.007 0.958 0.007 0.007 0.006 0.007 
 10  BAFF225    (0)    7 :  0.037 0.193 0.392 0.018 0.128 0.012 0.221 
 11  BAFF195    (0)    8 :  0.042 0.076 0.088 0.011 0.072 0.617 0.095 
 12  BAFF238    (0)    9 :  0.121 0.583 0.031 0.031 0.078 0.030 0.125 
 13  BAFF019    (0)   10 :  0.026 0.014 0.062 0.816 0.033 0.030 0.020 
 14  BAFF175    (0)   10 :  0.013 0.235 0.202 0.113 0.261 0.064 0.112 
 15  BAFF156    (0)   11 :  0.004 0.005 0.005 0.006 0.007 0.967 0.005 
 16  BAFF301    (0)   11 :  0.852 0.043 0.019 0.023 0.023 0.013 0.027 
 17  BAFF141    (0)   12 :  0.218 0.006 0.010 0.012 0.582 0.077 0.095 
 18  BAFF302    (0)   12 :  0.029 0.290 0.030 0.060 0.047 0.022 0.522 
 19  BAFF290    (0)    1 :  0.826 0.042 0.015 0.013 0.065 0.009 0.029 
 20  BAFF498    (0)    6 :  0.236 0.108 0.056 0.061 0.144 0.098 0.297 
 21  BAFF455    (0)    7 :  0.023 0.089 0.743 0.031 0.053 0.025 0.036 
 22  BAFF203    (7)    8 :  0.009 0.019 0.841 0.012 0.061 0.016 0.042 
 23  BAFF056    (0)   12 :  0.019 0.023 0.010 0.780 0.079 0.007 0.082 
 24  BAFF327    (0)   12 :  0.062 0.016 0.038 0.234 0.489 0.108 0.052 
 25  BAFF255    (0)    1 :  0.941 0.012 0.009 0.007 0.011 0.007 0.014 
 26  BAFF256    (0)    1 :  0.948 0.009 0.011 0.011 0.008 0.005 0.007 
 27  BAFF257    (0)    1 :  0.961 0.007 0.007 0.005 0.007 0.005 0.007 
 28  BAFF260    (0)    1 :  0.943 0.012 0.016 0.007 0.008 0.005 0.009 
 29  BAFF259    (0)    1 :  0.942 0.009 0.008 0.016 0.009 0.008 0.008 
 30  BAFF261    (0)    1 :  0.945 0.008 0.009 0.008 0.011 0.008 0.012 
 31  BAFF274    (0)    1 :  0.844 0.017 0.030 0.015 0.032 0.013 0.048 
 32  BAFF262    (0)    1 :  0.904 0.009 0.036 0.009 0.020 0.010 0.013 
 33  BAFF294    (0)    1 :  0.926 0.008 0.032 0.008 0.008 0.008 0.010 
 34  BAFF292    (0)    1 :  0.698 0.238 0.009 0.011 0.017 0.014 0.014 
 35  BAFF296    (0)    1 :  0.739 0.195 0.007 0.014 0.013 0.013 0.018 
 36  BAFF295    (0)    1 :  0.840 0.059 0.024 0.014 0.031 0.011 0.021 
 37  BAFF298    (0)    1 :  0.890 0.018 0.012 0.018 0.021 0.012 0.029 
 38  BAFF299    (0)    1 :  0.933 0.007 0.013 0.025 0.007 0.009 0.006 
 39  BAFF375    (0)   13 :  0.015 0.933 0.012 0.009 0.010 0.008 0.013 
 40  BAFF376    (0)   13 :  0.016 0.828 0.058 0.024 0.021 0.010 0.043 
 41  BAFF377    (0)   13 :  0.014 0.941 0.008 0.008 0.008 0.008 0.012 
 42  BAFF022    (0)    5 :  0.119 0.071 0.025 0.011 0.406 0.033 0.334 
 43  BAFF021    (0)    5 :  0.055 0.024 0.039 0.019 0.534 0.021 0.309 
 44  BAFF499    (0)    6 :  0.009 0.039 0.015 0.843 0.035 0.025 0.034 
 45  BAFF204    (0)    8 :  0.010 0.052 0.024 0.043 0.286 0.022 0.563 
 46  BAFF068    (0)   12 :  0.074 0.012 0.008 0.829 0.026 0.012 0.038 
 47  BAFF336    (0)   12 :  0.014 0.016 0.030 0.521 0.076 0.282 0.061 
 48  BAFF447    (0)    7 :  0.008 0.080 0.026 0.013 0.074 0.033 0.766 
 49  BAFF457    (0)    7 :  0.028 0.195 0.012 0.009 0.044 0.035 0.677 
 50  BAFF448    (0)    7 :  0.070 0.041 0.502 0.008 0.113 0.044 0.222 
 51  BAFF465    (0)    7 :  0.012 0.015 0.891 0.011 0.024 0.016 0.031 
 52  BAFF194    (0)    8 :  0.033 0.451 0.052 0.012 0.042 0.030 0.380 
 53  BAFF199    (0)    8 :  0.020 0.081 0.019 0.026 0.294 0.184 0.376 
 54  BAFF500    (0)    6 :  0.289 0.117 0.097 0.076 0.129 0.011 0.282 
 55  BAFF206    (0)    8 :  0.052 0.153 0.165 0.074 0.396 0.024 0.136 
 56  BAFF069    (0)   12 :  0.010 0.019 0.016 0.893 0.024 0.024 0.014 
 57  BAFF330    (0)   12 :  0.018 0.018 0.662 0.028 0.055 0.180 0.040 
 58  BAFF239    (0)   10 :  0.037 0.036 0.023 0.611 0.143 0.134 0.016 
 59  BAFF241    (0)   10 :  0.053 0.036 0.011 0.772 0.035 0.078 0.013 
 60  BAFF157    (0)   11 :  0.005 0.008 0.007 0.006 0.007 0.959 0.007 
 61  BAFF161    (0)   11 :  0.005 0.006 0.006 0.006 0.006 0.965 0.006 
 62  BAFF160    (0)   11 :  0.005 0.006 0.009 0.006 0.007 0.960 0.007 
 63  BAFF008    (0)   12 :  0.043 0.024 0.620 0.112 0.077 0.021 0.103 
 64  BAFF013    (0)   12 :  0.011 0.023 0.840 0.016 0.050 0.029 0.031 
 65  BAFF407    (0)   12 :  0.011 0.011 0.014 0.906 0.022 0.022 0.013 
 66  BAFF503    (0)    6 :  0.007 0.029 0.101 0.716 0.048 0.079 0.021 
 67  BAFF449    (0)    7 :  0.012 0.015 0.520 0.039 0.360 0.015 0.039 
 68  BAFF207    (0)    8 :  0.017 0.210 0.061 0.564 0.090 0.006 0.054 
 69  BAFF070    (0)   12 :  0.010 0.014 0.015 0.916 0.022 0.010 0.014 
 70  BAFF335    (0)   12 :  0.012 0.009 0.020 0.161 0.625 0.139 0.034 
 71  BAFF507    (0)    6 :  0.052 0.605 0.017 0.009 0.019 0.031 0.267 
 72  BAFF450    (0)    7 :  0.188 0.349 0.033 0.042 0.099 0.186 0.102 
 73  BAFF209    (7)    8 :  0.035 0.445 0.189 0.033 0.092 0.072 0.134 
 74  BAFF072    (0)   12 :  0.011 0.016 0.022 0.110 0.294 0.490 0.057 
 75  BAFF339    (0)   12 :  0.014 0.322 0.014 0.353 0.126 0.022 0.149 
 76  BAFF508    (0)    6 :  0.058 0.021 0.015 0.017 0.095 0.750 0.044 
 77  BAFF451    (0)    7 :  0.010 0.153 0.068 0.024 0.124 0.022 0.599 
 78  BAFF210    (0)    8 :  0.107 0.202 0.134 0.390 0.051 0.011 0.105 
 79  BAFF139    (0)   12 :  0.055 0.173 0.030 0.014 0.145 0.038 0.545 
 80  BAFF341    (0)   12 :  0.022 0.113 0.051 0.025 0.361 0.118 0.309 
 81  BAFF509    (0)    6 :  0.056 0.044 0.773 0.036 0.048 0.011 0.034 
 82  BAFF453    (0)    7 :  0.010 0.707 0.067 0.094 0.063 0.019 0.041 
 83  BAFF389    (0)    8 :  0.020 0.836 0.021 0.008 0.015 0.090 0.010 
 84  BAFF163    (0)   12 :  0.004 0.093 0.013 0.864 0.009 0.011 0.006 
 85  BAFF344    (7)   12 :  0.010 0.055 0.035 0.366 0.382 0.107 0.046 
 86  BAFF510    (0)    6 :  0.012 0.211 0.328 0.037 0.063 0.106 0.244 
 87  BAFF456    (0)    7 :  0.019 0.271 0.013 0.038 0.092 0.014 0.552 
 88  BAFF390    (0)    8 :  0.007 0.959 0.007 0.006 0.007 0.008 0.008 
 89  BAFF142    (0)   12 :  0.324 0.011 0.013 0.086 0.435 0.061 0.071 
 90  BAFF363    (7)   12 :  0.007 0.009 0.011 0.907 0.019 0.037 0.009 
 91  BAFF517    (0)    6 :  0.008 0.501 0.021 0.028 0.090 0.021 0.330 
 92  BAFF458    (0)    7 :  0.043 0.026 0.121 0.031 0.339 0.038 0.403 
 93  BAFF391    (0)    8 :  0.200 0.031 0.029 0.312 0.206 0.024 0.198 
 94  BAFF149    (0)   12 :  0.011 0.048 0.011 0.121 0.593 0.143 0.074 
 95  BAFF366    (7)   12 :  0.010 0.052 0.007 0.060 0.500 0.087 0.284 
 96  BAFF512    (0)    6 :  0.184 0.114 0.120 0.041 0.115 0.036 0.390 
 97  BAFF460    (0)    7 :  0.015 0.030 0.012 0.027 0.609 0.059 0.247 
 98  BAFF138    (0)   12 :  0.023 0.014 0.008 0.151 0.622 0.150 0.031 
 99  BAFF374    (0)   12 :  0.039 0.027 0.632 0.230 0.017 0.044 0.012 
100  BAFF015    (0)    1 :  0.927 0.010 0.011 0.012 0.017 0.009 0.014 
101  BAFF380    (0)    2 :  0.015 0.026 0.220 0.038 0.090 0.571 0.040 
102  BAFF216    (0)    3 :  0.051 0.301 0.147 0.032 0.105 0.019 0.345 
103  BAFF017    (0)    4 :  0.024 0.860 0.012 0.020 0.015 0.006 0.064 
104  BAFF245    (0)    4 :  0.135 0.115 0.122 0.035 0.305 0.019 0.269 
105  BAFF378    (7)   13 :  0.217 0.036 0.015 0.012 0.190 0.036 0.494 
106  BAFF023    (0)    5 :  0.026 0.078 0.056 0.026 0.305 0.016 0.492 
107  BAFF079    (0)    6 :  0.038 0.334 0.142 0.042 0.117 0.040 0.287 
108  BAFF435    (0)    6 :  0.009 0.029 0.030 0.022 0.340 0.027 0.543 
109  BAFF174    (7)    7 :  0.008 0.819 0.039 0.036 0.034 0.022 0.042 
110  BAFF226    (0)    7 :  0.014 0.119 0.010 0.009 0.085 0.022 0.742 
111  BAFF190    (0)    8 :  0.018 0.016 0.583 0.091 0.157 0.065 0.070 
112  BAFF243    (0)    9 :  0.051 0.515 0.028 0.008 0.078 0.099 0.221 
113  BAFF177    (0)   10 :  0.028 0.122 0.739 0.010 0.051 0.024 0.026 
114  BAFF364    (7)   11 :  0.013 0.019 0.056 0.019 0.065 0.783 0.046 
115  BAFF305    (0)   12 :  0.026 0.028 0.017 0.141 0.609 0.120 0.060 
116  BAFF513    (0)    6 :  0.060 0.078 0.696 0.021 0.039 0.026 0.081 
117  BAFF462    (0)    7 :  0.525 0.017 0.140 0.067 0.113 0.040 0.098 
118  BAFF143    (0)   12 :  0.008 0.062 0.052 0.141 0.472 0.148 0.117 
119  BAFF403    (0)   12 :  0.008 0.008 0.009 0.948 0.009 0.010 0.008 
120  BAFF514    (0)    6 :  0.008 0.028 0.589 0.232 0.083 0.015 0.044 
121  BAFF463    (0)    7 :  0.006 0.006 0.953 0.005 0.007 0.016 0.007 
122  BAFF137    (0)   12 :  0.012 0.011 0.245 0.045 0.511 0.047 0.130 
123  BAFF404    (0)   12 :  0.014 0.010 0.010 0.920 0.011 0.025 0.011 
124  BAFF515    (0)    6 :  0.024 0.114 0.469 0.035 0.135 0.069 0.153 
125  BAFF144    (0)   12 :  0.014 0.022 0.175 0.064 0.175 0.449 0.101 
126  BAFF405    (7)   12 :  0.042 0.015 0.063 0.063 0.410 0.363 0.045 
127  BAFF518    (0)    6 :  0.015 0.031 0.012 0.565 0.251 0.034 0.093 
128  BAFF467    (0)    7 :  0.024 0.158 0.120 0.040 0.198 0.028 0.433 
129  BAFF145    (0)   12 :  0.059 0.023 0.029 0.013 0.197 0.583 0.095 
130  BAFF406    (0)   12 :  0.010 0.027 0.049 0.282 0.043 0.569 0.021 
131  BAFF519    (0)    6 :  0.013 0.537 0.069 0.015 0.160 0.028 0.178 
132  BAFF471    (0)    7 :  0.077 0.074 0.196 0.035 0.373 0.055 0.190 
133  BAFF136    (0)   12 :  0.006 0.046 0.047 0.784 0.091 0.016 0.011 
134  BAFF520    (7)    6 :  0.032 0.114 0.082 0.066 0.266 0.033 0.407 
135  BAFF472    (0)    7 :  0.039 0.094 0.250 0.032 0.244 0.140 0.201 
136  BAFF165    (0)   12 :  0.049 0.033 0.021 0.087 0.484 0.020 0.307 
137  BAFF408    (0)   12 :  0.038 0.019 0.016 0.166 0.472 0.230 0.058 
138  BAFF522    (0)    6 :  0.030 0.028 0.787 0.040 0.052 0.030 0.033 
139  BAFF475    (0)    7 :  0.009 0.399 0.051 0.045 0.135 0.031 0.330 
140  BAFF140    (0)   12 :  0.021 0.076 0.288 0.087 0.342 0.140 0.047 
141  BAFF409    (0)   12 :  0.107 0.014 0.063 0.776 0.015 0.013 0.013 
142  BAFF523    (0)    6 :  0.018 0.032 0.589 0.009 0.095 0.139 0.118 
143  BAFF476    (0)    7 :  0.010 0.366 0.013 0.031 0.077 0.238 0.265 
144  BAFF147    (0)   12 :  0.015 0.023 0.087 0.307 0.411 0.068 0.089 
145  BAFF410    (0)   12 :  0.017 0.051 0.010 0.705 0.141 0.017 0.059 
146  BAFF477    (0)    7 :  0.089 0.059 0.017 0.007 0.210 0.022 0.596 
147  BAFF411    (0)   12 :  0.570 0.090 0.015 0.107 0.073 0.093 0.051 
148  BAFF486    (7)    7 :  0.008 0.018 0.006 0.007 0.341 0.010 0.610 
149  BAFF412    (7)   12 :  0.062 0.026 0.096 0.722 0.025 0.022 0.046 
150  BAFF258    (0)    1 :  0.286 0.019 0.361 0.028 0.088 0.065 0.154 
151  BAFF392    (0)    2 :  0.005 0.020 0.896 0.006 0.016 0.050 0.007 
152  BAFF217    (0)    3 :  0.013 0.689 0.012 0.018 0.070 0.039 0.160 
153  BAFF016    (0)    4 :  0.005 0.532 0.013 0.042 0.036 0.221 0.151 
154  BAFF246    (0)    4 :  0.011 0.700 0.066 0.023 0.076 0.038 0.086 
155  BAFF381    (0)   13 :  0.011 0.042 0.029 0.057 0.451 0.029 0.382 
156  BAFF078    (0)    6 :  0.007 0.017 0.016 0.121 0.215 0.601 0.022 
157  BAFF481    (0)    6 :  0.030 0.092 0.048 0.046 0.374 0.032 0.378 
158  BAFF436    (0)    7 :  0.095 0.159 0.505 0.053 0.073 0.052 0.063 
159  BAFF191    (0)    8 :  0.011 0.645 0.129 0.020 0.046 0.013 0.137 
160  BAFF382    (0)    9 :  0.009 0.039 0.101 0.090 0.294 0.042 0.425 
161  BAFF178    (0)   10 :  0.009 0.176 0.716 0.053 0.020 0.010 0.016 
162  BAFF159    (7)   11 :  0.014 0.229 0.019 0.023 0.031 0.024 0.661 
163  BAFF365    (7)   11 :  0.209 0.064 0.018 0.024 0.310 0.054 0.321 
164  BAFF007    (0)   12 :  0.076 0.076 0.049 0.032 0.270 0.213 0.283 
165  BAFF304    (7)   12 :  0.014 0.014 0.014 0.158 0.478 0.214 0.108 
166  BAFF487    (0)    7 :  0.024 0.077 0.127 0.026 0.243 0.161 0.342 
167  BAFF415    (0)   12 :  0.070 0.022 0.043 0.582 0.156 0.033 0.096 
168  BAFF488    (0)    7 :  0.638 0.073 0.014 0.014 0.054 0.021 0.186 
169  BAFF417    (0)   12 :  0.017 0.020 0.039 0.445 0.344 0.066 0.069 
170  BAFF489    (0)    7 :  0.008 0.027 0.051 0.042 0.305 0.142 0.425 
171  BAFF426    (0)   12 :  0.021 0.014 0.024 0.899 0.017 0.008 0.017 
172  BAFF490    (7)    7 :  0.023 0.105 0.079 0.013 0.081 0.239 0.460 
173  BAFF491    (0)    7 :  0.050 0.040 0.226 0.010 0.235 0.094 0.345 
174  BAFF492    (0)    7 :  0.009 0.041 0.025 0.021 0.341 0.015 0.549 
175  BAFF493    (0)    7 :  0.501 0.027 0.113 0.033 0.186 0.020 0.119 
176  BAFF506    (0)    7 :  0.136 0.040 0.110 0.017 0.235 0.064 0.400 
177  BAFF393    (0)    2 :  0.028 0.043 0.013 0.011 0.156 0.525 0.224 
178  BAFF218    (0)    3 :  0.064 0.379 0.084 0.024 0.100 0.030 0.320 
179  BAFF254    (0)    4 :  0.048 0.012 0.020 0.012 0.154 0.652 0.103 
180  BAFF385    (0)   13 :  0.035 0.029 0.239 0.062 0.325 0.085 0.225 
181  BAFF076    (0)    6 :  0.010 0.009 0.937 0.011 0.010 0.013 0.009 
182  BAFF482    (0)    6 :  0.010 0.016 0.108 0.072 0.269 0.031 0.494 
183  BAFF437    (0)    7 :  0.019 0.025 0.024 0.012 0.466 0.008 0.447 
184  BAFF192    (0)    8 :  0.021 0.098 0.467 0.013 0.122 0.231 0.049 
185  BAFF383    (0)    9 :  0.847 0.009 0.020 0.014 0.063 0.009 0.037 
186  BAFF180    (0)   10 :  0.010 0.487 0.305 0.110 0.031 0.015 0.043 
187  BAFF048    (7)   12 :  0.055 0.015 0.081 0.013 0.094 0.705 0.037 
188  BAFF306    (0)   12 :  0.011 0.072 0.060 0.083 0.589 0.096 0.088 
189  BAFF394    (0)    2 :  0.058 0.474 0.073 0.029 0.127 0.122 0.116 
190  BAFF219    (0)    3 :  0.008 0.159 0.032 0.016 0.195 0.018 0.572 
191  BAFF388    (0)    4 :  0.212 0.026 0.341 0.317 0.042 0.017 0.045 
192  BAFF386    (7)   13 :  0.020 0.027 0.710 0.020 0.090 0.068 0.064 
193  BAFF084    (0)    6 :  0.012 0.018 0.011 0.008 0.047 0.831 0.072 
194  BAFF483    (0)    6 :  0.036 0.100 0.452 0.100 0.199 0.014 0.099 
195  BAFF438   (15)    7 :  0.020 0.033 0.082 0.079 0.376 0.266 0.144 
196  BAFF193    (0)    8 :  0.466 0.037 0.093 0.017 0.119 0.024 0.245 
197  BAFF183    (0)   10 :  0.140 0.167 0.033 0.097 0.176 0.136 0.250 
198  BAFF153    (0)   12 :  0.008 0.009 0.013 0.149 0.610 0.158 0.054 
199  BAFF307    (0)   12 :  0.012 0.026 0.028 0.036 0.518 0.278 0.103 
200  BAFF397    (0)    2 :  0.009 0.084 0.005 0.010 0.185 0.017 0.690 
201  BAFF220    (0)    3 :  0.010 0.006 0.855 0.010 0.012 0.089 0.017 
202  BAFF095    (0)    6 :  0.048 0.017 0.876 0.013 0.022 0.010 0.014 
203  BAFF494    (0)    6 :  0.007 0.049 0.631 0.026 0.083 0.044 0.160 
204  BAFF439    (0)    7 :  0.011 0.143 0.015 0.390 0.246 0.025 0.170 
205  BAFF182    (0)   10 :  0.025 0.044 0.641 0.132 0.047 0.088 0.024 
206  BAFF054    (0)   12 :  0.007 0.007 0.008 0.947 0.013 0.009 0.009 
207  BAFF308    (0)   12 :  0.018 0.013 0.018 0.068 0.533 0.124 0.228 
208  BAFF266    (0)    1 :  0.178 0.039 0.027 0.045 0.123 0.128 0.461 
209  BAFF398    (7)    2 :  0.017 0.006 0.932 0.006 0.016 0.007 0.017 
210  BAFF221    (0)    3 :  0.474 0.017 0.095 0.102 0.038 0.262 0.012 
211  BAFF090    (0)    6 :  0.031 0.025 0.073 0.253 0.251 0.278 0.089 
212  BAFF495    (0)    6 :  0.009 0.905 0.010 0.011 0.021 0.010 0.033 
213  BAFF459    (0)    7 :  0.008 0.457 0.013 0.013 0.031 0.048 0.431 
214  BAFF197    (0)    8 :  0.015 0.131 0.022 0.102 0.337 0.021 0.370 
215  BAFF188    (0)   10 :  0.022 0.034 0.022 0.166 0.506 0.151 0.100 
216  BAFF051    (0)   12 :  0.028 0.035 0.058 0.390 0.140 0.018 0.330 
217  BAFF309    (0)   12 :  0.012 0.031 0.087 0.015 0.336 0.041 0.479 
218  BAFF269    (0)    1 :  0.104 0.172 0.037 0.014 0.230 0.016 0.425 
219  BAFF077    (0)    6 :  0.012 0.535 0.006 0.011 0.014 0.044 0.378 
220  BAFF496    (0)    6 :  0.015 0.911 0.010 0.009 0.014 0.006 0.035 
221  BAFF443    (0)    7 :  0.092 0.047 0.047 0.133 0.273 0.035 0.373 
222  BAFF198    (0)    8 :  0.011 0.335 0.259 0.051 0.179 0.036 0.129 
223  BAFF053    (0)   12 :  0.022 0.040 0.010 0.134 0.527 0.126 0.140 
224  BAFF310    (0)   12 :  0.009 0.022 0.009 0.774 0.128 0.027 0.032 
225  BAFF282    (0)    1 :  0.836 0.035 0.046 0.015 0.023 0.019 0.024 
226  BAFF497    (0)    6 :  0.011 0.443 0.014 0.016 0.032 0.014 0.471 
227  BAFF466    (0)    7 :  0.014 0.040 0.049 0.042 0.311 0.224 0.321 
228  BAFF200    (7)    8 :  0.013 0.043 0.582 0.031 0.127 0.059 0.145 
229  BAFF240    (0)   10 :  0.015 0.024 0.054 0.011 0.066 0.786 0.045 
230  BAFF055    (0)   12 :  0.021 0.010 0.030 0.786 0.111 0.017 0.025 
231  BAFF311    (7)   12 :  0.023 0.013 0.893 0.007 0.015 0.036 0.012 


Estimated Allele Frequencies in each cluster
First column gives estimated ancestral frequencies


Locus 1 : btern01 
9 alleles
0.0% missing data
   1   (0.141) 0.118 0.192 0.148 0.041 0.146 0.159 0.145 
   2   (0.017) 0.027 0.004 0.004 0.003 0.006 0.004 0.011 
   3   (0.166) 0.072 0.210 0.134 0.105 0.192 0.143 0.226 
   4   (0.212) 0.207 0.252 0.188 0.169 0.220 0.243 0.184 
   5   (0.288) 0.420 0.148 0.164 0.339 0.349 0.360 0.347 
   6   (0.072) 0.036 0.094 0.050 0.316 0.047 0.026 0.036 
   7   (0.050) 0.086 0.015 0.254 0.018 0.018 0.044 0.016 
   8   (0.016) 0.028 0.011 0.003 0.002 0.005 0.003 0.007 
   9   (0.037) 0.007 0.075 0.056 0.007 0.016 0.018 0.028 

Locus 2 : bt28 
5 alleles
0.0% missing data
   1   (0.667) 0.771 0.716 0.591 0.724 0.696 0.675 0.664 
   2   (0.152) 0.162 0.155 0.178 0.104 0.141 0.066 0.132 
   3   (0.144) 0.045 0.081 0.224 0.165 0.151 0.246 0.140 
   4   (0.026) 0.007 0.046 0.005 0.004 0.009 0.011 0.061 
   5   (0.011) 0.014 0.002 0.002 0.002 0.002 0.002 0.003 

Locus 3 : b96 
8 alleles
0.9% missing data
   1   (0.327) 0.351 0.272 0.359 0.330 0.394 0.228 0.357 
   2   (0.487) 0.462 0.658 0.515 0.507 0.452 0.561 0.533 
   3   (0.044) 0.012 0.014 0.030 0.041 0.049 0.094 0.027 
   4   (0.016) 0.004 0.003 0.003 0.003 0.004 0.065 0.007 
   5   (0.048) 0.025 0.022 0.046 0.037 0.040 0.016 0.036 
   6   (0.026) 0.082 0.005 0.036 0.006 0.010 0.008 0.006 
   7   (0.038) 0.060 0.025 0.008 0.011 0.047 0.025 0.030 
   8   (0.013) 0.003 0.002 0.003 0.067 0.003 0.002 0.003 

Locus 4 : bt30 
12 alleles
0.9% missing data
   1   (0.111) 0.257 0.039 0.172 0.112 0.094 0.045 0.107 
   2   (0.283) 0.287 0.318 0.273 0.277 0.321 0.262 0.329 
   3   (0.073) 0.020 0.126 0.028 0.027 0.079 0.079 0.173 
   4   (0.188) 0.120 0.179 0.214 0.242 0.205 0.227 0.166 
   5   (0.014) 0.003 0.003 0.018 0.003 0.004 0.003 0.006 
   6   (0.099) 0.100 0.131 0.208 0.053 0.062 0.042 0.088 
   7   (0.033) 0.022 0.018 0.010 0.029 0.033 0.014 0.022 
   8   (0.050) 0.043 0.014 0.011 0.063 0.053 0.057 0.039 
   9   (0.107) 0.083 0.155 0.042 0.186 0.122 0.264 0.057 
  10   (0.012) 0.060 0.002 0.002 0.002 0.002 0.002 0.003 
  11   (0.017) 0.004 0.005 0.021 0.004 0.021 0.003 0.007 
  12   (0.012) 0.002 0.011 0.002 0.002 0.003 0.002 0.004 

Locus 5 : btms0081 
3 alleles
0.9% missing data
   1   (0.498) 0.588 0.414 0.626 0.305 0.477 0.573 0.550 
   2   (0.351) 0.224 0.401 0.268 0.465 0.384 0.353 0.358 
   3   (0.151) 0.189 0.185 0.107 0.230 0.139 0.075 0.092 

Locus 6 : btms0066 
24 alleles
0.0% missing data
   1   (0.249) 0.383 0.184 0.332 0.362 0.313 0.211 0.277 
   2   (0.015) 0.060 0.012 0.003 0.003 0.004 0.004 0.004 
   3   (0.034) 0.007 0.010 0.019 0.018 0.094 0.027 0.030 
   4   (0.150) 0.063 0.371 0.198 0.130 0.156 0.066 0.227 
   5   (0.094) 0.033 0.091 0.041 0.110 0.194 0.047 0.157 
   6   (0.051) 0.011 0.055 0.183 0.020 0.035 0.093 0.022 
   7   (0.021) 0.017 0.004 0.044 0.003 0.006 0.004 0.007 
   8   (0.059) 0.076 0.073 0.018 0.033 0.030 0.041 0.056 
   9   (0.016) 0.003 0.003 0.005 0.005 0.012 0.245 0.005 
  10   (0.032) 0.136 0.009 0.007 0.005 0.010 0.043 0.024 
  11   (0.022) 0.137 0.007 0.009 0.012 0.006 0.005 0.005 
  12   (0.039) 0.009 0.106 0.007 0.018 0.024 0.011 0.072 
  13   (0.029) 0.006 0.006 0.023 0.018 0.017 0.029 0.011 
  14   (0.021) 0.004 0.004 0.005 0.037 0.006 0.059 0.005 
  15   (0.018) 0.005 0.012 0.003 0.003 0.015 0.004 0.043 
  16   (0.028) 0.006 0.011 0.027 0.085 0.013 0.055 0.008 
  17   (0.027) 0.017 0.007 0.007 0.055 0.018 0.024 0.011 
  18   (0.008) 0.001 0.001 0.001 0.028 0.002 0.001 0.002 
  19   (0.014) 0.003 0.002 0.005 0.007 0.022 0.005 0.005 
  20   (0.022) 0.007 0.021 0.027 0.010 0.007 0.007 0.008 
  21   (0.018) 0.006 0.003 0.022 0.004 0.006 0.011 0.006 
  22   (0.010) 0.002 0.002 0.008 0.002 0.003 0.004 0.003 
  23   (0.013) 0.002 0.002 0.002 0.028 0.003 0.002 0.003 
  24   (0.011) 0.004 0.002 0.002 0.002 0.003 0.004 0.007 

Locus 7 : btms0083 
31 alleles
3.0% missing data
   1   (0.014) 0.204 0.002 0.003 0.003 0.003 0.004 0.003 
   2   (0.024) 0.100 0.004 0.005 0.005 0.026 0.018 0.010 
   3   (0.028) 0.006 0.007 0.066 0.008 0.013 0.097 0.015 
   4   (0.041) 0.052 0.016 0.034 0.011 0.041 0.033 0.040 
   5   (0.186) 0.216 0.154 0.348 0.252 0.235 0.184 0.198 
   6   (0.022) 0.007 0.007 0.023 0.005 0.013 0.017 0.017 
   7   (0.063) 0.024 0.035 0.022 0.167 0.095 0.079 0.074 
   8   (0.036) 0.016 0.012 0.011 0.021 0.093 0.022 0.072 
   9   (0.036) 0.008 0.036 0.050 0.007 0.039 0.010 0.034 
  10   (0.022) 0.007 0.009 0.114 0.017 0.013 0.006 0.008 
  11   (0.055) 0.016 0.111 0.017 0.010 0.041 0.288 0.094 
  12   (0.015) 0.038 0.010 0.005 0.003 0.006 0.003 0.007 
  13   (0.055) 0.012 0.099 0.022 0.076 0.065 0.038 0.047 
  14   (0.039) 0.009 0.039 0.011 0.007 0.045 0.015 0.131 
  15   (0.029) 0.022 0.062 0.025 0.006 0.011 0.009 0.017 
  16   (0.031) 0.038 0.010 0.067 0.006 0.016 0.013 0.024 
  17   (0.034) 0.066 0.223 0.012 0.006 0.016 0.007 0.016 
  18   (0.051) 0.037 0.031 0.043 0.106 0.048 0.022 0.044 
  19   (0.019) 0.011 0.005 0.004 0.101 0.008 0.004 0.010 
  20   (0.028) 0.005 0.006 0.008 0.063 0.062 0.018 0.014 
  21   (0.010) 0.030 0.002 0.002 0.001 0.002 0.002 0.002 
  22   (0.012) 0.024 0.006 0.002 0.002 0.003 0.003 0.003 
  23   (0.015) 0.018 0.007 0.003 0.002 0.007 0.003 0.014 
  24   (0.010) 0.003 0.002 0.002 0.013 0.002 0.002 0.003 
  25   (0.028) 0.006 0.007 0.076 0.008 0.038 0.009 0.030 
  26   (0.016) 0.003 0.043 0.005 0.003 0.005 0.006 0.027 
  27   (0.030) 0.006 0.037 0.008 0.050 0.024 0.013 0.015 
  28   (0.017) 0.005 0.008 0.006 0.003 0.010 0.065 0.007 
  29   (0.013) 0.005 0.003 0.004 0.002 0.008 0.005 0.012 
  30   (0.012) 0.002 0.002 0.003 0.035 0.006 0.002 0.003 
  31   (0.010) 0.003 0.004 0.002 0.002 0.004 0.002 0.007 

Locus 8 : b126 
16 alleles
0.0% missing data
   1   (0.042) 0.040 0.022 0.064 0.012 0.026 0.010 0.031 
   2   (0.050) 0.121 0.063 0.013 0.008 0.048 0.011 0.058 
   3   (0.314) 0.222 0.398 0.267 0.407 0.351 0.519 0.356 
   4   (0.031) 0.010 0.071 0.014 0.007 0.018 0.007 0.033 
   5   (0.071) 0.026 0.064 0.127 0.049 0.081 0.043 0.095 
   6   (0.062) 0.016 0.029 0.016 0.156 0.127 0.027 0.109 
   7   (0.101) 0.021 0.083 0.182 0.133 0.113 0.220 0.065 
   8   (0.031) 0.008 0.039 0.008 0.067 0.014 0.008 0.022 
   9   (0.013) 0.002 0.002 0.037 0.002 0.003 0.002 0.003 
  10   (0.041) 0.026 0.025 0.100 0.047 0.018 0.013 0.018 
  11   (0.096) 0.371 0.051 0.037 0.030 0.102 0.106 0.102 
  12   (0.031) 0.030 0.007 0.006 0.027 0.032 0.007 0.023 
  13   (0.069) 0.097 0.096 0.081 0.045 0.036 0.014 0.047 
  14   (0.020) 0.004 0.043 0.010 0.004 0.008 0.004 0.022 
  15   (0.015) 0.003 0.004 0.014 0.003 0.018 0.003 0.006 
  16   (0.015) 0.003 0.004 0.025 0.002 0.004 0.006 0.009 

Locus 9 : btms0062 
34 alleles
0.0% missing data
   1   (0.034) 0.075 0.009 0.034 0.008 0.022 0.052 0.027 
   2   (0.045) 0.099 0.201 0.039 0.012 0.033 0.016 0.027 
   3   (0.080) 0.102 0.047 0.034 0.072 0.191 0.107 0.095 
   4   (0.094) 0.058 0.052 0.219 0.186 0.061 0.151 0.141 
   5   (0.050) 0.023 0.013 0.047 0.014 0.113 0.100 0.105 
   6   (0.026) 0.007 0.026 0.012 0.006 0.029 0.020 0.024 
   7   (0.014) 0.003 0.003 0.003 0.002 0.011 0.002 0.013 
   8   (0.022) 0.006 0.016 0.005 0.004 0.038 0.004 0.059 
   9   (0.040) 0.020 0.087 0.028 0.015 0.018 0.076 0.052 
  10   (0.055) 0.044 0.038 0.067 0.058 0.046 0.013 0.072 
  11   (0.069) 0.024 0.052 0.145 0.044 0.056 0.196 0.055 
  12   (0.044) 0.010 0.220 0.073 0.035 0.030 0.012 0.022 
  13   (0.041) 0.025 0.019 0.123 0.019 0.044 0.019 0.034 
  14   (0.041) 0.013 0.029 0.011 0.255 0.039 0.013 0.048 
  15   (0.017) 0.003 0.006 0.006 0.015 0.064 0.016 0.018 
  16   (0.014) 0.003 0.003 0.003 0.013 0.011 0.055 0.004 
  17   (0.018) 0.146 0.006 0.011 0.003 0.004 0.003 0.006 
  18   (0.016) 0.003 0.007 0.029 0.003 0.004 0.004 0.005 
  19   (0.046) 0.078 0.056 0.018 0.084 0.024 0.009 0.036 
  20   (0.009) 0.031 0.002 0.002 0.001 0.002 0.001 0.002 
  21   (0.031) 0.052 0.036 0.020 0.005 0.018 0.008 0.033 
  22   (0.018) 0.095 0.003 0.003 0.004 0.016 0.003 0.007 
  23   (0.010) 0.026 0.002 0.002 0.002 0.003 0.002 0.004 
  24   (0.022) 0.005 0.019 0.005 0.008 0.009 0.004 0.041 
  25   (0.016) 0.011 0.004 0.004 0.003 0.007 0.003 0.012 
  26   (0.030) 0.016 0.015 0.023 0.056 0.034 0.032 0.023 
  27   (0.019) 0.004 0.004 0.013 0.011 0.023 0.039 0.007 
  28   (0.011) 0.002 0.002 0.002 0.005 0.016 0.005 0.003 
  29   (0.012) 0.005 0.006 0.002 0.002 0.004 0.020 0.004 
  30   (0.011) 0.002 0.005 0.002 0.027 0.002 0.002 0.002 
  31   (0.011) 0.002 0.002 0.002 0.002 0.014 0.002 0.009 
  32   (0.010) 0.002 0.003 0.007 0.002 0.003 0.005 0.003 
  33   (0.010) 0.003 0.004 0.002 0.002 0.004 0.002 0.007 
  34   (0.012) 0.002 0.002 0.002 0.024 0.005 0.002 0.003 

Locus 10 : btern02 
25 alleles
4.8% missing data
   1   (0.101) 0.130 0.170 0.084 0.065 0.120 0.182 0.085 
   2   (0.008) 0.015 0.002 0.002 0.001 0.002 0.001 0.002 
   3   (0.080) 0.028 0.109 0.133 0.025 0.115 0.059 0.118 
   4   (0.052) 0.016 0.068 0.150 0.089 0.029 0.011 0.037 
   5   (0.028) 0.015 0.009 0.025 0.006 0.016 0.033 0.032 
   6   (0.043) 0.019 0.020 0.025 0.017 0.059 0.137 0.075 
   7   (0.030) 0.006 0.011 0.031 0.130 0.022 0.006 0.016 
   8   (0.036) 0.095 0.019 0.012 0.008 0.041 0.026 0.029 
   9   (0.071) 0.084 0.026 0.108 0.065 0.146 0.064 0.045 
  10   (0.032) 0.008 0.082 0.012 0.006 0.039 0.007 0.079 
  11   (0.059) 0.019 0.085 0.023 0.071 0.092 0.029 0.083 
  12   (0.037) 0.128 0.063 0.011 0.008 0.018 0.019 0.023 
  13   (0.050) 0.053 0.035 0.069 0.050 0.023 0.015 0.047 
  14   (0.053) 0.155 0.055 0.040 0.120 0.022 0.016 0.028 
  15   (0.011) 0.002 0.002 0.002 0.002 0.002 0.115 0.002 
  16   (0.045) 0.053 0.034 0.014 0.044 0.032 0.013 0.072 
  17   (0.028) 0.007 0.014 0.018 0.053 0.023 0.023 0.028 
  18   (0.044) 0.011 0.097 0.020 0.157 0.035 0.019 0.037 
  19   (0.043) 0.009 0.021 0.079 0.014 0.059 0.075 0.030 
  20   (0.041) 0.054 0.023 0.073 0.008 0.028 0.008 0.053 
  21   (0.024) 0.049 0.013 0.005 0.008 0.015 0.007 0.022 
  22   (0.013) 0.017 0.006 0.002 0.005 0.005 0.002 0.005 
  23   (0.031) 0.020 0.024 0.033 0.006 0.031 0.014 0.033 
  24   (0.028) 0.006 0.006 0.015 0.036 0.017 0.116 0.013 
  25   (0.011) 0.003 0.006 0.014 0.003 0.005 0.002 0.005 

Locus 11 : btms0086 
3 alleles
0.0% missing data
   1   (0.842) 0.784 0.839 0.766 0.927 0.875 0.960 0.842 
   2   (0.136) 0.194 0.156 0.230 0.062 0.095 0.033 0.150 
   3   (0.022) 0.022 0.004 0.004 0.010 0.030 0.007 0.008 

Locus 12 : bl13 
3 alleles
0.0% missing data
   1   (0.072) 0.208 0.030 0.039 0.297 0.030 0.022 0.036 
   2   (0.827) 0.771 0.898 0.845 0.641 0.874 0.750 0.877 
   3   (0.101) 0.020 0.073 0.116 0.062 0.096 0.228 0.088 

Locus 13 : btms0059 
9 alleles
0.0% missing data
   1   (0.345) 0.366 0.212 0.334 0.314 0.471 0.471 0.350 
   2   (0.108) 0.118 0.280 0.036 0.020 0.073 0.178 0.168 
   3   (0.064) 0.117 0.029 0.036 0.106 0.047 0.040 0.027 
   4   (0.055) 0.045 0.027 0.097 0.021 0.033 0.016 0.041 
   5   (0.080) 0.036 0.058 0.035 0.041 0.101 0.054 0.130 
   6   (0.298) 0.304 0.341 0.446 0.488 0.246 0.222 0.245 
   7   (0.016) 0.003 0.044 0.003 0.003 0.004 0.006 0.009 
   8   (0.023) 0.006 0.006 0.011 0.004 0.020 0.010 0.025 
   9   (0.011) 0.004 0.004 0.002 0.003 0.004 0.004 0.005 

Values of parameters used in structure:
DATAFILE=/Users/johnmola/Desktop/rpbbfeb27/rpbbstructure/project_data,	OUTFILE=/Users/johnmola/Desktop/rpbbfeb27/rpbbstructure/rpbb20k100k/Results/rpbb20k100k_run_65,	NUMINDS=231,	NUMLOCI=13,	MISSING=-9,	LABEL=1,	POPDATA=1,	POPFLAG=0,	PHENOTYPE=0,	EXTRACOLS=0,	MAXPOPS=7,	BURNIN=20000,	NUMREPS=100000,	USEPOPINFO=0,	INFERALPHA=1,	INFERLAMBDA=0,	POPSPECIFICLAMBDA=0,	POPALPHAS=0,	COMPUTEPROB=1,	NOADMIX=0,	ADMBURNIN=2500,	UPDATEFREQ=1,	PRINTLIKES=0,	INTERMEDSAVE=0,	PRINTKLD=0,	PRINTNET=0,	PRINTLAMBDA=0,	ANCESTDIST=0,	NUMBOXES=1000,	ANCESTPINT=0.90000,	GENSBACK=2,	MIGRPRIOR=0.05000,	PRINTQHAT=0,	PRINTQSUM=0,	ALPHA=1.0000,	FREQSCORR=1,	FPRIORMEAN=0.0100,	FPRIORSD=0.0500,	ONEFST=0,	LAMBDA=1.0000,	UNIFPRIORALPHA=1,	ALPHAMAX=10.0000,	ALPHAPRIORA=1.0000,	ALPHAPRIORB=2.0000,	ALPHAPROPSD=0.0250,	STARTATPOPINFO=0,	RANDOMIZE=1,	LINKAGE=0,	METROFREQ=10,	REPORTHITRATE=0,	MARKOVPHASE=-1,	PHASED=0,	PLOIDY=2,	PHASEINFO=0	LOCPRIOR=0, 	LOCPRIORINIT=1.000000, 	LOCDATA=0, 	LOCISPOP=0, 	LOCPRIORSTEP=0.100000, 	MAXLOCPRIOR=20.000000, 	SEED=1677521145,	
[STRAT parameters]:    NUMSIMSTATS=1000,	PHENOTYPECOL=-9,	POOLFREQ=10,	LOCUSxONLY=0,	EMERROR=0.00100,	MISSINGPHENO=-9,	