

----------------------------------------------------
STRUCTURE by Pritchard, Stephens and Donnelly (2000)
     and Falush, Stephens and Pritchard (2003)
       Code by Pritchard, Falush and Hubisz
             Version 2.3.4 (Jul 2012)
----------------------------------------------------



Command line arguments:   bin/structure -m "/Users/johnmola/Desktop/rpbbfeb27/rpbbstructure/rpbb20k100k/mainparams" -e "/Users/johnmola/Desktop/rpbbfeb27/rpbbstructure/rpbb20k100k/extraparams" 
Input File:    /Users/johnmola/Desktop/rpbbfeb27/rpbbstructure/project_data

Run parameters:
   231 individuals
   13 loci
   7 populations assumed
   20000 Burn-in period
   100000 Reps


--------------------------------------------
Proportion of membership of each pre-defined
 population in each of the 7 clusters

Given    Inferred Clusters                                   Number of
 Pop       1      2      3      4      5      6      7      Individuals

  1:     0.796  0.049  0.019  0.014  0.037  0.038  0.046       21
  2:     0.019  0.172  0.213  0.015  0.306  0.104  0.170        7
  3:     0.087  0.242  0.064  0.036  0.231  0.073  0.266        7
  4:     0.052  0.263  0.157  0.069  0.074  0.190  0.195        8
  5:     0.053  0.224  0.021  0.023  0.084  0.369  0.225        4
  6:     0.037  0.213  0.110  0.107  0.252  0.070  0.212       35
  7:     0.076  0.243  0.070  0.040  0.185  0.117  0.269       40
  8:     0.056  0.225  0.086  0.103  0.194  0.114  0.221       19
  9:     0.244  0.290  0.039  0.036  0.045  0.070  0.276        4
 10:     0.030  0.106  0.149  0.240  0.236  0.145  0.095       11
 11:     0.138  0.091  0.592  0.014  0.017  0.068  0.081        8
 12:     0.043  0.062  0.096  0.316  0.091  0.324  0.069       60
 13:     0.045  0.311  0.043  0.032  0.158  0.070  0.340        7
--------------------------------------------

Allele-freq. divergence among pops (Net nucleotide distance),
computed using point estimates of P.

      1       2       3       4       5       6       7      
 1      -    0.0284  0.0435  0.0405  0.0334  0.0303  0.0273  
 2   0.0284     -    0.0245  0.0311  0.0216  0.0203  0.0006  
 3   0.0435  0.0245     -    0.0424  0.0363  0.0287  0.0246  
 4   0.0405  0.0311  0.0424     -    0.0381  0.0309  0.0301  
 5   0.0334  0.0216  0.0363  0.0381     -    0.0318  0.0200  
 6   0.0303  0.0203  0.0287  0.0309  0.0318     -    0.0196  
 7   0.0273  0.0006  0.0246  0.0301  0.0200  0.0196     -    

Average distances (expected heterozygosity) between individuals in same cluster:
cluster  1  : 0.6856 
cluster  2  : 0.6874 
cluster  3  : 0.6520 
cluster  4  : 0.6749 
cluster  5  : 0.6858 
cluster  6  : 0.6738 
cluster  7  : 0.6860 

--------------------------------------------
Estimated Ln Prob of Data   = -9985.4
Mean value of ln likelihood = -9409.6
Variance of ln likelihood   = 1151.6
Mean value of alpha         = 0.0540

Mean value of Fst_1         = 0.0798
Mean value of Fst_2         = 0.0625
Mean value of Fst_3         = 0.1190
Mean value of Fst_4         = 0.0928
Mean value of Fst_5         = 0.0728
Mean value of Fst_6         = 0.0553
Mean value of Fst_7         = 0.0606


Inferred ancestry of individuals:
        Label (%Miss) Pop:  Inferred clusters
  1  BAFF014    (0)    1 :  0.930 0.018 0.010 0.006 0.011 0.010 0.015 
  2  BAFF379    (0)    2 :  0.015 0.236 0.146 0.012 0.055 0.255 0.281 
  3  BAFF212    (0)    3 :  0.029 0.208 0.043 0.061 0.331 0.038 0.290 
  4  BAFF018    (0)    4 :  0.010 0.113 0.286 0.023 0.023 0.420 0.124 
  5  BAFF247    (0)    4 :  0.009 0.213 0.021 0.013 0.047 0.433 0.264 
  6  BAFF024    (0)    5 :  0.018 0.405 0.017 0.043 0.217 0.036 0.263 
  7  BAFF088    (0)    6 :  0.010 0.042 0.036 0.031 0.789 0.043 0.048 
  8  BAFF429    (0)    6 :  0.018 0.285 0.049 0.015 0.144 0.164 0.325 
  9  BAFF087    (7)    7 :  0.008 0.007 0.006 0.007 0.959 0.006 0.007 
 10  BAFF225    (0)    7 :  0.035 0.252 0.013 0.018 0.379 0.022 0.280 
 11  BAFF195    (0)    8 :  0.043 0.096 0.601 0.012 0.090 0.084 0.074 
 12  BAFF238    (0)    9 :  0.096 0.400 0.027 0.035 0.033 0.049 0.359 
 13  BAFF019    (0)   10 :  0.023 0.018 0.031 0.826 0.058 0.026 0.019 
 14  BAFF175    (0)   10 :  0.013 0.170 0.047 0.073 0.194 0.347 0.156 
 15  BAFF156    (0)   11 :  0.005 0.005 0.967 0.006 0.005 0.007 0.005 
 16  BAFF301    (0)   11 :  0.856 0.035 0.013 0.023 0.019 0.020 0.033 
 17  BAFF141    (0)   12 :  0.191 0.048 0.013 0.006 0.008 0.680 0.053 
 18  BAFF302    (0)   12 :  0.031 0.473 0.020 0.054 0.027 0.034 0.361 
 19  BAFF290    (0)    1 :  0.830 0.029 0.008 0.012 0.017 0.073 0.031 
 20  BAFF498    (0)    6 :  0.232 0.226 0.098 0.070 0.067 0.027 0.281 
 21  BAFF455    (0)    7 :  0.022 0.057 0.029 0.034 0.742 0.036 0.079 
 22  BAFF203    (7)    8 :  0.009 0.032 0.017 0.012 0.846 0.043 0.040 
 23  BAFF056    (0)   12 :  0.020 0.038 0.007 0.812 0.010 0.017 0.097 
 24  BAFF327    (0)   12 :  0.056 0.019 0.036 0.132 0.034 0.703 0.020 
 25  BAFF255    (0)    1 :  0.943 0.013 0.006 0.007 0.009 0.010 0.012 
 26  BAFF256    (0)    1 :  0.948 0.008 0.005 0.012 0.011 0.007 0.008 
 27  BAFF257    (0)    1 :  0.962 0.006 0.005 0.006 0.008 0.007 0.007 
 28  BAFF260    (0)    1 :  0.942 0.010 0.005 0.008 0.017 0.008 0.011 
 29  BAFF259    (0)    1 :  0.943 0.008 0.009 0.015 0.008 0.009 0.008 
 30  BAFF261    (0)    1 :  0.945 0.010 0.008 0.008 0.009 0.011 0.010 
 31  BAFF274    (0)    1 :  0.851 0.035 0.013 0.014 0.031 0.022 0.033 
 32  BAFF262    (0)    1 :  0.904 0.010 0.010 0.008 0.034 0.026 0.009 
 33  BAFF294    (0)    1 :  0.923 0.009 0.007 0.008 0.036 0.009 0.008 
 34  BAFF292    (0)    1 :  0.776 0.101 0.013 0.009 0.008 0.021 0.071 
 35  BAFF296    (0)    1 :  0.820 0.076 0.015 0.014 0.008 0.014 0.053 
 36  BAFF295    (0)    1 :  0.860 0.030 0.010 0.012 0.021 0.044 0.023 
 37  BAFF298    (0)    1 :  0.904 0.021 0.011 0.017 0.012 0.015 0.021 
 38  BAFF299    (0)    1 :  0.929 0.007 0.009 0.030 0.012 0.007 0.006 
 39  BAFF375    (0)   13 :  0.025 0.493 0.008 0.011 0.018 0.011 0.435 
 40  BAFF376    (0)   13 :  0.016 0.460 0.010 0.029 0.063 0.019 0.402 
 41  BAFF377    (0)   13 :  0.021 0.507 0.009 0.009 0.012 0.008 0.434 
 42  BAFF022    (0)    5 :  0.131 0.119 0.032 0.012 0.030 0.565 0.111 
 43  BAFF021    (0)    5 :  0.038 0.034 0.010 0.013 0.033 0.841 0.032 
 44  BAFF499    (0)    6 :  0.008 0.044 0.034 0.821 0.015 0.037 0.040 
 45  BAFF204    (0)    8 :  0.009 0.348 0.022 0.043 0.022 0.079 0.478 
 46  BAFF068    (0)   12 :  0.077 0.018 0.012 0.828 0.009 0.024 0.032 
 47  BAFF336    (0)   12 :  0.014 0.039 0.274 0.540 0.028 0.060 0.044 
 48  BAFF447    (0)    7 :  0.008 0.430 0.033 0.013 0.024 0.019 0.473 
 49  BAFF457    (0)    7 :  0.029 0.454 0.046 0.009 0.012 0.035 0.414 
 50  BAFF448    (0)    7 :  0.076 0.193 0.055 0.008 0.450 0.044 0.173 
 51  BAFF465    (0)    7 :  0.017 0.026 0.019 0.013 0.883 0.017 0.025 
 52  BAFF194    (0)    8 :  0.038 0.479 0.044 0.012 0.056 0.045 0.327 
 53  BAFF199    (0)    8 :  0.019 0.260 0.211 0.021 0.020 0.137 0.332 
 54  BAFF500    (0)    6 :  0.217 0.223 0.009 0.075 0.096 0.013 0.368 
 55  BAFF206    (0)    8 :  0.058 0.078 0.018 0.059 0.095 0.613 0.079 
 56  BAFF069    (0)   12 :  0.010 0.015 0.024 0.906 0.014 0.015 0.016 
 57  BAFF330    (0)   12 :  0.017 0.031 0.188 0.026 0.635 0.053 0.050 
 58  BAFF239    (0)   10 :  0.028 0.038 0.170 0.530 0.023 0.176 0.035 
 59  BAFF241    (0)   10 :  0.035 0.039 0.139 0.704 0.011 0.034 0.038 
 60  BAFF157    (0)   11 :  0.005 0.007 0.961 0.006 0.007 0.007 0.007 
 61  BAFF161    (0)   11 :  0.005 0.006 0.966 0.006 0.006 0.005 0.006 
 62  BAFF160    (0)   11 :  0.005 0.007 0.959 0.006 0.008 0.007 0.007 
 63  BAFF008    (0)   12 :  0.038 0.075 0.018 0.134 0.599 0.042 0.092 
 64  BAFF013    (0)   12 :  0.013 0.025 0.030 0.016 0.811 0.075 0.030 
 65  BAFF407    (0)   12 :  0.010 0.012 0.021 0.910 0.014 0.020 0.014 
 66  BAFF503    (0)    6 :  0.007 0.023 0.048 0.815 0.075 0.013 0.019 
 67  BAFF449    (0)    7 :  0.011 0.016 0.012 0.024 0.336 0.586 0.015 
 68  BAFF207    (0)    8 :  0.014 0.159 0.006 0.637 0.043 0.030 0.112 
 69  BAFF070    (0)   12 :  0.010 0.013 0.009 0.907 0.016 0.032 0.014 
 70  BAFF335    (0)   12 :  0.011 0.012 0.023 0.022 0.012 0.910 0.011 
 71  BAFF507    (0)    6 :  0.051 0.567 0.033 0.009 0.015 0.015 0.310 
 72  BAFF450    (0)    7 :  0.197 0.272 0.223 0.049 0.030 0.048 0.181 
 73  BAFF209    (7)    8 :  0.033 0.285 0.067 0.030 0.199 0.157 0.230 
 74  BAFF072    (0)   12 :  0.013 0.022 0.423 0.066 0.021 0.415 0.040 
 75  BAFF339    (0)   12 :  0.014 0.227 0.020 0.378 0.012 0.096 0.252 
 76  BAFF508    (0)    6 :  0.053 0.072 0.792 0.014 0.011 0.025 0.033 
 77  BAFF451    (0)    7 :  0.012 0.371 0.017 0.029 0.078 0.139 0.354 
 78  BAFF210    (0)    8 :  0.079 0.173 0.012 0.465 0.116 0.017 0.138 
 79  BAFF139    (0)   12 :  0.060 0.348 0.044 0.013 0.032 0.202 0.300 
 80  BAFF341    (0)   12 :  0.021 0.247 0.167 0.030 0.062 0.110 0.363 
 81  BAFF509    (0)    6 :  0.051 0.056 0.009 0.041 0.699 0.087 0.058 
 82  BAFF453    (0)    7 :  0.009 0.381 0.019 0.107 0.065 0.063 0.355 
 83  BAFF389    (0)    8 :  0.034 0.451 0.140 0.007 0.021 0.016 0.331 
 84  BAFF163    (0)   12 :  0.004 0.013 0.009 0.950 0.011 0.006 0.008 
 85  BAFF344    (7)   12 :  0.009 0.042 0.043 0.245 0.029 0.589 0.044 
 86  BAFF510    (0)    6 :  0.013 0.279 0.111 0.031 0.302 0.068 0.195 
 87  BAFF456    (0)    7 :  0.020 0.494 0.017 0.041 0.012 0.064 0.352 
 88  BAFF390    (0)    8 :  0.006 0.506 0.009 0.006 0.007 0.007 0.458 
 89  BAFF142    (0)   12 :  0.339 0.042 0.048 0.076 0.012 0.430 0.053 
 90  BAFF363    (7)   12 :  0.007 0.008 0.034 0.910 0.012 0.020 0.009 
 91  BAFF517    (0)    6 :  0.008 0.458 0.029 0.029 0.021 0.118 0.337 
 92  BAFF458    (0)    7 :  0.058 0.260 0.045 0.038 0.115 0.053 0.433 
 93  BAFF391    (0)    8 :  0.214 0.128 0.018 0.300 0.030 0.158 0.153 
 94  BAFF149    (0)   12 :  0.013 0.027 0.037 0.034 0.011 0.839 0.039 
 95  BAFF366    (7)   12 :  0.009 0.067 0.023 0.017 0.007 0.829 0.049 
 96  BAFF512    (0)    6 :  0.156 0.307 0.033 0.039 0.104 0.019 0.341 
 97  BAFF460    (0)    7 :  0.017 0.153 0.022 0.015 0.012 0.623 0.158 
 98  BAFF138    (0)   12 :  0.021 0.015 0.028 0.020 0.008 0.895 0.014 
 99  BAFF374    (0)   12 :  0.035 0.021 0.050 0.270 0.582 0.024 0.017 
100  BAFF015    (0)    1 :  0.930 0.011 0.010 0.012 0.012 0.012 0.013 
101  BAFF380    (0)    2 :  0.015 0.050 0.657 0.039 0.153 0.042 0.045 
102  BAFF216    (0)    3 :  0.043 0.314 0.019 0.030 0.155 0.041 0.398 
103  BAFF017    (0)    4 :  0.016 0.596 0.006 0.023 0.009 0.005 0.343 
104  BAFF245    (0)    4 :  0.126 0.111 0.016 0.039 0.122 0.473 0.113 
105  BAFF378    (7)   13 :  0.178 0.291 0.030 0.011 0.019 0.021 0.450 
106  BAFF023    (0)    5 :  0.026 0.338 0.024 0.026 0.057 0.033 0.496 
107  BAFF079    (0)    6 :  0.040 0.305 0.037 0.049 0.138 0.201 0.230 
108  BAFF435    (0)    6 :  0.009 0.339 0.048 0.025 0.022 0.030 0.526 
109  BAFF174    (7)    7 :  0.008 0.441 0.023 0.039 0.043 0.024 0.422 
110  BAFF226    (0)    7 :  0.015 0.432 0.022 0.008 0.010 0.069 0.443 
111  BAFF190    (0)    8 :  0.017 0.037 0.066 0.114 0.585 0.115 0.066 
112  BAFF243    (0)    9 :  0.056 0.437 0.072 0.007 0.027 0.089 0.311 
113  BAFF177    (0)   10 :  0.031 0.098 0.024 0.010 0.678 0.073 0.086 
114  BAFF364    (7)   11 :  0.012 0.061 0.800 0.020 0.059 0.013 0.035 
115  BAFF305    (0)   12 :  0.022 0.021 0.022 0.019 0.012 0.887 0.018 
116  BAFF513    (0)    6 :  0.056 0.093 0.029 0.022 0.674 0.026 0.099 
117  BAFF462    (0)    7 :  0.491 0.061 0.065 0.086 0.171 0.016 0.110 
118  BAFF143    (0)   12 :  0.008 0.069 0.064 0.066 0.045 0.693 0.055 
119  BAFF403    (0)   12 :  0.007 0.008 0.011 0.948 0.009 0.009 0.009 
120  BAFF514    (0)    6 :  0.009 0.047 0.020 0.277 0.561 0.028 0.058 
121  BAFF463    (0)    7 :  0.006 0.009 0.007 0.005 0.960 0.006 0.007 
122  BAFF137    (0)   12 :  0.010 0.012 0.012 0.009 0.113 0.829 0.015 
123  BAFF404    (0)   12 :  0.014 0.011 0.027 0.919 0.008 0.010 0.011 
124  BAFF515    (0)    6 :  0.021 0.155 0.063 0.036 0.437 0.151 0.137 
125  BAFF144    (0)   12 :  0.014 0.063 0.520 0.066 0.178 0.076 0.083 
126  BAFF405    (7)   12 :  0.038 0.022 0.313 0.024 0.049 0.531 0.021 
127  BAFF518    (0)    6 :  0.015 0.071 0.025 0.510 0.012 0.283 0.084 
128  BAFF467    (0)    7 :  0.022 0.331 0.024 0.040 0.096 0.036 0.451 
129  BAFF145    (0)   12 :  0.063 0.042 0.542 0.011 0.026 0.274 0.041 
130  BAFF406    (0)   12 :  0.009 0.027 0.563 0.280 0.047 0.052 0.021 
131  BAFF519    (0)    6 :  0.013 0.396 0.021 0.015 0.065 0.086 0.403 
132  BAFF471    (0)    7 :  0.092 0.136 0.054 0.032 0.177 0.359 0.151 
133  BAFF136    (0)   12 :  0.006 0.029 0.011 0.730 0.044 0.156 0.024 
134  BAFF520    (7)    6 :  0.034 0.280 0.037 0.084 0.085 0.042 0.439 
135  BAFF472    (0)    7 :  0.033 0.179 0.192 0.041 0.279 0.055 0.221 
136  BAFF165    (0)   12 :  0.054 0.049 0.009 0.054 0.020 0.767 0.047 
137  BAFF408    (0)   12 :  0.035 0.031 0.142 0.085 0.017 0.661 0.029 
138  BAFF522    (0)    6 :  0.034 0.026 0.031 0.047 0.773 0.055 0.034 
139  BAFF475    (0)    7 :  0.010 0.453 0.039 0.047 0.058 0.060 0.334 
140  BAFF140    (0)   12 :  0.019 0.066 0.072 0.030 0.239 0.527 0.047 
141  BAFF409    (0)   12 :  0.095 0.013 0.013 0.783 0.065 0.018 0.014 
142  BAFF523    (0)    6 :  0.016 0.075 0.148 0.009 0.615 0.013 0.125 
143  BAFF476    (0)    7 :  0.010 0.391 0.219 0.031 0.013 0.052 0.284 
144  BAFF147    (0)   12 :  0.015 0.024 0.019 0.174 0.045 0.702 0.022 
145  BAFF410    (0)   12 :  0.017 0.050 0.016 0.632 0.009 0.235 0.041 
146  BAFF477    (0)    7 :  0.085 0.327 0.019 0.007 0.016 0.168 0.377 
147  BAFF411    (0)   12 :  0.617 0.052 0.094 0.097 0.016 0.057 0.067 
148  BAFF486    (7)    7 :  0.008 0.387 0.019 0.007 0.006 0.011 0.562 
149  BAFF412    (7)   12 :  0.055 0.029 0.020 0.746 0.093 0.027 0.030 
150  BAFF258    (0)    1 :  0.272 0.077 0.069 0.029 0.424 0.022 0.107 
151  BAFF392    (0)    2 :  0.005 0.011 0.034 0.007 0.917 0.009 0.017 
152  BAFF217    (0)    3 :  0.012 0.440 0.039 0.018 0.011 0.075 0.406 
153  BAFF016    (0)    4 :  0.006 0.450 0.191 0.036 0.012 0.050 0.255 
154  BAFF246    (0)    4 :  0.010 0.501 0.054 0.025 0.051 0.022 0.337 
155  BAFF381    (0)   13 :  0.011 0.255 0.016 0.040 0.028 0.309 0.341 
156  BAFF078    (0)    6 :  0.007 0.017 0.586 0.084 0.020 0.261 0.026 
157  BAFF481    (0)    6 :  0.032 0.249 0.029 0.045 0.051 0.202 0.393 
158  BAFF436    (0)    7 :  0.095 0.134 0.065 0.055 0.486 0.068 0.098 
159  BAFF191    (0)    8 :  0.011 0.406 0.013 0.021 0.126 0.043 0.380 
160  BAFF382    (0)    9 :  0.008 0.305 0.047 0.091 0.091 0.042 0.416 
161  BAFF178    (0)   10 :  0.011 0.129 0.010 0.058 0.684 0.021 0.088 
162  BAFF159    (7)   11 :  0.012 0.477 0.012 0.025 0.017 0.024 0.432 
163  BAFF365    (7)   11 :  0.202 0.125 0.057 0.019 0.015 0.461 0.121 
164  BAFF007    (0)   12 :  0.086 0.216 0.216 0.029 0.053 0.206 0.195 
165  BAFF304    (7)   12 :  0.012 0.050 0.175 0.102 0.013 0.596 0.051 
166  BAFF487    (0)    7 :  0.025 0.238 0.174 0.040 0.130 0.013 0.380 
167  BAFF415    (0)   12 :  0.071 0.037 0.025 0.543 0.037 0.250 0.037 
168  BAFF488    (0)    7 :  0.657 0.108 0.020 0.016 0.014 0.080 0.104 
169  BAFF417    (0)   12 :  0.018 0.049 0.031 0.352 0.041 0.458 0.052 
170  BAFF489    (0)    7 :  0.009 0.207 0.133 0.037 0.058 0.264 0.292 
171  BAFF426    (0)   12 :  0.019 0.014 0.008 0.906 0.021 0.016 0.017 
172  BAFF490    (7)    7 :  0.023 0.329 0.236 0.011 0.067 0.020 0.314 
173  BAFF491    (0)    7 :  0.054 0.236 0.117 0.009 0.227 0.031 0.325 
174  BAFF492    (0)    7 :  0.008 0.354 0.022 0.020 0.018 0.018 0.560 
175  BAFF493    (0)    7 :  0.575 0.065 0.028 0.042 0.136 0.031 0.121 
176  BAFF506    (0)    7 :  0.147 0.223 0.076 0.021 0.099 0.012 0.422 
177  BAFF393    (0)    2 :  0.030 0.181 0.502 0.011 0.013 0.076 0.187 
178  BAFF218    (0)    3 :  0.061 0.347 0.030 0.025 0.081 0.090 0.366 
179  BAFF254    (0)    4 :  0.050 0.075 0.663 0.013 0.023 0.105 0.072 
180  BAFF385    (0)   13 :  0.043 0.126 0.154 0.099 0.274 0.049 0.255 
181  BAFF076    (0)    6 :  0.011 0.009 0.013 0.011 0.936 0.009 0.010 
182  BAFF482    (0)    6 :  0.009 0.319 0.026 0.057 0.088 0.086 0.413 
183  BAFF437    (0)    7 :  0.022 0.059 0.007 0.012 0.026 0.794 0.080 
184  BAFF192    (0)    8 :  0.021 0.089 0.233 0.014 0.488 0.069 0.085 
185  BAFF383    (0)    9 :  0.817 0.015 0.008 0.012 0.028 0.100 0.019 
186  BAFF180    (0)   10 :  0.009 0.298 0.015 0.125 0.276 0.015 0.262 
187  BAFF048    (7)   12 :  0.051 0.032 0.802 0.012 0.060 0.018 0.025 
188  BAFF306    (0)   12 :  0.012 0.085 0.029 0.030 0.055 0.682 0.107 
189  BAFF394    (0)    2 :  0.046 0.345 0.125 0.022 0.057 0.148 0.258 
190  BAFF219    (0)    3 :  0.009 0.363 0.016 0.016 0.029 0.191 0.376 
191  BAFF388    (0)    4 :  0.192 0.041 0.018 0.379 0.302 0.013 0.055 
192  BAFF386    (7)   13 :  0.022 0.047 0.078 0.022 0.691 0.074 0.065 
193  BAFF084    (0)    6 :  0.011 0.066 0.853 0.009 0.010 0.013 0.038 
194  BAFF483    (0)    6 :  0.036 0.113 0.015 0.119 0.394 0.196 0.128 
195  BAFF438   (15)    7 :  0.019 0.108 0.275 0.055 0.083 0.336 0.124 
196  BAFF193    (0)    8 :  0.416 0.164 0.030 0.022 0.083 0.026 0.259 
197  BAFF183    (0)   10 :  0.120 0.265 0.207 0.093 0.030 0.050 0.233 
198  BAFF153    (0)   12 :  0.008 0.008 0.020 0.014 0.011 0.931 0.008 
199  BAFF307    (0)   12 :  0.012 0.059 0.211 0.021 0.023 0.588 0.086 
200  BAFF397    (0)    2 :  0.009 0.371 0.021 0.010 0.005 0.194 0.389 
201  BAFF220    (0)    3 :  0.008 0.010 0.031 0.009 0.919 0.008 0.015 
202  BAFF095    (0)    6 :  0.044 0.019 0.010 0.015 0.877 0.018 0.018 
203  BAFF494    (0)    6 :  0.007 0.145 0.047 0.031 0.600 0.014 0.157 
204  BAFF439    (0)    7 :  0.010 0.145 0.021 0.385 0.013 0.191 0.234 
205  BAFF182    (0)   10 :  0.026 0.038 0.114 0.145 0.574 0.066 0.036 
206  BAFF054    (0)   12 :  0.007 0.008 0.009 0.945 0.009 0.013 0.009 
207  BAFF308    (0)   12 :  0.017 0.039 0.030 0.016 0.019 0.807 0.071 
208  BAFF266    (0)    1 :  0.160 0.261 0.138 0.043 0.020 0.028 0.349 
209  BAFF398    (7)    2 :  0.014 0.011 0.006 0.006 0.941 0.006 0.015 
210  BAFF221    (0)    3 :  0.447 0.015 0.269 0.096 0.093 0.068 0.013 
211  BAFF090    (0)    6 :  0.021 0.073 0.404 0.253 0.080 0.067 0.102 
212  BAFF495    (0)    6 :  0.008 0.518 0.009 0.009 0.009 0.010 0.437 
213  BAFF459    (0)    7 :  0.008 0.514 0.070 0.016 0.016 0.039 0.338 
214  BAFF197    (0)    8 :  0.017 0.193 0.013 0.085 0.020 0.449 0.222 
215  BAFF188    (0)   10 :  0.016 0.034 0.079 0.067 0.019 0.747 0.038 
216  BAFF051    (0)   12 :  0.026 0.183 0.014 0.369 0.053 0.050 0.306 
217  BAFF309    (0)   12 :  0.013 0.335 0.046 0.016 0.072 0.045 0.473 
218  BAFF269    (0)    1 :  0.120 0.242 0.012 0.011 0.030 0.427 0.159 
219  BAFF077    (0)    6 :  0.015 0.539 0.083 0.012 0.007 0.008 0.337 
220  BAFF496    (0)    6 :  0.013 0.501 0.007 0.009 0.009 0.009 0.451 
221  BAFF443    (0)    7 :  0.081 0.273 0.032 0.105 0.044 0.123 0.343 
222  BAFF198    (0)    8 :  0.010 0.290 0.045 0.055 0.275 0.031 0.294 
223  BAFF053    (0)   12 :  0.021 0.023 0.020 0.036 0.010 0.855 0.034 
224  BAFF310    (0)   12 :  0.009 0.041 0.021 0.791 0.008 0.111 0.018 
225  BAFF282    (0)    1 :  0.835 0.037 0.020 0.016 0.047 0.025 0.021 
226  BAFF497    (0)    6 :  0.012 0.511 0.017 0.016 0.014 0.020 0.410 
227  BAFF466    (0)    7 :  0.016 0.227 0.264 0.036 0.047 0.063 0.347 
228  BAFF200    (7)    8 :  0.014 0.099 0.076 0.046 0.568 0.051 0.145 
229  BAFF240    (0)   10 :  0.014 0.036 0.798 0.011 0.052 0.036 0.052 
230  BAFF055    (0)   12 :  0.024 0.014 0.012 0.774 0.027 0.134 0.014 
231  BAFF311    (7)   12 :  0.023 0.012 0.016 0.007 0.885 0.034 0.022 


Estimated Allele Frequencies in each cluster
First column gives estimated ancestral frequencies


Locus 1 : btern01 
9 alleles
0.0% missing data
   1   (0.140) 0.116 0.169 0.155 0.036 0.143 0.168 0.150 
   2   (0.017) 0.025 0.008 0.004 0.003 0.004 0.004 0.010 
   3   (0.165) 0.073 0.224 0.137 0.096 0.133 0.199 0.213 
   4   (0.214) 0.210 0.217 0.250 0.177 0.187 0.189 0.229 
   5   (0.289) 0.423 0.244 0.363 0.334 0.158 0.347 0.276 
   6   (0.073) 0.034 0.065 0.030 0.325 0.046 0.058 0.052 
   7   (0.050) 0.082 0.015 0.039 0.020 0.268 0.018 0.017 
   8   (0.016) 0.030 0.007 0.003 0.002 0.003 0.008 0.006 
   9   (0.036) 0.007 0.051 0.020 0.007 0.058 0.009 0.048 

Locus 2 : bt28 
5 alleles
0.0% missing data
   1   (0.664) 0.771 0.688 0.662 0.718 0.584 0.739 0.666 
   2   (0.152) 0.161 0.135 0.063 0.103 0.173 0.150 0.150 
   3   (0.146) 0.047 0.115 0.261 0.173 0.236 0.099 0.137 
   4   (0.027) 0.008 0.060 0.012 0.005 0.005 0.010 0.045 
   5   (0.012) 0.014 0.003 0.002 0.002 0.002 0.003 0.002 

Locus 3 : b96 
8 alleles
0.9% missing data
   1   (0.328) 0.350 0.305 0.208 0.321 0.350 0.456 0.310 
   2   (0.483) 0.463 0.609 0.595 0.523 0.525 0.338 0.612 
   3   (0.046) 0.012 0.021 0.091 0.040 0.030 0.058 0.021 
   4   (0.015) 0.004 0.005 0.068 0.003 0.003 0.003 0.006 
   5   (0.050) 0.026 0.030 0.013 0.031 0.045 0.056 0.026 
   6   (0.026) 0.082 0.005 0.006 0.005 0.037 0.013 0.006 
   7   (0.037) 0.060 0.022 0.017 0.007 0.008 0.073 0.018 
   8   (0.013) 0.003 0.003 0.002 0.070 0.003 0.003 0.003 

Locus 4 : bt30 
12 alleles
0.9% missing data
   1   (0.113) 0.254 0.074 0.053 0.115 0.180 0.065 0.097 
   2   (0.283) 0.288 0.321 0.261 0.284 0.271 0.294 0.337 
   3   (0.067) 0.017 0.159 0.079 0.027 0.025 0.034 0.166 
   4   (0.187) 0.120 0.173 0.234 0.241 0.219 0.218 0.160 
   5   (0.014) 0.003 0.005 0.003 0.003 0.016 0.004 0.006 
   6   (0.098) 0.099 0.114 0.038 0.057 0.208 0.073 0.096 
   7   (0.034) 0.022 0.019 0.015 0.025 0.010 0.039 0.020 
   8   (0.052) 0.043 0.023 0.051 0.058 0.011 0.076 0.022 
   9   (0.111) 0.088 0.097 0.259 0.182 0.042 0.159 0.084 
  10   (0.012) 0.060 0.002 0.002 0.002 0.002 0.003 0.002 
  11   (0.017) 0.004 0.004 0.003 0.004 0.014 0.032 0.005 
  12   (0.011) 0.002 0.007 0.002 0.002 0.002 0.003 0.007 

Locus 5 : btms0081 
3 alleles
0.9% missing data
   1   (0.496) 0.587 0.506 0.588 0.307 0.636 0.410 0.512 
   2   (0.352) 0.226 0.362 0.335 0.465 0.267 0.427 0.363 
   3   (0.152) 0.187 0.132 0.078 0.229 0.097 0.164 0.125 

Locus 6 : btms0066 
24 alleles
0.0% missing data
   1   (0.270) 0.388 0.230 0.202 0.370 0.343 0.303 0.261 
   2   (0.015) 0.063 0.006 0.004 0.003 0.003 0.003 0.005 
   3   (0.031) 0.006 0.019 0.017 0.009 0.017 0.111 0.025 
   4   (0.146) 0.060 0.305 0.067 0.129 0.193 0.111 0.309 
   5   (0.095) 0.032 0.119 0.041 0.110 0.042 0.207 0.126 
   6   (0.052) 0.012 0.038 0.096 0.019 0.183 0.047 0.032 
   7   (0.017) 0.016 0.005 0.004 0.003 0.046 0.004 0.006 
   8   (0.053) 0.076 0.069 0.040 0.032 0.016 0.031 0.053 
   9   (0.018) 0.003 0.005 0.250 0.005 0.006 0.014 0.005 
  10   (0.029) 0.135 0.017 0.044 0.005 0.007 0.006 0.017 
  11   (0.022) 0.139 0.006 0.005 0.012 0.009 0.006 0.005 
  12   (0.038) 0.009 0.092 0.014 0.018 0.007 0.027 0.072 
  13   (0.027) 0.006 0.010 0.031 0.017 0.022 0.017 0.009 
  14   (0.019) 0.004 0.004 0.062 0.039 0.004 0.005 0.004 
  15   (0.019) 0.006 0.025 0.004 0.003 0.003 0.023 0.022 
  16   (0.028) 0.006 0.007 0.061 0.093 0.023 0.013 0.007 
  17   (0.023) 0.014 0.008 0.027 0.052 0.006 0.019 0.009 
  18   (0.011) 0.002 0.002 0.002 0.030 0.002 0.002 0.002 
  19   (0.013) 0.002 0.002 0.002 0.003 0.003 0.034 0.002 
  20   (0.024) 0.007 0.016 0.008 0.013 0.026 0.007 0.014 
  21   (0.018) 0.006 0.004 0.012 0.004 0.024 0.004 0.005 
  22   (0.010) 0.002 0.003 0.004 0.002 0.009 0.002 0.003 
  23   (0.012) 0.002 0.002 0.002 0.029 0.002 0.003 0.002 
  24   (0.011) 0.004 0.005 0.004 0.002 0.002 0.002 0.006 

Locus 7 : btms0083 
31 alleles
3.0% missing data
   1   (0.014) 0.203 0.003 0.005 0.003 0.003 0.004 0.003 
   2   (0.025) 0.099 0.007 0.016 0.005 0.005 0.031 0.007 
   3   (0.029) 0.006 0.012 0.093 0.008 0.070 0.011 0.012 
   4   (0.040) 0.054 0.029 0.036 0.011 0.035 0.020 0.041 
   5   (0.196) 0.214 0.176 0.188 0.260 0.351 0.235 0.188 
   6   (0.020) 0.007 0.013 0.021 0.005 0.021 0.006 0.016 
   7   (0.061) 0.022 0.058 0.085 0.164 0.021 0.085 0.068 
   8   (0.033) 0.016 0.025 0.012 0.013 0.008 0.141 0.029 
   9   (0.034) 0.008 0.034 0.008 0.007 0.047 0.038 0.040 
  10   (0.025) 0.007 0.010 0.006 0.020 0.112 0.015 0.011 
  11   (0.052) 0.015 0.107 0.303 0.010 0.015 0.036 0.092 
  12   (0.020) 0.036 0.010 0.004 0.004 0.006 0.005 0.012 
  13   (0.052) 0.011 0.078 0.032 0.075 0.021 0.079 0.055 
  14   (0.026) 0.006 0.091 0.012 0.005 0.007 0.015 0.099 
  15   (0.031) 0.023 0.044 0.009 0.007 0.025 0.013 0.028 
  16   (0.028) 0.036 0.017 0.012 0.006 0.074 0.007 0.021 
  17   (0.033) 0.073 0.107 0.009 0.006 0.011 0.020 0.092 
  18   (0.054) 0.040 0.034 0.026 0.113 0.041 0.039 0.045 
  19   (0.019) 0.011 0.008 0.004 0.104 0.004 0.006 0.010 
  20   (0.026) 0.005 0.009 0.006 0.052 0.007 0.090 0.010 
  21   (0.012) 0.030 0.002 0.002 0.002 0.002 0.003 0.002 
  22   (0.012) 0.026 0.003 0.003 0.002 0.002 0.003 0.003 
  23   (0.017) 0.019 0.010 0.003 0.003 0.004 0.011 0.008 
  24   (0.009) 0.003 0.002 0.002 0.013 0.002 0.002 0.002 
  25   (0.031) 0.007 0.022 0.008 0.006 0.078 0.030 0.028 
  26   (0.017) 0.003 0.041 0.010 0.003 0.005 0.006 0.027 
  27   (0.029) 0.006 0.022 0.009 0.053 0.008 0.027 0.025 
  28   (0.017) 0.005 0.009 0.069 0.003 0.006 0.004 0.007 
  29   (0.012) 0.004 0.008 0.005 0.002 0.004 0.003 0.012 
  30   (0.015) 0.003 0.003 0.002 0.034 0.003 0.010 0.003 
  31   (0.011) 0.004 0.005 0.002 0.002 0.002 0.007 0.004 

Locus 8 : b126 
16 alleles
0.0% missing data
   1   (0.042) 0.039 0.026 0.009 0.012 0.062 0.038 0.022 
   2   (0.050) 0.122 0.051 0.011 0.008 0.014 0.066 0.048 
   3   (0.316) 0.220 0.372 0.527 0.400 0.271 0.340 0.384 
   4   (0.028) 0.008 0.057 0.007 0.006 0.012 0.009 0.048 
   5   (0.075) 0.027 0.085 0.045 0.058 0.129 0.036 0.110 
   6   (0.061) 0.016 0.065 0.020 0.150 0.015 0.148 0.070 
   7   (0.102) 0.021 0.081 0.219 0.130 0.177 0.131 0.072 
   8   (0.030) 0.008 0.031 0.010 0.072 0.008 0.013 0.025 
   9   (0.012) 0.002 0.002 0.002 0.002 0.038 0.003 0.002 
  10   (0.040) 0.024 0.020 0.010 0.053 0.104 0.016 0.020 
  11   (0.094) 0.372 0.081 0.112 0.025 0.035 0.090 0.083 
  12   (0.030) 0.031 0.015 0.006 0.028 0.006 0.031 0.018 
  13   (0.068) 0.099 0.066 0.013 0.046 0.084 0.036 0.063 
  14   (0.020) 0.004 0.036 0.005 0.005 0.009 0.008 0.027 
  15   (0.013) 0.003 0.003 0.002 0.002 0.008 0.029 0.003 
  16   (0.017) 0.003 0.007 0.003 0.003 0.028 0.005 0.006 

Locus 9 : btms0062 
34 alleles
0.0% missing data
   1   (0.030) 0.076 0.018 0.058 0.009 0.033 0.007 0.026 
   2   (0.050) 0.103 0.115 0.023 0.015 0.041 0.021 0.095 
   3   (0.081) 0.102 0.062 0.091 0.058 0.032 0.230 0.075 
   4   (0.095) 0.055 0.102 0.152 0.200 0.217 0.046 0.108 
   5   (0.054) 0.022 0.068 0.106 0.014 0.044 0.072 0.093 
   6   (0.025) 0.007 0.024 0.018 0.005 0.011 0.035 0.022 
   7   (0.012) 0.002 0.008 0.002 0.002 0.003 0.007 0.010 
   8   (0.025) 0.007 0.031 0.005 0.005 0.005 0.055 0.030 
   9   (0.043) 0.021 0.081 0.081 0.016 0.028 0.014 0.058 
  10   (0.050) 0.044 0.056 0.012 0.065 0.071 0.029 0.060 
  11   (0.067) 0.022 0.055 0.196 0.043 0.151 0.052 0.057 
  12   (0.047) 0.011 0.113 0.011 0.033 0.076 0.040 0.099 
  13   (0.047) 0.026 0.024 0.019 0.018 0.122 0.065 0.021 
  14   (0.041) 0.011 0.040 0.011 0.258 0.011 0.038 0.044 
  15   (0.017) 0.003 0.005 0.004 0.004 0.004 0.105 0.005 
  16   (0.019) 0.004 0.005 0.055 0.012 0.004 0.015 0.005 
  17   (0.017) 0.147 0.005 0.003 0.003 0.012 0.004 0.005 
  18   (0.013) 0.003 0.005 0.003 0.002 0.030 0.004 0.004 
  19   (0.049) 0.079 0.045 0.009 0.088 0.017 0.018 0.047 
  20   (0.011) 0.031 0.002 0.002 0.002 0.002 0.002 0.002 
  21   (0.032) 0.055 0.038 0.008 0.006 0.019 0.013 0.031 
  22   (0.015) 0.095 0.003 0.003 0.003 0.003 0.019 0.004 
  23   (0.013) 0.025 0.004 0.002 0.002 0.003 0.003 0.005 
  24   (0.017) 0.004 0.033 0.004 0.007 0.004 0.005 0.028 
  25   (0.009) 0.007 0.007 0.002 0.002 0.002 0.002 0.011 
  26   (0.026) 0.013 0.021 0.050 0.057 0.025 0.010 0.026 
  27   (0.019) 0.004 0.004 0.037 0.009 0.012 0.032 0.005 
  28   (0.012) 0.002 0.002 0.002 0.002 0.002 0.023 0.002 
  29   (0.011) 0.005 0.005 0.022 0.002 0.002 0.003 0.004 
  30   (0.012) 0.002 0.002 0.002 0.030 0.002 0.002 0.002 
  31   (0.014) 0.003 0.007 0.002 0.003 0.003 0.013 0.008 
  32   (0.007) 0.002 0.002 0.005 0.001 0.007 0.002 0.002 
  33   (0.010) 0.003 0.004 0.002 0.002 0.002 0.007 0.003 
  34   (0.010) 0.002 0.003 0.002 0.025 0.002 0.004 0.002 

Locus 10 : btern02 
25 alleles
4.8% missing data
   1   (0.107) 0.130 0.134 0.201 0.057 0.082 0.141 0.105 
   2   (0.012) 0.015 0.003 0.002 0.002 0.002 0.003 0.002 
   3   (0.075) 0.027 0.122 0.059 0.022 0.134 0.090 0.124 
   4   (0.051) 0.016 0.049 0.010 0.095 0.152 0.029 0.047 
   5   (0.026) 0.015 0.022 0.034 0.006 0.023 0.011 0.024 
   6   (0.045) 0.019 0.050 0.147 0.019 0.027 0.023 0.070 
   7   (0.029) 0.006 0.013 0.005 0.133 0.030 0.024 0.015 
   8   (0.037) 0.097 0.025 0.024 0.007 0.013 0.036 0.029 
   9   (0.072) 0.085 0.033 0.053 0.050 0.103 0.188 0.036 
  10   (0.029) 0.007 0.083 0.008 0.005 0.010 0.009 0.092 
  11   (0.058) 0.019 0.078 0.021 0.064 0.021 0.123 0.073 
  12   (0.038) 0.129 0.040 0.017 0.007 0.013 0.020 0.039 
  13   (0.050) 0.051 0.039 0.011 0.054 0.074 0.027 0.038 
  14   (0.053) 0.153 0.043 0.019 0.126 0.038 0.028 0.032 
  15   (0.010) 0.002 0.002 0.118 0.002 0.002 0.002 0.002 
  16   (0.044) 0.050 0.055 0.011 0.045 0.013 0.025 0.059 
  17   (0.028) 0.007 0.024 0.019 0.060 0.017 0.010 0.028 
  18   (0.042) 0.011 0.071 0.018 0.165 0.018 0.024 0.065 
  19   (0.041) 0.009 0.021 0.069 0.013 0.080 0.069 0.027 
  20   (0.043) 0.051 0.034 0.008 0.009 0.077 0.035 0.036 
  21   (0.023) 0.052 0.017 0.007 0.008 0.005 0.012 0.017 
  22   (0.013) 0.019 0.004 0.002 0.006 0.003 0.004 0.005 
  23   (0.033) 0.021 0.022 0.014 0.006 0.034 0.050 0.019 
  24   (0.029) 0.006 0.012 0.120 0.037 0.014 0.014 0.011 
  25   (0.012) 0.003 0.006 0.003 0.004 0.015 0.003 0.006 

Locus 11 : btms0086 
3 alleles
0.0% missing data
   1   (0.844) 0.786 0.836 0.963 0.927 0.764 0.912 0.819 
   2   (0.134) 0.192 0.159 0.033 0.065 0.232 0.051 0.175 
   3   (0.022) 0.021 0.006 0.004 0.008 0.004 0.038 0.006 

Locus 12 : bl13 
3 alleles
0.0% missing data
   1   (0.071) 0.206 0.033 0.023 0.314 0.035 0.028 0.032 
   2   (0.827) 0.774 0.883 0.759 0.629 0.848 0.853 0.893 
   3   (0.103) 0.021 0.084 0.218 0.057 0.117 0.119 0.075 

Locus 13 : btms0059 
9 alleles
0.0% missing data
   1   (0.342) 0.363 0.270 0.473 0.296 0.334 0.528 0.279 
   2   (0.106) 0.123 0.232 0.183 0.019 0.036 0.063 0.199 
   3   (0.065) 0.117 0.030 0.034 0.109 0.033 0.056 0.028 
   4   (0.056) 0.045 0.035 0.016 0.020 0.092 0.041 0.033 
   5   (0.080) 0.035 0.095 0.053 0.041 0.034 0.081 0.112 
   6   (0.302) 0.304 0.290 0.222 0.506 0.454 0.209 0.304 
   7   (0.015) 0.003 0.029 0.005 0.002 0.003 0.004 0.019 
   8   (0.023) 0.006 0.015 0.009 0.004 0.012 0.017 0.021 
   9   (0.012) 0.004 0.005 0.005 0.003 0.002 0.003 0.005 

Values of parameters used in structure:
DATAFILE=/Users/johnmola/Desktop/rpbbfeb27/rpbbstructure/project_data,	OUTFILE=/Users/johnmola/Desktop/rpbbfeb27/rpbbstructure/rpbb20k100k/Results/rpbb20k100k_run_62,	NUMINDS=231,	NUMLOCI=13,	MISSING=-9,	LABEL=1,	POPDATA=1,	POPFLAG=0,	PHENOTYPE=0,	EXTRACOLS=0,	MAXPOPS=7,	BURNIN=20000,	NUMREPS=100000,	USEPOPINFO=0,	INFERALPHA=1,	INFERLAMBDA=0,	POPSPECIFICLAMBDA=0,	POPALPHAS=0,	COMPUTEPROB=1,	NOADMIX=0,	ADMBURNIN=2500,	UPDATEFREQ=1,	PRINTLIKES=0,	INTERMEDSAVE=0,	PRINTKLD=0,	PRINTNET=0,	PRINTLAMBDA=0,	ANCESTDIST=0,	NUMBOXES=1000,	ANCESTPINT=0.90000,	GENSBACK=2,	MIGRPRIOR=0.05000,	PRINTQHAT=0,	PRINTQSUM=0,	ALPHA=1.0000,	FREQSCORR=1,	FPRIORMEAN=0.0100,	FPRIORSD=0.0500,	ONEFST=0,	LAMBDA=1.0000,	UNIFPRIORALPHA=1,	ALPHAMAX=10.0000,	ALPHAPRIORA=1.0000,	ALPHAPRIORB=2.0000,	ALPHAPROPSD=0.0250,	STARTATPOPINFO=0,	RANDOMIZE=1,	LINKAGE=0,	METROFREQ=10,	REPORTHITRATE=0,	MARKOVPHASE=-1,	PHASED=0,	PLOIDY=2,	PHASEINFO=0	LOCPRIOR=0, 	LOCPRIORINIT=1.000000, 	LOCDATA=0, 	LOCISPOP=0, 	LOCPRIORSTEP=0.100000, 	MAXLOCPRIOR=20.000000, 	SEED=1677520890,	
[STRAT parameters]:    NUMSIMSTATS=1000,	PHENOTYPECOL=-9,	POOLFREQ=10,	LOCUSxONLY=0,	EMERROR=0.00100,	MISSINGPHENO=-9,	