

----------------------------------------------------
STRUCTURE by Pritchard, Stephens and Donnelly (2000)
     and Falush, Stephens and Pritchard (2003)
       Code by Pritchard, Falush and Hubisz
             Version 2.3.4 (Jul 2012)
----------------------------------------------------



Command line arguments:   bin/structure -m "/Users/johnmola/Desktop/rpbbfeb27/rpbbstructure/rpbb20k100k/mainparams" -e "/Users/johnmola/Desktop/rpbbfeb27/rpbbstructure/rpbb20k100k/extraparams" 
Input File:    /Users/johnmola/Desktop/rpbbfeb27/rpbbstructure/project_data

Run parameters:
   231 individuals
   13 loci
   8 populations assumed
   20000 Burn-in period
   100000 Reps


--------------------------------------------
Proportion of membership of each pre-defined
 population in each of the 8 clusters

Given    Inferred Clusters                                          Number of
 Pop       1      2      3      4      5      6      7      8      Individuals

  1:     0.033  0.740  0.070  0.049  0.034  0.015  0.017  0.042       21
  2:     0.110  0.020  0.068  0.172  0.286  0.016  0.164  0.165        7
  3:     0.066  0.081  0.199  0.192  0.214  0.032  0.080  0.136        7
  4:     0.158  0.058  0.146  0.236  0.066  0.071  0.101  0.164        8
  5:     0.293  0.049  0.068  0.272  0.065  0.026  0.014  0.213        4
  6:     0.064  0.039  0.122  0.186  0.230  0.097  0.086  0.175       35
  7:     0.107  0.067  0.105  0.190  0.171  0.035  0.048  0.276       40
  8:     0.103  0.048  0.224  0.121  0.172  0.098  0.073  0.161       19
  9:     0.076  0.243  0.231  0.130  0.050  0.032  0.043  0.195        4
 10:     0.131  0.027  0.109  0.065  0.227  0.215  0.143  0.082       11
 11:     0.061  0.134  0.019  0.143  0.017  0.012  0.575  0.038        8
 12:     0.309  0.036  0.036  0.064  0.084  0.306  0.074  0.090       60
 13:     0.073  0.046  0.409  0.055  0.126  0.023  0.029  0.240        7
--------------------------------------------

Allele-freq. divergence among pops (Net nucleotide distance),
computed using point estimates of P.

      1       2       3       4       5       6       7       8      
 1      -    0.0345  0.0382  0.0203  0.0358  0.0336  0.0369  0.0225  
 2   0.0345     -    0.0498  0.0333  0.0376  0.0444  0.0551  0.0306  
 3   0.0382  0.0498     -    0.0272  0.0399  0.0434  0.0490  0.0265  
 4   0.0203  0.0333  0.0272     -    0.0292  0.0386  0.0317  0.0158  
 5   0.0358  0.0376  0.0399  0.0292     -    0.0423  0.0449  0.0229  
 6   0.0336  0.0444  0.0434  0.0386  0.0423     -    0.0500  0.0345  
 7   0.0369  0.0551  0.0490  0.0317  0.0449  0.0500     -    0.0320  
 8   0.0225  0.0306  0.0265  0.0158  0.0229  0.0345  0.0320     -    

Average distances (expected heterozygosity) between individuals in same cluster:
cluster  1  : 0.6726 
cluster  2  : 0.6855 
cluster  3  : 0.6528 
cluster  4  : 0.6868 
cluster  5  : 0.6848 
cluster  6  : 0.6748 
cluster  7  : 0.6431 
cluster  8  : 0.6688 

--------------------------------------------
Estimated Ln Prob of Data   = -9938.5
Mean value of ln likelihood = -9307.5
Variance of ln likelihood   = 1262.0
Mean value of alpha         = 0.0553

Mean value of Fst_1         = 0.0591
Mean value of Fst_2         = 0.0902
Mean value of Fst_3         = 0.1074
Mean value of Fst_4         = 0.0668
Mean value of Fst_5         = 0.0839
Mean value of Fst_6         = 0.0998
Mean value of Fst_7         = 0.1559
Mean value of Fst_8         = 0.0675


Inferred ancestry of individuals:
        Label (%Miss) Pop:  Inferred clusters
  1  BAFF014    (0)    1 :  0.010 0.916 0.017 0.020 0.011 0.006 0.008 0.014 
  2  BAFF379    (0)    2 :  0.282 0.014 0.063 0.149 0.051 0.012 0.089 0.340 
  3  BAFF212    (0)    3 :  0.035 0.028 0.075 0.094 0.268 0.068 0.023 0.408 
  4  BAFF018    (0)    4 :  0.336 0.009 0.011 0.042 0.024 0.019 0.151 0.407 
  5  BAFF247    (0)    4 :  0.440 0.009 0.018 0.157 0.052 0.014 0.015 0.296 
  6  BAFF024    (0)    5 :  0.026 0.020 0.119 0.603 0.145 0.049 0.011 0.028 
  7  BAFF088    (0)    6 :  0.045 0.012 0.021 0.032 0.742 0.039 0.035 0.075 
  8  BAFF429    (0)    6 :  0.150 0.018 0.285 0.206 0.119 0.014 0.045 0.163 
  9  BAFF087    (7)    7 :  0.006 0.007 0.007 0.006 0.947 0.007 0.007 0.012 
 10  BAFF225    (0)    7 :  0.022 0.039 0.184 0.084 0.371 0.018 0.011 0.271 
 11  BAFF195    (0)    8 :  0.093 0.045 0.058 0.155 0.101 0.012 0.500 0.037 
 12  BAFF238    (0)    9 :  0.037 0.102 0.587 0.092 0.039 0.036 0.025 0.083 
 13  BAFF019    (0)   10 :  0.023 0.024 0.012 0.025 0.046 0.807 0.033 0.031 
 14  BAFF175    (0)   10 :  0.309 0.013 0.236 0.063 0.194 0.062 0.045 0.078 
 15  BAFF156    (0)   11 :  0.007 0.004 0.005 0.005 0.005 0.006 0.961 0.006 
 16  BAFF301    (0)   11 :  0.019 0.834 0.037 0.037 0.018 0.020 0.011 0.024 
 17  BAFF141    (0)   12 :  0.595 0.117 0.006 0.011 0.007 0.006 0.009 0.249 
 18  BAFF302    (0)   12 :  0.021 0.020 0.034 0.785 0.022 0.041 0.015 0.062 
 19  BAFF290    (0)    1 :  0.073 0.747 0.088 0.016 0.017 0.012 0.007 0.040 
 20  BAFF498    (0)    6 :  0.026 0.198 0.061 0.262 0.059 0.053 0.071 0.270 
 21  BAFF455    (0)    7 :  0.038 0.021 0.093 0.020 0.714 0.029 0.035 0.050 
 22  BAFF203    (7)    8 :  0.044 0.009 0.031 0.023 0.805 0.012 0.019 0.058 
 23  BAFF056    (0)   12 :  0.016 0.017 0.029 0.019 0.010 0.794 0.006 0.110 
 24  BAFF327    (0)   12 :  0.720 0.052 0.013 0.043 0.029 0.093 0.030 0.020 
 25  BAFF255    (0)    1 :  0.012 0.918 0.015 0.014 0.010 0.007 0.006 0.016 
 26  BAFF256    (0)    1 :  0.007 0.939 0.012 0.006 0.011 0.012 0.005 0.008 
 27  BAFF257    (0)    1 :  0.007 0.955 0.009 0.005 0.007 0.006 0.005 0.007 
 28  BAFF260    (0)    1 :  0.008 0.932 0.014 0.010 0.017 0.007 0.005 0.008 
 29  BAFF259    (0)    1 :  0.009 0.935 0.010 0.008 0.008 0.014 0.008 0.008 
 30  BAFF261    (0)    1 :  0.010 0.936 0.009 0.007 0.008 0.008 0.008 0.013 
 31  BAFF274    (0)    1 :  0.021 0.820 0.015 0.040 0.029 0.014 0.012 0.048 
 32  BAFF262    (0)    1 :  0.024 0.896 0.007 0.014 0.032 0.008 0.009 0.009 
 33  BAFF294    (0)    1 :  0.009 0.908 0.007 0.013 0.039 0.008 0.007 0.009 
 34  BAFF292    (0)    1 :  0.025 0.478 0.427 0.020 0.010 0.010 0.016 0.015 
 35  BAFF296    (0)    1 :  0.012 0.512 0.404 0.019 0.008 0.013 0.014 0.018 
 36  BAFF295    (0)    1 :  0.051 0.699 0.162 0.016 0.025 0.012 0.011 0.023 
 37  BAFF298    (0)    1 :  0.016 0.872 0.010 0.032 0.011 0.018 0.009 0.031 
 38  BAFF299    (0)    1 :  0.007 0.914 0.008 0.009 0.012 0.033 0.013 0.006 
 39  BAFF375    (0)   13 :  0.008 0.009 0.943 0.008 0.009 0.007 0.007 0.009 
 40  BAFF376    (0)   13 :  0.017 0.013 0.805 0.057 0.051 0.028 0.009 0.021 
 41  BAFF377    (0)   13 :  0.007 0.011 0.933 0.016 0.008 0.008 0.008 0.009 
 42  BAFF022    (0)    5 :  0.413 0.111 0.042 0.282 0.022 0.010 0.021 0.098 
 43  BAFF021    (0)    5 :  0.700 0.039 0.021 0.158 0.032 0.013 0.009 0.028 
 44  BAFF499    (0)    6 :  0.032 0.008 0.035 0.042 0.016 0.789 0.032 0.046 
 45  BAFF204    (0)    8 :  0.080 0.010 0.053 0.186 0.024 0.043 0.013 0.590 
 46  BAFF068    (0)   12 :  0.028 0.076 0.012 0.024 0.008 0.815 0.012 0.026 
 47  BAFF336    (0)   12 :  0.064 0.013 0.012 0.055 0.029 0.511 0.187 0.129 
 48  BAFF447    (0)    7 :  0.026 0.008 0.050 0.453 0.029 0.016 0.031 0.387 
 49  BAFF457    (0)    7 :  0.030 0.030 0.115 0.560 0.013 0.010 0.033 0.210 
 50  BAFF448    (0)    7 :  0.039 0.061 0.051 0.050 0.490 0.007 0.046 0.256 
 51  BAFF465    (0)    7 :  0.018 0.013 0.014 0.013 0.872 0.010 0.015 0.043 
 52  BAFF194    (0)    8 :  0.030 0.025 0.041 0.822 0.028 0.010 0.014 0.029 
 53  BAFF199    (0)    8 :  0.100 0.017 0.032 0.165 0.016 0.018 0.087 0.565 
 54  BAFF500    (0)    6 :  0.014 0.298 0.066 0.118 0.098 0.093 0.009 0.304 
 55  BAFF206    (0)    8 :  0.559 0.038 0.192 0.034 0.087 0.057 0.014 0.018 
 56  BAFF069    (0)   12 :  0.018 0.010 0.021 0.011 0.014 0.887 0.021 0.018 
 57  BAFF330    (0)   12 :  0.064 0.021 0.026 0.023 0.562 0.029 0.135 0.141 
 58  BAFF239    (0)   10 :  0.145 0.026 0.046 0.007 0.018 0.437 0.219 0.101 
 59  BAFF241    (0)   10 :  0.027 0.040 0.042 0.009 0.010 0.581 0.177 0.114 
 60  BAFF157    (0)   11 :  0.006 0.005 0.006 0.011 0.006 0.006 0.954 0.006 
 61  BAFF161    (0)   11 :  0.005 0.004 0.006 0.006 0.006 0.006 0.962 0.006 
 62  BAFF160    (0)   11 :  0.007 0.005 0.006 0.008 0.008 0.006 0.955 0.006 
 63  BAFF008    (0)   12 :  0.048 0.043 0.037 0.021 0.570 0.157 0.016 0.109 
 64  BAFF013    (0)   12 :  0.063 0.013 0.028 0.026 0.800 0.015 0.027 0.029 
 65  BAFF407    (0)   12 :  0.022 0.010 0.012 0.011 0.011 0.898 0.017 0.018 
 66  BAFF503    (0)    6 :  0.010 0.006 0.031 0.016 0.056 0.748 0.091 0.042 
 67  BAFF449    (0)    7 :  0.585 0.011 0.015 0.015 0.314 0.025 0.011 0.024 
 68  BAFF207    (0)    8 :  0.023 0.014 0.213 0.052 0.057 0.586 0.005 0.050 
 69  BAFF070    (0)   12 :  0.033 0.010 0.014 0.012 0.013 0.896 0.010 0.013 
 70  BAFF335    (0)   12 :  0.909 0.009 0.007 0.017 0.011 0.019 0.013 0.015 
 71  BAFF507    (0)    6 :  0.012 0.030 0.086 0.808 0.015 0.008 0.019 0.021 
 72  BAFF450    (0)    7 :  0.036 0.123 0.410 0.066 0.027 0.043 0.131 0.165 
 73  BAFF209    (7)    8 :  0.132 0.029 0.390 0.091 0.181 0.030 0.117 0.029 
 74  BAFF072    (0)   12 :  0.380 0.012 0.024 0.018 0.020 0.043 0.417 0.086 
 75  BAFF339    (0)   12 :  0.074 0.013 0.294 0.072 0.012 0.341 0.013 0.181 
 76  BAFF508    (0)    6 :  0.031 0.060 0.044 0.014 0.014 0.017 0.614 0.206 
 77  BAFF451    (0)    7 :  0.112 0.011 0.052 0.611 0.063 0.025 0.015 0.111 
 78  BAFF210    (0)    8 :  0.017 0.079 0.176 0.058 0.091 0.463 0.009 0.107 
 79  BAFF139    (0)   12 :  0.139 0.047 0.084 0.527 0.028 0.013 0.031 0.130 
 80  BAFF341    (0)   12 :  0.084 0.018 0.131 0.028 0.044 0.018 0.123 0.555 
 81  BAFF509    (0)    6 :  0.083 0.074 0.061 0.050 0.649 0.046 0.010 0.026 
 82  BAFF453    (0)    7 :  0.053 0.009 0.696 0.026 0.052 0.082 0.018 0.064 
 83  BAFF389    (0)    8 :  0.017 0.017 0.736 0.016 0.020 0.006 0.182 0.008 
 84  BAFF163    (0)   12 :  0.005 0.004 0.018 0.006 0.009 0.942 0.009 0.006 
 85  BAFF344    (7)   12 :  0.558 0.009 0.064 0.042 0.026 0.222 0.050 0.030 
 86  BAFF510    (0)    6 :  0.041 0.011 0.020 0.612 0.199 0.029 0.054 0.035 
 87  BAFF456    (0)    7 :  0.055 0.017 0.098 0.648 0.011 0.037 0.013 0.121 
 88  BAFF390    (0)    8 :  0.007 0.006 0.942 0.013 0.006 0.005 0.010 0.010 
 89  BAFF142    (0)   12 :  0.405 0.221 0.017 0.014 0.012 0.044 0.042 0.247 
 90  BAFF363    (7)   12 :  0.019 0.008 0.008 0.010 0.011 0.906 0.028 0.011 
 91  BAFF517    (0)    6 :  0.095 0.008 0.183 0.606 0.022 0.034 0.014 0.038 
 92  BAFF458    (0)    7 :  0.030 0.045 0.024 0.072 0.061 0.029 0.017 0.722 
 93  BAFF391    (0)    8 :  0.139 0.138 0.051 0.165 0.028 0.303 0.018 0.158 
 94  BAFF149    (0)   12 :  0.779 0.012 0.077 0.016 0.011 0.027 0.033 0.046 
 95  BAFF366    (7)   12 :  0.759 0.009 0.051 0.122 0.006 0.014 0.020 0.017 
 96  BAFF512    (0)    6 :  0.018 0.172 0.083 0.186 0.120 0.040 0.033 0.349 
 97  BAFF460    (0)    7 :  0.617 0.017 0.030 0.087 0.011 0.015 0.018 0.205 
 98  BAFF138    (0)   12 :  0.891 0.017 0.013 0.015 0.007 0.018 0.020 0.019 
 99  BAFF374    (0)   12 :  0.024 0.046 0.022 0.027 0.518 0.297 0.053 0.013 
100  BAFF015    (0)    1 :  0.012 0.922 0.011 0.011 0.009 0.012 0.009 0.015 
101  BAFF380    (0)    2 :  0.050 0.013 0.030 0.135 0.136 0.045 0.448 0.143 
102  BAFF216    (0)    3 :  0.026 0.046 0.160 0.418 0.136 0.029 0.018 0.167 
103  BAFF017    (0)    4 :  0.005 0.018 0.368 0.539 0.007 0.022 0.007 0.033 
104  BAFF245    (0)    4 :  0.341 0.139 0.117 0.160 0.112 0.041 0.013 0.077 
105  BAFF378    (7)   13 :  0.020 0.231 0.045 0.111 0.016 0.013 0.019 0.544 
106  BAFF023    (0)    5 :  0.033 0.026 0.092 0.044 0.060 0.030 0.017 0.698 
107  BAFF079    (0)    6 :  0.144 0.043 0.150 0.446 0.102 0.050 0.032 0.033 
108  BAFF435    (0)    6 :  0.019 0.008 0.022 0.042 0.013 0.017 0.016 0.863 
109  BAFF174    (7)    7 :  0.019 0.007 0.842 0.018 0.028 0.028 0.018 0.040 
110  BAFF226    (0)    7 :  0.074 0.014 0.077 0.513 0.011 0.010 0.019 0.282 
111  BAFF190    (0)    8 :  0.101 0.019 0.019 0.020 0.483 0.095 0.069 0.194 
112  BAFF243    (0)    9 :  0.087 0.074 0.268 0.371 0.032 0.007 0.080 0.080 
113  BAFF177    (0)   10 :  0.067 0.036 0.156 0.035 0.648 0.008 0.022 0.027 
114  BAFF364    (7)   11 :  0.014 0.013 0.029 0.032 0.065 0.020 0.704 0.123 
115  BAFF305    (0)   12 :  0.862 0.021 0.026 0.027 0.012 0.020 0.014 0.017 
116  BAFF513    (0)    6 :  0.023 0.063 0.079 0.109 0.585 0.025 0.028 0.087 
117  BAFF462    (0)    7 :  0.014 0.468 0.015 0.022 0.136 0.069 0.038 0.237 
118  BAFF143    (0)   12 :  0.653 0.008 0.057 0.061 0.048 0.062 0.058 0.053 
119  BAFF403    (0)   12 :  0.008 0.007 0.008 0.008 0.009 0.940 0.011 0.009 
120  BAFF514    (0)    6 :  0.027 0.009 0.034 0.029 0.516 0.244 0.016 0.125 
121  BAFF463    (0)    7 :  0.006 0.006 0.007 0.005 0.955 0.005 0.009 0.008 
122  BAFF137    (0)   12 :  0.795 0.011 0.011 0.015 0.126 0.009 0.014 0.020 
123  BAFF404    (0)   12 :  0.010 0.014 0.009 0.013 0.009 0.908 0.024 0.014 
124  BAFF515    (0)    6 :  0.125 0.023 0.057 0.230 0.373 0.035 0.047 0.109 
125  BAFF144    (0)   12 :  0.078 0.013 0.024 0.040 0.131 0.063 0.321 0.329 
126  BAFF405    (7)   12 :  0.608 0.036 0.010 0.037 0.047 0.021 0.151 0.090 
127  BAFF518    (0)    6 :  0.299 0.012 0.032 0.050 0.012 0.424 0.024 0.146 
128  BAFF467    (0)    7 :  0.027 0.020 0.109 0.233 0.084 0.037 0.019 0.471 
129  BAFF145    (0)   12 :  0.216 0.079 0.030 0.041 0.031 0.012 0.516 0.075 
130  BAFF406    (0)   12 :  0.058 0.009 0.020 0.038 0.051 0.323 0.468 0.032 
131  BAFF519    (0)    6 :  0.089 0.012 0.594 0.094 0.060 0.014 0.016 0.121 
132  BAFF471    (0)    7 :  0.350 0.075 0.041 0.154 0.161 0.024 0.037 0.158 
133  BAFF136    (0)   12 :  0.157 0.006 0.058 0.014 0.037 0.709 0.010 0.009 
134  BAFF520    (7)    6 :  0.031 0.027 0.065 0.139 0.057 0.050 0.017 0.614 
135  BAFF472    (0)    7 :  0.044 0.036 0.111 0.051 0.235 0.027 0.134 0.362 
136  BAFF165    (0)   12 :  0.702 0.047 0.019 0.138 0.022 0.044 0.010 0.018 
137  BAFF408    (0)   12 :  0.629 0.034 0.026 0.030 0.018 0.082 0.095 0.086 
138  BAFF522    (0)    6 :  0.047 0.036 0.030 0.030 0.730 0.046 0.026 0.056 
139  BAFF475    (0)    7 :  0.054 0.008 0.123 0.563 0.042 0.047 0.023 0.141 
140  BAFF140    (0)   12 :  0.524 0.017 0.042 0.089 0.217 0.030 0.054 0.027 
141  BAFF409    (0)   12 :  0.019 0.102 0.019 0.014 0.059 0.764 0.011 0.012 
142  BAFF523    (0)    6 :  0.015 0.020 0.031 0.059 0.518 0.009 0.124 0.225 
143  BAFF476    (0)    7 :  0.047 0.009 0.095 0.499 0.012 0.033 0.198 0.107 
144  BAFF147    (0)   12 :  0.671 0.017 0.018 0.033 0.051 0.169 0.019 0.022 
145  BAFF410    (0)   12 :  0.220 0.016 0.027 0.156 0.009 0.536 0.011 0.026 
146  BAFF477    (0)    7 :  0.177 0.092 0.037 0.353 0.017 0.007 0.016 0.302 
147  BAFF411    (0)   12 :  0.078 0.426 0.247 0.014 0.012 0.071 0.074 0.077 
148  BAFF486    (7)    7 :  0.008 0.008 0.023 0.041 0.006 0.006 0.010 0.899 
149  BAFF412    (7)   12 :  0.023 0.051 0.026 0.043 0.078 0.740 0.020 0.020 
150  BAFF258    (0)    1 :  0.018 0.255 0.020 0.061 0.349 0.034 0.077 0.185 
151  BAFF392    (0)    2 :  0.007 0.006 0.033 0.006 0.806 0.007 0.123 0.013 
152  BAFF217    (0)    3 :  0.064 0.012 0.686 0.083 0.011 0.019 0.037 0.086 
153  BAFF016    (0)    4 :  0.040 0.005 0.146 0.642 0.008 0.048 0.097 0.013 
154  BAFF246    (0)    4 :  0.024 0.012 0.473 0.300 0.068 0.026 0.036 0.061 
155  BAFF381    (0)   13 :  0.342 0.011 0.067 0.128 0.027 0.036 0.016 0.373 
156  BAFF078    (0)    6 :  0.233 0.006 0.026 0.009 0.018 0.049 0.569 0.090 
157  BAFF481    (0)    6 :  0.163 0.028 0.119 0.072 0.037 0.034 0.018 0.529 
158  BAFF436    (0)    7 :  0.062 0.079 0.083 0.188 0.410 0.052 0.056 0.069 
159  BAFF191    (0)    8 :  0.032 0.011 0.655 0.099 0.120 0.023 0.014 0.046 
160  BAFF382    (0)    9 :  0.062 0.008 0.054 0.041 0.101 0.076 0.059 0.599 
161  BAFF178    (0)   10 :  0.026 0.010 0.163 0.051 0.657 0.067 0.009 0.017 
162  BAFF159    (7)   11 :  0.011 0.008 0.008 0.910 0.009 0.012 0.007 0.035 
163  BAFF365    (7)   11 :  0.422 0.201 0.051 0.138 0.017 0.020 0.050 0.101 
164  BAFF007    (0)   12 :  0.178 0.055 0.081 0.246 0.048 0.025 0.120 0.246 
165  BAFF304    (7)   12 :  0.588 0.012 0.014 0.051 0.015 0.077 0.126 0.118 
166  BAFF487    (0)    7 :  0.013 0.027 0.088 0.051 0.100 0.031 0.114 0.576 
167  BAFF415    (0)   12 :  0.213 0.070 0.014 0.083 0.035 0.537 0.024 0.024 
168  BAFF488    (0)    7 :  0.052 0.635 0.065 0.152 0.013 0.015 0.015 0.053 
169  BAFF417    (0)   12 :  0.448 0.015 0.026 0.033 0.029 0.336 0.022 0.091 
170  BAFF489    (0)    7 :  0.251 0.009 0.026 0.133 0.057 0.040 0.088 0.396 
171  BAFF426    (0)   12 :  0.015 0.018 0.015 0.013 0.024 0.886 0.010 0.019 
172  BAFF490    (7)    7 :  0.017 0.023 0.025 0.437 0.050 0.011 0.118 0.318 
173  BAFF491    (0)    7 :  0.025 0.042 0.045 0.024 0.157 0.009 0.067 0.630 
174  BAFF492    (0)    7 :  0.015 0.007 0.032 0.028 0.015 0.014 0.013 0.876 
175  BAFF493    (0)    7 :  0.026 0.463 0.029 0.025 0.113 0.034 0.017 0.293 
176  BAFF506    (0)    7 :  0.013 0.119 0.071 0.048 0.074 0.016 0.033 0.625 
177  BAFF393    (0)    2 :  0.079 0.023 0.033 0.120 0.012 0.011 0.320 0.402 
178  BAFF218    (0)    3 :  0.101 0.068 0.347 0.189 0.101 0.028 0.023 0.144 
179  BAFF254    (0)    4 :  0.070 0.042 0.012 0.016 0.018 0.013 0.469 0.360 
180  BAFF385    (0)   13 :  0.043 0.022 0.037 0.026 0.184 0.046 0.059 0.583 
181  BAFF076    (0)    6 :  0.009 0.010 0.012 0.008 0.920 0.012 0.015 0.016 
182  BAFF482    (0)    6 :  0.110 0.010 0.016 0.177 0.109 0.070 0.019 0.489 
183  BAFF437    (0)    7 :  0.637 0.022 0.013 0.273 0.023 0.011 0.006 0.015 
184  BAFF192    (0)    8 :  0.076 0.020 0.095 0.049 0.484 0.016 0.199 0.061 
185  BAFF383    (0)    9 :  0.119 0.788 0.013 0.016 0.027 0.011 0.007 0.019 
186  BAFF180    (0)   10 :  0.014 0.009 0.383 0.096 0.304 0.129 0.012 0.053 
187  BAFF048    (7)   12 :  0.029 0.055 0.014 0.182 0.039 0.013 0.570 0.099 
188  BAFF306    (0)   12 :  0.657 0.010 0.065 0.045 0.044 0.031 0.021 0.128 
189  BAFF394    (0)    2 :  0.164 0.059 0.270 0.218 0.061 0.021 0.143 0.065 
190  BAFF219    (0)    3 :  0.163 0.009 0.104 0.532 0.038 0.014 0.015 0.124 
191  BAFF388    (0)    4 :  0.012 0.234 0.024 0.029 0.237 0.380 0.016 0.068 
192  BAFF386    (7)   13 :  0.073 0.021 0.031 0.038 0.587 0.020 0.087 0.142 
193  BAFF084    (0)    6 :  0.016 0.012 0.016 0.057 0.010 0.010 0.675 0.203 
194  BAFF483    (0)    6 :  0.201 0.036 0.091 0.093 0.323 0.124 0.012 0.119 
195  BAFF438   (15)    7 :  0.282 0.019 0.039 0.028 0.071 0.041 0.208 0.312 
196  BAFF193    (0)    8 :  0.022 0.395 0.050 0.025 0.066 0.018 0.021 0.402 
197  BAFF183    (0)   10 :  0.026 0.079 0.084 0.336 0.015 0.062 0.112 0.285 
198  BAFF153    (0)   12 :  0.922 0.008 0.007 0.012 0.011 0.014 0.016 0.010 
199  BAFF307    (0)   12 :  0.506 0.012 0.026 0.024 0.023 0.021 0.135 0.253 
200  BAFF397    (0)    2 :  0.177 0.008 0.042 0.567 0.006 0.010 0.021 0.168 
201  BAFF220    (0)    3 :  0.007 0.011 0.008 0.020 0.868 0.011 0.066 0.010 
202  BAFF095    (0)    6 :  0.018 0.041 0.027 0.014 0.853 0.014 0.010 0.023 
203  BAFF494    (0)    6 :  0.015 0.007 0.037 0.063 0.609 0.030 0.041 0.199 
204  BAFF439    (0)    7 :  0.162 0.010 0.209 0.024 0.012 0.325 0.017 0.241 
205  BAFF182    (0)   10 :  0.063 0.031 0.032 0.045 0.542 0.152 0.108 0.028 
206  BAFF054    (0)   12 :  0.021 0.007 0.007 0.007 0.008 0.932 0.010 0.009 
207  BAFF308    (0)   12 :  0.764 0.016 0.013 0.043 0.018 0.016 0.026 0.103 
208  BAFF266    (0)    1 :  0.030 0.189 0.016 0.260 0.021 0.049 0.106 0.328 
209  BAFF398    (7)    2 :  0.007 0.014 0.006 0.007 0.934 0.006 0.006 0.021 
210  BAFF221    (0)    3 :  0.065 0.393 0.013 0.011 0.072 0.054 0.377 0.014 
211  BAFF090    (0)    6 :  0.063 0.017 0.048 0.031 0.056 0.175 0.249 0.363 
212  BAFF495    (0)    6 :  0.014 0.009 0.787 0.110 0.012 0.013 0.010 0.046 
213  BAFF459    (0)    7 :  0.025 0.007 0.093 0.788 0.011 0.011 0.040 0.025 
214  BAFF197    (0)    8 :  0.412 0.015 0.167 0.211 0.021 0.080 0.014 0.080 
215  BAFF188    (0)   10 :  0.716 0.017 0.029 0.031 0.017 0.046 0.099 0.045 
216  BAFF051    (0)   12 :  0.049 0.033 0.045 0.115 0.057 0.402 0.016 0.282 
217  BAFF309    (0)   12 :  0.043 0.012 0.043 0.050 0.076 0.014 0.031 0.731 
218  BAFF269    (0)    1 :  0.297 0.064 0.168 0.360 0.031 0.010 0.012 0.057 
219  BAFF077    (0)    6 :  0.007 0.008 0.018 0.930 0.005 0.010 0.014 0.007 
220  BAFF496    (0)    6 :  0.008 0.011 0.903 0.019 0.008 0.009 0.006 0.037 
221  BAFF443    (0)    7 :  0.135 0.064 0.039 0.169 0.040 0.103 0.021 0.430 
222  BAFF198    (0)    8 :  0.028 0.009 0.306 0.079 0.241 0.049 0.032 0.255 
223  BAFF053    (0)   12 :  0.816 0.020 0.052 0.015 0.009 0.037 0.022 0.029 
224  BAFF310    (0)   12 :  0.063 0.008 0.014 0.113 0.008 0.729 0.026 0.039 
225  BAFF282    (0)    1 :  0.040 0.737 0.035 0.079 0.056 0.018 0.020 0.015 
226  BAFF497    (0)    6 :  0.013 0.011 0.114 0.757 0.013 0.016 0.010 0.065 
227  BAFF466    (0)    7 :  0.075 0.014 0.032 0.086 0.042 0.034 0.173 0.544 
228  BAFF200    (7)    8 :  0.044 0.015 0.047 0.035 0.413 0.041 0.050 0.356 
229  BAFF240    (0)   10 :  0.029 0.014 0.018 0.019 0.045 0.010 0.738 0.127 
230  BAFF055    (0)   12 :  0.151 0.019 0.011 0.022 0.033 0.733 0.013 0.018 
231  BAFF311    (7)   12 :  0.031 0.035 0.010 0.032 0.830 0.008 0.045 0.009 


Estimated Allele Frequencies in each cluster
First column gives estimated ancestral frequencies


Locus 1 : btern01 
9 alleles
0.0% missing data
   1   (0.144) 0.169 0.120 0.170 0.188 0.144 0.035 0.119 0.124 
   2   (0.016) 0.004 0.030 0.003 0.008 0.004 0.003 0.003 0.010 
   3   (0.169) 0.203 0.067 0.193 0.268 0.136 0.092 0.145 0.162 
   4   (0.207) 0.189 0.200 0.315 0.116 0.184 0.173 0.255 0.250 
   5   (0.285) 0.342 0.431 0.127 0.300 0.142 0.335 0.366 0.367 
   6   (0.076) 0.059 0.036 0.072 0.066 0.045 0.333 0.034 0.035 
   7   (0.048) 0.018 0.089 0.016 0.014 0.285 0.019 0.060 0.017 
   8   (0.016) 0.006 0.020 0.023 0.007 0.003 0.002 0.002 0.003 
   9   (0.039) 0.010 0.007 0.082 0.034 0.057 0.007 0.015 0.032 

Locus 2 : bt28 
5 alleles
0.0% missing data
   1   (0.669) 0.742 0.767 0.728 0.679 0.572 0.717 0.667 0.649 
   2   (0.153) 0.146 0.174 0.178 0.103 0.174 0.103 0.063 0.138 
   3   (0.144) 0.102 0.041 0.084 0.094 0.248 0.175 0.262 0.199 
   4   (0.022) 0.008 0.006 0.008 0.120 0.004 0.004 0.006 0.012 
   5   (0.011) 0.003 0.013 0.002 0.004 0.002 0.002 0.002 0.002 

Locus 3 : b96 
8 alleles
0.9% missing data
   1   (0.332) 0.463 0.359 0.267 0.354 0.355 0.322 0.207 0.284 
   2   (0.480) 0.327 0.438 0.678 0.526 0.519 0.514 0.595 0.636 
   3   (0.046) 0.061 0.012 0.013 0.025 0.030 0.044 0.075 0.037 
   4   (0.015) 0.003 0.004 0.003 0.006 0.003 0.003 0.083 0.006 
   5   (0.050) 0.056 0.026 0.014 0.051 0.046 0.031 0.011 0.019 
   6   (0.026) 0.014 0.090 0.005 0.007 0.037 0.005 0.007 0.006 
   7   (0.037) 0.073 0.068 0.018 0.029 0.007 0.007 0.019 0.011 
   8   (0.014) 0.003 0.003 0.002 0.003 0.003 0.075 0.002 0.003 

Locus 4 : bt30 
12 alleles
0.9% missing data
   1   (0.109) 0.067 0.276 0.032 0.072 0.182 0.113 0.044 0.141 
   2   (0.284) 0.289 0.281 0.371 0.263 0.267 0.287 0.224 0.372 
   3   (0.071) 0.034 0.019 0.104 0.148 0.026 0.025 0.066 0.185 
   4   (0.185) 0.214 0.106 0.150 0.235 0.212 0.241 0.213 0.161 
   5   (0.015) 0.004 0.004 0.004 0.005 0.016 0.003 0.002 0.007 
   6   (0.100) 0.071 0.108 0.111 0.144 0.220 0.056 0.034 0.041 
   7   (0.034) 0.039 0.022 0.022 0.015 0.010 0.022 0.023 0.020 
   8   (0.052) 0.078 0.046 0.013 0.033 0.010 0.060 0.061 0.020 
   9   (0.109) 0.163 0.068 0.172 0.075 0.040 0.185 0.325 0.043 
  10   (0.013) 0.003 0.065 0.003 0.003 0.002 0.002 0.002 0.002 
  11   (0.017) 0.034 0.003 0.005 0.005 0.014 0.004 0.002 0.004 
  12   (0.011) 0.003 0.002 0.013 0.004 0.002 0.002 0.002 0.003 

Locus 5 : btms0081 
3 alleles
0.9% missing data
   1   (0.495) 0.398 0.592 0.327 0.579 0.646 0.305 0.609 0.587 
   2   (0.354) 0.441 0.218 0.452 0.335 0.258 0.472 0.311 0.312 
   3   (0.151) 0.161 0.189 0.221 0.086 0.097 0.223 0.080 0.100 

Locus 6 : btms0066 
24 alleles
0.0% missing data
   1   (0.254) 0.308 0.385 0.219 0.197 0.347 0.379 0.157 0.335 
   2   (0.017) 0.004 0.055 0.025 0.004 0.003 0.003 0.004 0.004 
   3   (0.032) 0.118 0.006 0.011 0.012 0.017 0.008 0.012 0.042 
   4   (0.155) 0.110 0.061 0.370 0.268 0.179 0.129 0.049 0.249 
   5   (0.093) 0.196 0.027 0.098 0.119 0.039 0.104 0.032 0.152 
   6   (0.052) 0.047 0.011 0.055 0.022 0.197 0.017 0.131 0.019 
   7   (0.019) 0.004 0.016 0.004 0.004 0.050 0.003 0.003 0.009 
   8   (0.058) 0.030 0.079 0.042 0.105 0.016 0.033 0.032 0.030 
   9   (0.014) 0.011 0.003 0.003 0.004 0.005 0.003 0.301 0.009 
  10   (0.031) 0.007 0.146 0.007 0.023 0.006 0.005 0.037 0.025 
  11   (0.021) 0.006 0.143 0.013 0.007 0.008 0.012 0.004 0.005 
  12   (0.036) 0.024 0.007 0.083 0.127 0.006 0.016 0.007 0.018 
  13   (0.027) 0.017 0.006 0.007 0.007 0.025 0.017 0.028 0.017 
  14   (0.021) 0.005 0.004 0.004 0.005 0.004 0.042 0.067 0.007 
  15   (0.021) 0.020 0.005 0.012 0.042 0.004 0.003 0.004 0.014 
  16   (0.028) 0.014 0.006 0.009 0.014 0.022 0.098 0.056 0.011 
  17   (0.023) 0.020 0.014 0.008 0.006 0.006 0.042 0.047 0.017 
  18   (0.012) 0.003 0.002 0.002 0.003 0.002 0.032 0.002 0.002 
  19   (0.014) 0.037 0.002 0.002 0.003 0.003 0.003 0.002 0.003 
  20   (0.023) 0.007 0.008 0.018 0.013 0.024 0.014 0.008 0.010 
  21   (0.018) 0.005 0.006 0.003 0.005 0.024 0.004 0.010 0.009 
  22   (0.012) 0.003 0.002 0.002 0.003 0.008 0.002 0.004 0.005 
  23   (0.011) 0.003 0.002 0.002 0.002 0.002 0.030 0.001 0.002 
  24   (0.009) 0.002 0.004 0.002 0.005 0.002 0.002 0.003 0.005 

Locus 7 : btms0083 
31 alleles
3.0% missing data
   1   (0.013) 0.004 0.221 0.002 0.003 0.003 0.002 0.007 0.003 
   2   (0.023) 0.029 0.104 0.004 0.006 0.005 0.004 0.012 0.018 
   3   (0.030) 0.011 0.006 0.006 0.020 0.071 0.008 0.109 0.016 
   4   (0.043) 0.022 0.057 0.017 0.016 0.035 0.011 0.033 0.070 
   5   (0.195) 0.230 0.227 0.154 0.174 0.355 0.264 0.151 0.243 
   6   (0.020) 0.005 0.006 0.007 0.016 0.017 0.005 0.015 0.028 
   7   (0.059) 0.084 0.019 0.030 0.041 0.020 0.155 0.099 0.120 
   8   (0.038) 0.142 0.017 0.014 0.048 0.009 0.013 0.013 0.025 
   9   (0.031) 0.037 0.007 0.036 0.034 0.046 0.006 0.007 0.032 
  10   (0.025) 0.017 0.009 0.012 0.009 0.116 0.022 0.006 0.010 
  11   (0.056) 0.036 0.015 0.104 0.133 0.015 0.010 0.345 0.047 
  12   (0.018) 0.004 0.041 0.011 0.006 0.005 0.004 0.003 0.009 
  13   (0.054) 0.082 0.011 0.070 0.093 0.023 0.075 0.025 0.022 
  14   (0.030) 0.015 0.007 0.020 0.130 0.007 0.005 0.008 0.100 
  15   (0.028) 0.012 0.018 0.035 0.060 0.024 0.006 0.007 0.009 
  16   (0.024) 0.006 0.036 0.010 0.015 0.072 0.005 0.019 0.028 
  17   (0.024) 0.015 0.046 0.308 0.009 0.008 0.004 0.009 0.008 
  18   (0.055) 0.040 0.039 0.030 0.025 0.038 0.113 0.018 0.070 
  19   (0.020) 0.006 0.010 0.008 0.007 0.004 0.111 0.004 0.012 
  20   (0.030) 0.097 0.006 0.007 0.011 0.007 0.053 0.006 0.012 
  21   (0.012) 0.003 0.032 0.002 0.003 0.002 0.002 0.002 0.002 
  22   (0.012) 0.003 0.019 0.015 0.003 0.002 0.002 0.003 0.003 
  23   (0.019) 0.009 0.015 0.011 0.017 0.004 0.003 0.003 0.006 
  24   (0.009) 0.002 0.003 0.002 0.002 0.002 0.013 0.001 0.002 
  25   (0.030) 0.033 0.006 0.008 0.010 0.085 0.006 0.007 0.046 
  26   (0.016) 0.005 0.003 0.007 0.081 0.004 0.003 0.003 0.004 
  27   (0.029) 0.026 0.006 0.048 0.009 0.007 0.052 0.011 0.017 
  28   (0.018) 0.005 0.005 0.012 0.006 0.006 0.003 0.067 0.016 
  29   (0.011) 0.002 0.005 0.004 0.004 0.003 0.002 0.004 0.018 
  30   (0.015) 0.011 0.003 0.002 0.004 0.003 0.035 0.002 0.003 
  31   (0.011) 0.006 0.003 0.004 0.007 0.002 0.002 0.002 0.003 

Locus 8 : b126 
16 alleles
0.0% missing data
   1   (0.041) 0.034 0.042 0.012 0.048 0.064 0.012 0.008 0.012 
   2   (0.052) 0.059 0.130 0.075 0.048 0.013 0.008 0.011 0.029 
   3   (0.311) 0.337 0.198 0.475 0.279 0.261 0.395 0.580 0.395 
   4   (0.030) 0.010 0.009 0.042 0.065 0.013 0.006 0.006 0.030 
   5   (0.069) 0.033 0.023 0.072 0.041 0.127 0.052 0.031 0.168 
   6   (0.065) 0.151 0.015 0.017 0.117 0.015 0.148 0.016 0.072 
   7   (0.105) 0.142 0.022 0.060 0.099 0.182 0.140 0.206 0.079 
   8   (0.028) 0.013 0.007 0.012 0.051 0.006 0.076 0.005 0.010 
   9   (0.012) 0.003 0.002 0.002 0.003 0.042 0.002 0.002 0.002 
  10   (0.042) 0.015 0.027 0.028 0.020 0.103 0.054 0.019 0.017 
  11   (0.093) 0.091 0.394 0.040 0.109 0.034 0.022 0.090 0.108 
  12   (0.031) 0.031 0.027 0.007 0.014 0.006 0.028 0.005 0.031 
  13   (0.067) 0.037 0.095 0.124 0.040 0.090 0.047 0.011 0.032 
  14   (0.023) 0.009 0.005 0.026 0.052 0.009 0.005 0.004 0.007 
  15   (0.015) 0.031 0.003 0.004 0.003 0.009 0.002 0.002 0.003 
  16   (0.016) 0.004 0.003 0.003 0.011 0.029 0.003 0.005 0.004 

Locus 9 : btms0062 
34 alleles
0.0% missing data
   1   (0.033) 0.008 0.083 0.011 0.021 0.030 0.009 0.049 0.045 
   2   (0.055) 0.023 0.101 0.227 0.047 0.040 0.015 0.021 0.040 
   3   (0.077) 0.242 0.094 0.064 0.057 0.028 0.052 0.062 0.110 
   4   (0.090) 0.044 0.055 0.034 0.158 0.223 0.211 0.169 0.101 
   5   (0.048) 0.069 0.019 0.015 0.025 0.035 0.012 0.088 0.198 
   6   (0.025) 0.032 0.007 0.028 0.020 0.013 0.005 0.016 0.021 
   7   (0.012) 0.007 0.002 0.003 0.005 0.003 0.002 0.002 0.015 
   8   (0.022) 0.053 0.006 0.011 0.061 0.005 0.004 0.004 0.013 
   9   (0.040) 0.013 0.020 0.029 0.136 0.027 0.018 0.058 0.031 
  10   (0.054) 0.026 0.043 0.030 0.067 0.067 0.064 0.012 0.074 
  11   (0.068) 0.051 0.021 0.040 0.062 0.159 0.040 0.248 0.057 
  12   (0.040) 0.035 0.008 0.283 0.018 0.074 0.029 0.014 0.015 
  13   (0.043) 0.063 0.026 0.012 0.046 0.129 0.017 0.017 0.014 
  14   (0.041) 0.041 0.012 0.018 0.056 0.011 0.270 0.009 0.037 
  15   (0.020) 0.110 0.004 0.007 0.006 0.005 0.004 0.004 0.005 
  16   (0.017) 0.013 0.003 0.004 0.004 0.003 0.010 0.069 0.007 
  17   (0.022) 0.005 0.151 0.013 0.007 0.013 0.003 0.003 0.006 
  18   (0.016) 0.005 0.003 0.007 0.005 0.032 0.003 0.006 0.004 
  19   (0.044) 0.015 0.083 0.059 0.040 0.015 0.092 0.007 0.031 
  20   (0.011) 0.002 0.034 0.002 0.002 0.002 0.002 0.001 0.002 
  21   (0.030) 0.012 0.047 0.033 0.045 0.020 0.005 0.007 0.027 
  22   (0.021) 0.020 0.100 0.004 0.006 0.003 0.004 0.003 0.008 
  23   (0.011) 0.002 0.027 0.002 0.003 0.002 0.002 0.002 0.005 
  24   (0.019) 0.005 0.004 0.012 0.047 0.004 0.009 0.003 0.021 
  25   (0.012) 0.003 0.012 0.003 0.005 0.003 0.003 0.002 0.013 
  26   (0.025) 0.009 0.011 0.018 0.015 0.021 0.045 0.045 0.061 
  27   (0.019) 0.032 0.004 0.004 0.005 0.012 0.006 0.045 0.009 
  28   (0.012) 0.025 0.002 0.002 0.003 0.002 0.002 0.002 0.002 
  29   (0.012) 0.003 0.005 0.009 0.003 0.002 0.002 0.019 0.007 
  30   (0.011) 0.002 0.002 0.002 0.002 0.002 0.031 0.002 0.002 
  31   (0.014) 0.015 0.003 0.003 0.005 0.002 0.002 0.002 0.009 
  32   (0.012) 0.003 0.002 0.003 0.003 0.008 0.002 0.005 0.003 
  33   (0.010) 0.006 0.003 0.004 0.007 0.002 0.002 0.001 0.002 
  34   (0.014) 0.004 0.003 0.003 0.007 0.002 0.025 0.003 0.003 

Locus 10 : btern02 
25 alleles
4.8% missing data
   1   (0.104) 0.148 0.135 0.128 0.171 0.074 0.047 0.209 0.066 
   2   (0.013) 0.003 0.017 0.003 0.003 0.002 0.002 0.002 0.003 
   3   (0.078) 0.093 0.026 0.112 0.106 0.137 0.022 0.045 0.133 
   4   (0.052) 0.028 0.015 0.068 0.040 0.166 0.099 0.010 0.029 
   5   (0.025) 0.012 0.013 0.014 0.018 0.026 0.006 0.035 0.031 
   6   (0.040) 0.020 0.016 0.022 0.029 0.021 0.016 0.117 0.144 
   7   (0.028) 0.026 0.006 0.015 0.011 0.029 0.139 0.005 0.014 
   8   (0.038) 0.036 0.102 0.018 0.020 0.011 0.006 0.020 0.045 
   9   (0.072) 0.195 0.066 0.040 0.037 0.107 0.044 0.055 0.064 
  10   (0.032) 0.010 0.007 0.099 0.037 0.011 0.006 0.008 0.099 
  11   (0.057) 0.122 0.017 0.095 0.085 0.019 0.063 0.017 0.043 
  12   (0.035) 0.019 0.138 0.081 0.017 0.011 0.006 0.016 0.020 
  13   (0.048) 0.023 0.057 0.026 0.066 0.071 0.056 0.013 0.019 
  14   (0.048) 0.024 0.165 0.036 0.058 0.033 0.129 0.021 0.017 
  15   (0.012) 0.003 0.002 0.002 0.003 0.002 0.002 0.148 0.002 
  16   (0.045) 0.025 0.055 0.018 0.084 0.013 0.047 0.010 0.049 
  17   (0.026) 0.008 0.006 0.011 0.023 0.016 0.057 0.023 0.039 
  18   (0.047) 0.025 0.012 0.089 0.057 0.020 0.168 0.014 0.042 
  19   (0.039) 0.068 0.008 0.023 0.014 0.077 0.009 0.089 0.043 
  20   (0.041) 0.035 0.055 0.020 0.045 0.084 0.008 0.007 0.028 
  21   (0.024) 0.013 0.039 0.026 0.024 0.005 0.008 0.006 0.016 
  22   (0.014) 0.005 0.013 0.012 0.006 0.003 0.006 0.002 0.005 
  23   (0.036) 0.041 0.021 0.028 0.034 0.035 0.007 0.015 0.012 
  24   (0.030) 0.015 0.006 0.007 0.010 0.013 0.041 0.111 0.031 
  25   (0.012) 0.003 0.003 0.007 0.004 0.015 0.004 0.002 0.007 

Locus 11 : btms0086 
3 alleles
0.0% missing data
   1   (0.843) 0.909 0.781 0.813 0.898 0.747 0.926 0.968 0.810 
   2   (0.135) 0.052 0.201 0.182 0.097 0.249 0.066 0.029 0.177 
   3   (0.022) 0.039 0.018 0.005 0.005 0.004 0.007 0.003 0.013 

Locus 12 : bl13 
3 alleles
0.0% missing data
   1   (0.069) 0.027 0.224 0.032 0.030 0.032 0.333 0.021 0.032 
   2   (0.828) 0.854 0.756 0.921 0.855 0.856 0.609 0.734 0.893 
   3   (0.104) 0.119 0.020 0.047 0.115 0.113 0.058 0.245 0.075 

Locus 13 : btms0059 
9 alleles
0.0% missing data
   1   (0.347) 0.540 0.363 0.196 0.331 0.329 0.290 0.463 0.350 
   2   (0.109) 0.061 0.113 0.246 0.279 0.032 0.019 0.192 0.091 
   3   (0.064) 0.056 0.124 0.030 0.038 0.031 0.113 0.033 0.025 
   4   (0.055) 0.041 0.043 0.030 0.034 0.101 0.020 0.013 0.033 
   5   (0.081) 0.078 0.035 0.067 0.080 0.030 0.041 0.044 0.145 
   6   (0.294) 0.201 0.308 0.399 0.182 0.462 0.508 0.239 0.315 
   7   (0.016) 0.004 0.003 0.023 0.035 0.003 0.002 0.005 0.005 
   8   (0.023) 0.016 0.006 0.006 0.013 0.011 0.004 0.007 0.030 
   9   (0.011) 0.003 0.003 0.003 0.007 0.002 0.002 0.004 0.006 

Values of parameters used in structure:
DATAFILE=/Users/johnmola/Desktop/rpbbfeb27/rpbbstructure/project_data,	OUTFILE=/Users/johnmola/Desktop/rpbbfeb27/rpbbstructure/rpbb20k100k/Results/rpbb20k100k_run_75,	NUMINDS=231,	NUMLOCI=13,	MISSING=-9,	LABEL=1,	POPDATA=1,	POPFLAG=0,	PHENOTYPE=0,	EXTRACOLS=0,	MAXPOPS=8,	BURNIN=20000,	NUMREPS=100000,	USEPOPINFO=0,	INFERALPHA=1,	INFERLAMBDA=0,	POPSPECIFICLAMBDA=0,	POPALPHAS=0,	COMPUTEPROB=1,	NOADMIX=0,	ADMBURNIN=2500,	UPDATEFREQ=1,	PRINTLIKES=0,	INTERMEDSAVE=0,	PRINTKLD=0,	PRINTNET=0,	PRINTLAMBDA=0,	ANCESTDIST=0,	NUMBOXES=1000,	ANCESTPINT=0.90000,	GENSBACK=2,	MIGRPRIOR=0.05000,	PRINTQHAT=0,	PRINTQSUM=0,	ALPHA=1.0000,	FREQSCORR=1,	FPRIORMEAN=0.0100,	FPRIORSD=0.0500,	ONEFST=0,	LAMBDA=1.0000,	UNIFPRIORALPHA=1,	ALPHAMAX=10.0000,	ALPHAPRIORA=1.0000,	ALPHAPRIORB=2.0000,	ALPHAPROPSD=0.0250,	STARTATPOPINFO=0,	RANDOMIZE=1,	LINKAGE=0,	METROFREQ=10,	REPORTHITRATE=0,	MARKOVPHASE=-1,	PHASED=0,	PLOIDY=2,	PHASEINFO=0	LOCPRIOR=0, 	LOCPRIORINIT=1.000000, 	LOCDATA=0, 	LOCISPOP=0, 	LOCPRIORSTEP=0.100000, 	MAXLOCPRIOR=20.000000, 	SEED=1677522025,	
[STRAT parameters]:    NUMSIMSTATS=1000,	PHENOTYPECOL=-9,	POOLFREQ=10,	LOCUSxONLY=0,	EMERROR=0.00100,	MISSINGPHENO=-9,	