

----------------------------------------------------
STRUCTURE by Pritchard, Stephens and Donnelly (2000)
     and Falush, Stephens and Pritchard (2003)
       Code by Pritchard, Falush and Hubisz
             Version 2.3.4 (Jul 2012)
----------------------------------------------------



Command line arguments:   bin/structure -m "/Users/johnmola/Desktop/rpbbfeb27/rpbbstructure/rpbb20k100k/mainparams" -e "/Users/johnmola/Desktop/rpbbfeb27/rpbbstructure/rpbb20k100k/extraparams" 
Input File:    /Users/johnmola/Desktop/rpbbfeb27/rpbbstructure/project_data

Run parameters:
   231 individuals
   13 loci
   9 populations assumed
   20000 Burn-in period
   100000 Reps


--------------------------------------------
Proportion of membership of each pre-defined
 population in each of the 9 clusters

Given    Inferred Clusters                                                 Number of
 Pop       1      2      3      4      5      6      7      8      9      Individuals

  1:     0.038  0.032  0.033  0.692  0.026  0.103  0.015  0.048  0.014       21
  2:     0.102  0.158  0.137  0.019  0.224  0.057  0.109  0.180  0.014        7
  3:     0.062  0.129  0.118  0.062  0.178  0.162  0.098  0.165  0.027        7
  4:     0.132  0.171  0.282  0.056  0.052  0.072  0.061  0.117  0.058        8
  5:     0.250  0.126  0.254  0.060  0.065  0.052  0.010  0.160  0.024        4
  6:     0.062  0.135  0.169  0.035  0.183  0.107  0.054  0.175  0.082       35
  7:     0.093  0.205  0.134  0.064  0.153  0.087  0.034  0.197  0.033       40
  8:     0.097  0.131  0.104  0.042  0.133  0.164  0.071  0.162  0.097       19
  9:     0.074  0.144  0.111  0.242  0.064  0.187  0.043  0.105  0.028        4
 10:     0.132  0.114  0.059  0.021  0.207  0.053  0.103  0.135  0.177       11
 11:     0.050  0.045  0.128  0.135  0.016  0.021  0.552  0.041  0.013        8
 12:     0.292  0.083  0.056  0.031  0.074  0.042  0.049  0.072  0.301       60
 13:     0.066  0.140  0.039  0.043  0.087  0.414  0.017  0.173  0.021        7
--------------------------------------------

Allele-freq. divergence among pops (Net nucleotide distance),
computed using point estimates of P.

      1       2       3       4       5       6       7       8       9      
 1      -    0.0168  0.0246  0.0372  0.0397  0.0398  0.0537  0.0182  0.0328  
 2   0.0168     -    0.0174  0.0329  0.0252  0.0263  0.0475  0.0037  0.0309  
 3   0.0246  0.0174     -    0.0387  0.0346  0.0357  0.0490  0.0135  0.0427  
 4   0.0372  0.0329  0.0387     -    0.0427  0.0562  0.0766  0.0310  0.0477  
 5   0.0397  0.0252  0.0346  0.0427     -    0.0476  0.0648  0.0223  0.0477  
 6   0.0398  0.0263  0.0357  0.0562  0.0476     -    0.0702  0.0255  0.0459  
 7   0.0537  0.0475  0.0490  0.0766  0.0648  0.0702     -    0.0479  0.0708  
 8   0.0182  0.0037  0.0135  0.0310  0.0223  0.0255  0.0479     -    0.0308  
 9   0.0328  0.0309  0.0427  0.0477  0.0477  0.0459  0.0708  0.0308     -    

Average distances (expected heterozygosity) between individuals in same cluster:
cluster  1  : 0.6749 
cluster  2  : 0.6725 
cluster  3  : 0.6798 
cluster  4  : 0.6830 
cluster  5  : 0.6829 
cluster  6  : 0.6395 
cluster  7  : 0.6167 
cluster  8  : 0.6856 
cluster  9  : 0.6751 

--------------------------------------------
Estimated Ln Prob of Data   = -9993.1
Mean value of ln likelihood = -9216.8
Variance of ln likelihood   = 1552.6
Mean value of alpha         = 0.0534

Mean value of Fst_1         = 0.0602
Mean value of Fst_2         = 0.0914
Mean value of Fst_3         = 0.0876
Mean value of Fst_4         = 0.1001
Mean value of Fst_5         = 0.1019
Mean value of Fst_6         = 0.1197
Mean value of Fst_7         = 0.2248
Mean value of Fst_8         = 0.0719
Mean value of Fst_9         = 0.1022


Inferred ancestry of individuals:
        Label (%Miss) Pop:  Inferred clusters
  1  BAFF014    (0)    1 :  0.010 0.011 0.019 0.882 0.010 0.017 0.008 0.037 0.006 
  2  BAFF379    (0)    2 :  0.301 0.156 0.184 0.013 0.041 0.113 0.054 0.126 0.012 
  3  BAFF212    (0)    3 :  0.039 0.180 0.044 0.021 0.221 0.060 0.015 0.360 0.061 
  4  BAFF018    (0)    4 :  0.272 0.406 0.051 0.008 0.021 0.011 0.077 0.136 0.017 
  5  BAFF247    (0)    4 :  0.288 0.338 0.103 0.008 0.049 0.021 0.009 0.170 0.014 
  6  BAFF024    (0)    5 :  0.024 0.021 0.655 0.019 0.125 0.037 0.008 0.071 0.040 
  7  BAFF088    (0)    6 :  0.037 0.054 0.031 0.012 0.673 0.015 0.023 0.123 0.031 
  8  BAFF429    (0)    6 :  0.130 0.144 0.102 0.016 0.055 0.101 0.033 0.409 0.010 
  9  BAFF087    (7)    7 :  0.005 0.008 0.006 0.007 0.948 0.007 0.006 0.008 0.006 
 10  BAFF225    (0)    7 :  0.022 0.149 0.084 0.041 0.363 0.164 0.008 0.149 0.020 
 11  BAFF195    (0)    8 :  0.116 0.045 0.121 0.040 0.106 0.064 0.434 0.059 0.014 
 12  BAFF238    (0)    9 :  0.040 0.089 0.077 0.121 0.033 0.482 0.026 0.096 0.035 
 13  BAFF019    (0)   10 :  0.020 0.063 0.023 0.030 0.033 0.008 0.022 0.124 0.678 
 14  BAFF175    (0)   10 :  0.361 0.098 0.052 0.011 0.172 0.109 0.036 0.111 0.050 
 15  BAFF156    (0)   11 :  0.008 0.006 0.005 0.005 0.006 0.005 0.953 0.006 0.006 
 16  BAFF301    (0)   11 :  0.016 0.023 0.044 0.815 0.015 0.028 0.010 0.026 0.023 
 17  BAFF141    (0)   12 :  0.420 0.349 0.033 0.093 0.008 0.008 0.007 0.077 0.006 
 18  BAFF302    (0)   12 :  0.022 0.057 0.706 0.020 0.026 0.027 0.013 0.098 0.032 
 19  BAFF290    (0)    1 :  0.060 0.038 0.015 0.663 0.013 0.161 0.006 0.031 0.013 
 20  BAFF498    (0)    6 :  0.025 0.141 0.252 0.187 0.036 0.058 0.046 0.208 0.046 
 21  BAFF455    (0)    7 :  0.044 0.117 0.021 0.019 0.646 0.064 0.029 0.038 0.023 
 22  BAFF203    (7)    8 :  0.046 0.068 0.029 0.010 0.587 0.032 0.014 0.202 0.012 
 23  BAFF056    (0)   12 :  0.014 0.061 0.015 0.018 0.009 0.022 0.005 0.048 0.809 
 24  BAFF327    (0)   12 :  0.625 0.027 0.055 0.056 0.033 0.018 0.030 0.024 0.132 
 25  BAFF255    (0)    1 :  0.012 0.018 0.013 0.894 0.012 0.022 0.006 0.016 0.007 
 26  BAFF256    (0)    1 :  0.007 0.007 0.006 0.934 0.011 0.012 0.004 0.007 0.011 
 27  BAFF257    (0)    1 :  0.006 0.006 0.005 0.952 0.007 0.008 0.004 0.006 0.005 
 28  BAFF260    (0)    1 :  0.007 0.007 0.009 0.925 0.018 0.014 0.005 0.008 0.007 
 29  BAFF259    (0)    1 :  0.009 0.008 0.008 0.931 0.007 0.009 0.007 0.009 0.013 
 30  BAFF261    (0)    1 :  0.010 0.013 0.007 0.926 0.009 0.009 0.007 0.011 0.008 
 31  BAFF274    (0)    1 :  0.019 0.032 0.038 0.812 0.027 0.019 0.011 0.028 0.015 
 32  BAFF262    (0)    1 :  0.022 0.013 0.012 0.884 0.034 0.007 0.009 0.013 0.007 
 33  BAFF294    (0)    1 :  0.010 0.008 0.015 0.896 0.038 0.007 0.008 0.010 0.008 
 34  BAFF292    (0)    1 :  0.029 0.017 0.021 0.249 0.008 0.631 0.016 0.019 0.010 
 35  BAFF296    (0)    1 :  0.012 0.014 0.016 0.272 0.008 0.642 0.012 0.014 0.011 
 36  BAFF295    (0)    1 :  0.057 0.036 0.013 0.574 0.029 0.246 0.009 0.024 0.013 
 37  BAFF298    (0)    1 :  0.015 0.031 0.030 0.857 0.011 0.009 0.007 0.020 0.022 
 38  BAFF299    (0)    1 :  0.007 0.006 0.008 0.902 0.009 0.007 0.018 0.012 0.030 
 39  BAFF375    (0)   13 :  0.007 0.008 0.007 0.008 0.008 0.942 0.005 0.008 0.006 
 40  BAFF376    (0)   13 :  0.017 0.022 0.048 0.013 0.060 0.791 0.007 0.022 0.020 
 41  BAFF377    (0)   13 :  0.007 0.008 0.014 0.009 0.007 0.935 0.006 0.008 0.007 
 42  BAFF022    (0)    5 :  0.315 0.105 0.205 0.129 0.024 0.023 0.012 0.177 0.009 
 43  BAFF021    (0)    5 :  0.617 0.056 0.107 0.064 0.034 0.016 0.007 0.086 0.013 
 44  BAFF499    (0)    6 :  0.033 0.098 0.046 0.007 0.017 0.027 0.018 0.031 0.722 
 45  BAFF204    (0)    8 :  0.058 0.423 0.113 0.009 0.020 0.052 0.010 0.271 0.043 
 46  BAFF068    (0)   12 :  0.026 0.017 0.019 0.064 0.008 0.019 0.009 0.021 0.818 
 47  BAFF336    (0)   12 :  0.056 0.142 0.055 0.013 0.027 0.014 0.107 0.050 0.537 
 48  BAFF447    (0)    7 :  0.026 0.384 0.146 0.007 0.033 0.076 0.016 0.299 0.014 
 49  BAFF457    (0)    7 :  0.033 0.309 0.185 0.025 0.012 0.144 0.036 0.245 0.010 
 50  BAFF448    (0)    7 :  0.033 0.153 0.028 0.041 0.470 0.099 0.024 0.145 0.006 
 51  BAFF465    (0)    7 :  0.017 0.080 0.011 0.013 0.801 0.023 0.014 0.030 0.010 
 52  BAFF194    (0)    8 :  0.030 0.034 0.732 0.028 0.034 0.033 0.011 0.086 0.012 
 53  BAFF199    (0)    8 :  0.099 0.407 0.145 0.016 0.013 0.027 0.042 0.234 0.018 
 54  BAFF500    (0)    6 :  0.013 0.119 0.123 0.266 0.083 0.048 0.008 0.257 0.085 
 55  BAFF206    (0)    8 :  0.498 0.037 0.020 0.024 0.084 0.207 0.010 0.069 0.051 
 56  BAFF069    (0)   12 :  0.014 0.015 0.015 0.009 0.013 0.014 0.017 0.016 0.887 
 57  BAFF330    (0)   12 :  0.054 0.116 0.033 0.017 0.513 0.023 0.077 0.138 0.029 
 58  BAFF239    (0)   10 :  0.140 0.208 0.028 0.014 0.025 0.016 0.138 0.090 0.341 
 59  BAFF241    (0)   10 :  0.039 0.219 0.030 0.019 0.017 0.010 0.097 0.099 0.470 
 60  BAFF157    (0)   11 :  0.006 0.006 0.010 0.004 0.005 0.005 0.952 0.006 0.005 
 61  BAFF161    (0)   11 :  0.005 0.006 0.005 0.004 0.005 0.005 0.960 0.005 0.005 
 62  BAFF160    (0)   11 :  0.007 0.006 0.007 0.004 0.007 0.005 0.955 0.005 0.005 
 63  BAFF008    (0)   12 :  0.052 0.074 0.018 0.035 0.487 0.041 0.014 0.109 0.169 
 64  BAFF013    (0)   12 :  0.079 0.037 0.023 0.013 0.732 0.020 0.018 0.062 0.016 
 65  BAFF407    (0)   12 :  0.021 0.017 0.012 0.010 0.012 0.011 0.013 0.018 0.887 
 66  BAFF503    (0)    6 :  0.013 0.112 0.010 0.005 0.019 0.013 0.017 0.403 0.408 
 67  BAFF449    (0)    7 :  0.499 0.032 0.015 0.011 0.320 0.010 0.009 0.081 0.023 
 68  BAFF207    (0)    8 :  0.025 0.033 0.088 0.014 0.047 0.083 0.005 0.078 0.627 
 69  BAFF070    (0)   12 :  0.034 0.017 0.011 0.009 0.014 0.012 0.010 0.012 0.881 
 70  BAFF335    (0)   12 :  0.894 0.015 0.016 0.008 0.011 0.011 0.012 0.012 0.021 
 71  BAFF507    (0)    6 :  0.011 0.013 0.793 0.023 0.015 0.048 0.013 0.076 0.007 
 72  BAFF450    (0)    7 :  0.037 0.119 0.052 0.081 0.020 0.507 0.074 0.070 0.039 
 73  BAFF209    (7)    8 :  0.142 0.050 0.076 0.027 0.161 0.257 0.143 0.116 0.028 
 74  BAFF072    (0)   12 :  0.406 0.209 0.018 0.011 0.016 0.019 0.256 0.032 0.034 
 75  BAFF339    (0)   12 :  0.105 0.120 0.059 0.011 0.011 0.226 0.008 0.122 0.338 
 76  BAFF508    (0)    6 :  0.034 0.260 0.022 0.062 0.016 0.100 0.392 0.094 0.020 
 77  BAFF451    (0)    7 :  0.102 0.250 0.318 0.011 0.048 0.054 0.020 0.170 0.028 
 78  BAFF210    (0)    8 :  0.018 0.076 0.044 0.071 0.088 0.169 0.007 0.080 0.447 
 79  BAFF139    (0)   12 :  0.153 0.166 0.298 0.044 0.026 0.105 0.042 0.155 0.013 
 80  BAFF341    (0)   12 :  0.087 0.280 0.041 0.016 0.022 0.143 0.051 0.344 0.016 
 81  BAFF509    (0)    6 :  0.085 0.021 0.049 0.072 0.575 0.022 0.010 0.122 0.044 
 82  BAFF453    (0)    7 :  0.072 0.090 0.041 0.009 0.048 0.441 0.014 0.201 0.085 
 83  BAFF389    (0)    8 :  0.014 0.010 0.034 0.011 0.018 0.535 0.361 0.011 0.006 
 84  BAFF163    (0)   12 :  0.007 0.007 0.006 0.004 0.013 0.019 0.008 0.014 0.922 
 85  BAFF344    (7)   12 :  0.575 0.044 0.035 0.009 0.023 0.048 0.034 0.047 0.185 
 86  BAFF510    (0)    6 :  0.038 0.022 0.644 0.011 0.148 0.019 0.035 0.063 0.021 
 87  BAFF456    (0)    7 :  0.052 0.194 0.410 0.018 0.011 0.110 0.011 0.155 0.041 
 88  BAFF390    (0)    8 :  0.007 0.056 0.038 0.006 0.008 0.732 0.015 0.134 0.005 
 89  BAFF142    (0)   12 :  0.256 0.320 0.033 0.226 0.010 0.013 0.021 0.075 0.046 
 90  BAFF363    (7)   12 :  0.020 0.011 0.010 0.007 0.010 0.007 0.024 0.014 0.897 
 91  BAFF517    (0)    6 :  0.086 0.063 0.467 0.007 0.024 0.232 0.015 0.074 0.033 
 92  BAFF458    (0)    7 :  0.035 0.301 0.063 0.048 0.050 0.015 0.014 0.446 0.029 
 93  BAFF391    (0)    8 :  0.100 0.146 0.144 0.095 0.045 0.089 0.010 0.078 0.292 
 94  BAFF149    (0)   12 :  0.716 0.034 0.022 0.010 0.010 0.139 0.027 0.020 0.023 
 95  BAFF366    (7)   12 :  0.814 0.024 0.038 0.008 0.006 0.046 0.021 0.029 0.014 
 96  BAFF512    (0)    6 :  0.019 0.249 0.082 0.124 0.056 0.139 0.019 0.270 0.042 
 97  BAFF460    (0)    7 :  0.470 0.236 0.079 0.016 0.011 0.036 0.014 0.124 0.014 
 98  BAFF138    (0)   12 :  0.843 0.049 0.016 0.015 0.007 0.013 0.019 0.019 0.019 
 99  BAFF374    (0)   12 :  0.024 0.020 0.034 0.038 0.446 0.015 0.069 0.082 0.272 
100  BAFF015    (0)    1 :  0.011 0.017 0.008 0.869 0.008 0.011 0.006 0.060 0.010 
101  BAFF380    (0)    2 :  0.036 0.155 0.048 0.009 0.103 0.014 0.172 0.428 0.034 
102  BAFF216    (0)    3 :  0.026 0.133 0.275 0.036 0.075 0.065 0.016 0.347 0.027 
103  BAFF017    (0)    4 :  0.005 0.020 0.689 0.017 0.011 0.178 0.005 0.058 0.017 
104  BAFF245    (0)    4 :  0.311 0.103 0.094 0.161 0.071 0.095 0.009 0.126 0.029 
105  BAFF378    (7)   13 :  0.028 0.235 0.063 0.220 0.011 0.069 0.016 0.347 0.012 
106  BAFF023    (0)    5 :  0.044 0.321 0.048 0.028 0.077 0.131 0.012 0.307 0.032 
107  BAFF079    (0)    6 :  0.150 0.066 0.288 0.052 0.081 0.054 0.027 0.245 0.037 
108  BAFF435    (0)    6 :  0.022 0.557 0.061 0.009 0.014 0.031 0.017 0.268 0.021 
109  BAFF174    (7)    7 :  0.016 0.100 0.015 0.007 0.026 0.517 0.012 0.288 0.020 
110  BAFF226    (0)    7 :  0.062 0.333 0.202 0.012 0.012 0.111 0.015 0.244 0.008 
111  BAFF190    (0)    8 :  0.083 0.209 0.017 0.016 0.196 0.014 0.032 0.363 0.070 
112  BAFF243    (0)    9 :  0.122 0.090 0.313 0.083 0.040 0.144 0.097 0.104 0.007 
113  BAFF177    (0)   10 :  0.069 0.039 0.035 0.030 0.580 0.062 0.020 0.155 0.009 
114  BAFF364    (7)   11 :  0.017 0.159 0.035 0.012 0.061 0.050 0.541 0.104 0.023 
115  BAFF305    (0)   12 :  0.806 0.031 0.023 0.025 0.011 0.024 0.012 0.040 0.029 
116  BAFF513    (0)    6 :  0.024 0.103 0.052 0.038 0.340 0.046 0.014 0.365 0.019 
117  BAFF462    (0)    7 :  0.011 0.171 0.027 0.437 0.072 0.010 0.017 0.192 0.062 
118  BAFF143    (0)   12 :  0.644 0.051 0.056 0.007 0.051 0.034 0.049 0.043 0.065 
119  BAFF403    (0)   12 :  0.008 0.009 0.009 0.007 0.009 0.008 0.010 0.012 0.929 
120  BAFF514    (0)    6 :  0.028 0.100 0.037 0.007 0.426 0.016 0.010 0.175 0.201 
121  BAFF463    (0)    7 :  0.005 0.066 0.005 0.005 0.884 0.007 0.016 0.008 0.004 
122  BAFF137    (0)   12 :  0.802 0.022 0.012 0.010 0.080 0.009 0.011 0.045 0.008 
123  BAFF404    (0)   12 :  0.010 0.011 0.014 0.014 0.009 0.009 0.018 0.010 0.904 
124  BAFF515    (0)    6 :  0.128 0.100 0.208 0.021 0.277 0.075 0.035 0.118 0.038 
125  BAFF144    (0)   12 :  0.082 0.227 0.038 0.012 0.103 0.017 0.166 0.275 0.081 
126  BAFF405    (7)   12 :  0.565 0.075 0.059 0.044 0.051 0.010 0.091 0.074 0.030 
127  BAFF518    (0)    6 :  0.241 0.121 0.055 0.011 0.013 0.038 0.018 0.061 0.443 
128  BAFF467    (0)    7 :  0.037 0.246 0.156 0.018 0.067 0.051 0.013 0.380 0.032 
129  BAFF145    (0)   12 :  0.256 0.099 0.029 0.080 0.027 0.034 0.395 0.069 0.012 
130  BAFF406    (0)   12 :  0.062 0.059 0.054 0.008 0.057 0.013 0.352 0.032 0.363 
131  BAFF519    (0)    6 :  0.073 0.103 0.071 0.011 0.049 0.595 0.012 0.072 0.013 
132  BAFF471    (0)    7 :  0.313 0.107 0.134 0.063 0.088 0.041 0.022 0.207 0.025 
133  BAFF136    (0)   12 :  0.154 0.013 0.012 0.006 0.027 0.045 0.008 0.054 0.683 
134  BAFF520    (7)    6 :  0.032 0.276 0.177 0.034 0.053 0.042 0.014 0.304 0.069 
135  BAFF472    (0)    7 :  0.032 0.236 0.046 0.025 0.112 0.085 0.064 0.382 0.019 
136  BAFF165    (0)   12 :  0.539 0.110 0.116 0.062 0.026 0.022 0.009 0.061 0.054 
137  BAFF408    (0)   12 :  0.611 0.115 0.027 0.031 0.014 0.045 0.045 0.038 0.074 
138  BAFF522    (0)    6 :  0.049 0.110 0.019 0.028 0.341 0.018 0.013 0.389 0.031 
139  BAFF475    (0)    7 :  0.044 0.139 0.572 0.008 0.035 0.034 0.015 0.103 0.049 
140  BAFF140    (0)   12 :  0.495 0.031 0.099 0.013 0.183 0.026 0.054 0.065 0.033 
141  BAFF409    (0)   12 :  0.015 0.015 0.013 0.084 0.060 0.034 0.014 0.013 0.752 
142  BAFF523    (0)    6 :  0.017 0.162 0.046 0.014 0.303 0.018 0.070 0.361 0.009 
143  BAFF476    (0)    7 :  0.045 0.074 0.475 0.008 0.012 0.087 0.198 0.075 0.026 
144  BAFF147    (0)   12 :  0.684 0.029 0.028 0.015 0.037 0.011 0.012 0.037 0.147 
145  BAFF410    (0)   12 :  0.169 0.029 0.190 0.017 0.008 0.015 0.008 0.043 0.520 
146  BAFF477    (0)    7 :  0.121 0.283 0.214 0.099 0.019 0.058 0.010 0.190 0.007 
147  BAFF411    (0)   12 :  0.056 0.029 0.010 0.255 0.015 0.483 0.053 0.029 0.070 
148  BAFF486    (7)    7 :  0.008 0.568 0.045 0.008 0.005 0.059 0.006 0.295 0.006 
149  BAFF412    (7)   12 :  0.024 0.015 0.032 0.049 0.080 0.019 0.026 0.025 0.730 
150  BAFF258    (0)    1 :  0.019 0.126 0.046 0.194 0.197 0.022 0.049 0.318 0.028 
151  BAFF392    (0)    2 :  0.009 0.064 0.006 0.005 0.480 0.022 0.113 0.296 0.006 
152  BAFF217    (0)    3 :  0.058 0.101 0.068 0.010 0.011 0.624 0.026 0.082 0.021 
153  BAFF016    (0)    4 :  0.042 0.010 0.770 0.005 0.008 0.040 0.040 0.058 0.026 
154  BAFF246    (0)    4 :  0.026 0.042 0.487 0.010 0.071 0.195 0.045 0.096 0.028 
155  BAFF381    (0)   13 :  0.308 0.256 0.080 0.010 0.026 0.099 0.013 0.174 0.034 
156  BAFF078    (0)    6 :  0.294 0.221 0.020 0.006 0.015 0.020 0.341 0.038 0.045 
157  BAFF481    (0)    6 :  0.152 0.247 0.089 0.025 0.036 0.227 0.012 0.168 0.045 
158  BAFF436    (0)    7 :  0.062 0.077 0.182 0.070 0.312 0.051 0.037 0.167 0.042 
159  BAFF191    (0)    8 :  0.033 0.103 0.044 0.010 0.104 0.354 0.011 0.322 0.019 
160  BAFF382    (0)    9 :  0.038 0.363 0.038 0.006 0.154 0.099 0.042 0.200 0.059 
161  BAFF178    (0)   10 :  0.030 0.024 0.063 0.009 0.610 0.058 0.006 0.126 0.073 
162  BAFF159    (7)   11 :  0.010 0.015 0.843 0.008 0.010 0.007 0.008 0.085 0.013 
163  BAFF365    (7)   11 :  0.334 0.137 0.078 0.225 0.019 0.063 0.036 0.087 0.020 
164  BAFF007    (0)   12 :  0.139 0.186 0.232 0.046 0.038 0.168 0.064 0.097 0.029 
165  BAFF304    (7)   12 :  0.437 0.247 0.048 0.012 0.015 0.017 0.072 0.066 0.087 
166  BAFF487    (0)    7 :  0.014 0.212 0.050 0.021 0.052 0.065 0.057 0.498 0.031 
167  BAFF415    (0)   12 :  0.199 0.032 0.052 0.073 0.040 0.016 0.024 0.034 0.531 
168  BAFF488    (0)    7 :  0.051 0.057 0.088 0.609 0.012 0.050 0.013 0.106 0.015 
169  BAFF417    (0)   12 :  0.393 0.069 0.038 0.014 0.033 0.041 0.016 0.041 0.355 
170  BAFF489    (0)    7 :  0.248 0.291 0.077 0.008 0.038 0.019 0.052 0.225 0.042 
171  BAFF426    (0)   12 :  0.016 0.048 0.013 0.017 0.025 0.013 0.009 0.013 0.847 
172  BAFF490    (7)    7 :  0.018 0.290 0.312 0.022 0.052 0.018 0.087 0.189 0.012 
173  BAFF491    (0)    7 :  0.022 0.406 0.042 0.046 0.186 0.038 0.049 0.201 0.009 
174  BAFF492    (0)    7 :  0.013 0.560 0.058 0.008 0.019 0.057 0.012 0.260 0.014 
175  BAFF493    (0)    7 :  0.025 0.100 0.034 0.501 0.084 0.026 0.014 0.171 0.046 
176  BAFF506    (0)    7 :  0.014 0.277 0.016 0.115 0.032 0.030 0.018 0.481 0.017 
177  BAFF393    (0)    2 :  0.094 0.307 0.134 0.025 0.012 0.035 0.253 0.130 0.011 
178  BAFF218    (0)    3 :  0.078 0.149 0.145 0.052 0.105 0.282 0.017 0.144 0.029 
179  BAFF254    (0)    4 :  0.099 0.390 0.032 0.036 0.017 0.014 0.287 0.113 0.012 
180  BAFF385    (0)   13 :  0.041 0.330 0.030 0.025 0.127 0.043 0.025 0.322 0.057 
181  BAFF076    (0)    6 :  0.009 0.010 0.008 0.008 0.916 0.012 0.014 0.012 0.011 
182  BAFF482    (0)    6 :  0.102 0.253 0.139 0.010 0.140 0.025 0.013 0.242 0.076 
183  BAFF437    (0)    7 :  0.515 0.156 0.142 0.030 0.026 0.021 0.006 0.092 0.011 
184  BAFF192    (0)    8 :  0.074 0.085 0.072 0.018 0.443 0.061 0.146 0.086 0.014 
185  BAFF383    (0)    9 :  0.097 0.036 0.016 0.758 0.029 0.024 0.006 0.021 0.012 
186  BAFF180    (0)   10 :  0.014 0.079 0.119 0.009 0.239 0.218 0.009 0.156 0.155 
187  BAFF048    (7)   12 :  0.019 0.146 0.062 0.052 0.038 0.006 0.234 0.433 0.010 
188  BAFF306    (0)   12 :  0.651 0.044 0.060 0.009 0.042 0.118 0.016 0.028 0.032 
189  BAFF394    (0)    2 :  0.138 0.075 0.300 0.062 0.062 0.129 0.152 0.061 0.021 
190  BAFF219    (0)    3 :  0.187 0.206 0.268 0.008 0.037 0.086 0.015 0.178 0.014 
191  BAFF388    (0)    4 :  0.014 0.056 0.028 0.205 0.164 0.019 0.012 0.181 0.319 
192  BAFF386    (7)   13 :  0.053 0.124 0.029 0.016 0.368 0.021 0.045 0.330 0.013 
193  BAFF084    (0)    6 :  0.021 0.285 0.053 0.011 0.010 0.022 0.484 0.104 0.011 
194  BAFF483    (0)    6 :  0.162 0.061 0.098 0.034 0.305 0.071 0.010 0.127 0.133 
195  BAFF438   (15)    7 :  0.220 0.338 0.046 0.018 0.079 0.034 0.136 0.090 0.039 
196  BAFF193    (0)    8 :  0.020 0.232 0.035 0.363 0.084 0.070 0.018 0.159 0.021 
197  BAFF183    (0)   10 :  0.020 0.238 0.197 0.049 0.014 0.021 0.020 0.415 0.026 
198  BAFF153    (0)   12 :  0.916 0.011 0.013 0.007 0.010 0.008 0.013 0.009 0.013 
199  BAFF307    (0)   12 :  0.487 0.177 0.039 0.012 0.020 0.026 0.100 0.121 0.018 
200  BAFF397    (0)    2 :  0.135 0.289 0.279 0.006 0.005 0.079 0.011 0.187 0.009 
201  BAFF220    (0)    3 :  0.008 0.063 0.016 0.009 0.742 0.008 0.112 0.031 0.011 
202  BAFF095    (0)    6 :  0.021 0.026 0.021 0.039 0.714 0.025 0.007 0.129 0.017 
203  BAFF494    (0)    6 :  0.015 0.110 0.060 0.007 0.586 0.042 0.030 0.125 0.026 
204  BAFF439    (0)    7 :  0.184 0.168 0.038 0.010 0.015 0.149 0.011 0.139 0.286 
205  BAFF182    (0)   10 :  0.050 0.089 0.046 0.028 0.533 0.026 0.063 0.060 0.104 
206  BAFF054    (0)   12 :  0.019 0.009 0.007 0.006 0.009 0.008 0.010 0.008 0.923 
207  BAFF308    (0)   12 :  0.796 0.054 0.025 0.015 0.013 0.015 0.018 0.049 0.014 
208  BAFF266    (0)    1 :  0.044 0.167 0.183 0.194 0.020 0.026 0.091 0.225 0.050 
209  BAFF398    (7)    2 :  0.006 0.058 0.006 0.013 0.868 0.006 0.006 0.033 0.005 
210  BAFF221    (0)    3 :  0.038 0.069 0.008 0.299 0.056 0.008 0.482 0.016 0.024 
211  BAFF090    (0)    6 :  0.044 0.330 0.026 0.013 0.022 0.017 0.074 0.371 0.102 
212  BAFF495    (0)    6 :  0.015 0.042 0.172 0.009 0.013 0.639 0.008 0.088 0.015 
213  BAFF459    (0)    7 :  0.023 0.048 0.713 0.007 0.012 0.040 0.061 0.084 0.012 
214  BAFF197    (0)    8 :  0.409 0.100 0.106 0.013 0.019 0.169 0.014 0.094 0.076 
215  BAFF188    (0)   10 :  0.669 0.077 0.022 0.013 0.019 0.035 0.084 0.045 0.035 
216  BAFF051    (0)   12 :  0.055 0.144 0.039 0.030 0.042 0.028 0.013 0.354 0.294 
217  BAFF309    (0)   12 :  0.042 0.469 0.051 0.009 0.063 0.072 0.017 0.263 0.015 
218  BAFF269    (0)    1 :  0.390 0.072 0.128 0.033 0.029 0.224 0.009 0.104 0.010 
219  BAFF077    (0)    6 :  0.006 0.007 0.883 0.008 0.005 0.011 0.023 0.048 0.009 
220  BAFF496    (0)    6 :  0.008 0.045 0.025 0.013 0.008 0.834 0.005 0.053 0.009 
221  BAFF443    (0)    7 :  0.104 0.233 0.127 0.042 0.043 0.056 0.012 0.284 0.098 
222  BAFF198    (0)    8 :  0.023 0.179 0.059 0.007 0.113 0.140 0.015 0.430 0.033 
223  BAFF053    (0)   12 :  0.791 0.045 0.011 0.017 0.008 0.038 0.015 0.048 0.027 
224  BAFF310    (0)   12 :  0.065 0.061 0.154 0.009 0.008 0.021 0.019 0.024 0.639 
225  BAFF282    (0)    1 :  0.040 0.021 0.084 0.679 0.051 0.060 0.014 0.037 0.015 
226  BAFF497    (0)    6 :  0.019 0.079 0.682 0.012 0.014 0.045 0.009 0.125 0.014 
227  BAFF466    (0)    7 :  0.081 0.223 0.076 0.015 0.050 0.032 0.128 0.358 0.037 
228  BAFF200    (7)    8 :  0.049 0.204 0.061 0.015 0.357 0.026 0.045 0.196 0.049 
229  BAFF240    (0)   10 :  0.041 0.120 0.029 0.016 0.031 0.018 0.635 0.100 0.010 
230  BAFF055    (0)   12 :  0.148 0.029 0.017 0.017 0.030 0.012 0.009 0.019 0.717 
231  BAFF311    (7)   12 :  0.042 0.011 0.048 0.041 0.683 0.009 0.054 0.103 0.009 


Estimated Allele Frequencies in each cluster
First column gives estimated ancestral frequencies


Locus 1 : btern01 
9 alleles
0.0% missing data
   1   (0.143) 0.168 0.149 0.184 0.121 0.134 0.144 0.071 0.166 0.036 
   2   (0.016) 0.004 0.006 0.007 0.031 0.003 0.004 0.003 0.010 0.003 
   3   (0.164) 0.195 0.182 0.269 0.064 0.161 0.208 0.160 0.127 0.088 
   4   (0.212) 0.198 0.193 0.124 0.202 0.186 0.344 0.269 0.200 0.185 
   5   (0.284) 0.339 0.348 0.265 0.444 0.114 0.131 0.371 0.360 0.322 
   6   (0.075) 0.058 0.056 0.091 0.034 0.045 0.048 0.026 0.045 0.338 
   7   (0.052) 0.019 0.034 0.015 0.087 0.293 0.017 0.087 0.045 0.019 
   8   (0.015) 0.007 0.003 0.004 0.012 0.003 0.037 0.002 0.004 0.002 
   9   (0.039) 0.011 0.029 0.039 0.007 0.061 0.068 0.011 0.043 0.007 

Locus 2 : bt28 
5 alleles
0.0% missing data
   1   (0.668) 0.742 0.665 0.697 0.763 0.559 0.766 0.684 0.606 0.719 
   2   (0.151) 0.149 0.124 0.085 0.179 0.178 0.146 0.055 0.174 0.098 
   3   (0.145) 0.096 0.198 0.082 0.040 0.256 0.074 0.253 0.199 0.178 
   4   (0.024) 0.010 0.012 0.131 0.006 0.004 0.010 0.006 0.018 0.004 
   5   (0.011) 0.003 0.002 0.004 0.013 0.003 0.003 0.002 0.003 0.002 

Locus 3 : b96 
8 alleles
0.9% missing data
   1   (0.333) 0.466 0.299 0.345 0.363 0.363 0.228 0.221 0.307 0.328 
   2   (0.479) 0.316 0.612 0.543 0.419 0.510 0.717 0.563 0.600 0.503 
   3   (0.046) 0.062 0.041 0.025 0.012 0.032 0.016 0.064 0.028 0.048 
   4   (0.014) 0.003 0.004 0.005 0.004 0.002 0.003 0.112 0.005 0.002 
   5   (0.052) 0.060 0.021 0.050 0.027 0.045 0.015 0.009 0.033 0.029 
   6   (0.025) 0.013 0.006 0.007 0.097 0.036 0.005 0.007 0.010 0.005 
   7   (0.036) 0.076 0.015 0.023 0.075 0.008 0.013 0.021 0.016 0.007 
   8   (0.014) 0.003 0.003 0.003 0.003 0.003 0.002 0.002 0.003 0.078 

Locus 4 : bt30 
12 alleles
0.9% missing data
   1   (0.110) 0.064 0.114 0.073 0.293 0.188 0.035 0.030 0.135 0.110 
   2   (0.289) 0.274 0.392 0.245 0.280 0.286 0.396 0.168 0.301 0.293 
   3   (0.071) 0.038 0.162 0.143 0.019 0.029 0.086 0.059 0.112 0.027 
   4   (0.185) 0.222 0.170 0.252 0.101 0.165 0.130 0.130 0.270 0.227 
   5   (0.014) 0.004 0.005 0.004 0.004 0.016 0.003 0.002 0.009 0.003 
   6   (0.102) 0.072 0.055 0.165 0.115 0.231 0.081 0.034 0.080 0.061 
   7   (0.033) 0.040 0.029 0.013 0.021 0.010 0.018 0.022 0.021 0.019 
   8   (0.050) 0.081 0.023 0.020 0.046 0.010 0.015 0.082 0.021 0.063 
   9   (0.104) 0.164 0.041 0.076 0.049 0.045 0.212 0.467 0.038 0.189 
  10   (0.013) 0.003 0.002 0.002 0.068 0.002 0.004 0.002 0.003 0.002 
  11   (0.018) 0.033 0.004 0.005 0.003 0.015 0.006 0.002 0.007 0.004 
  12   (0.011) 0.003 0.003 0.003 0.002 0.002 0.013 0.002 0.003 0.002 

Locus 5 : btms0081 
3 alleles
0.9% missing data
   1   (0.492) 0.394 0.518 0.626 0.596 0.668 0.307 0.712 0.518 0.301 
   2   (0.355) 0.449 0.344 0.276 0.212 0.228 0.496 0.232 0.367 0.475 
   3   (0.153) 0.157 0.138 0.099 0.192 0.103 0.197 0.056 0.115 0.224 

Locus 6 : btms0066 
24 alleles
0.0% missing data
   1   (0.252) 0.309 0.316 0.184 0.386 0.336 0.261 0.120 0.283 0.388 
   2   (0.019) 0.004 0.004 0.004 0.047 0.003 0.042 0.003 0.005 0.003 
   3   (0.036) 0.120 0.027 0.015 0.006 0.017 0.019 0.009 0.029 0.010 
   4   (0.156) 0.114 0.198 0.293 0.058 0.155 0.310 0.033 0.297 0.124 
   5   (0.094) 0.176 0.160 0.113 0.029 0.038 0.090 0.024 0.113 0.108 
   6   (0.050) 0.045 0.035 0.024 0.010 0.212 0.035 0.187 0.037 0.015 
   7   (0.017) 0.004 0.007 0.004 0.016 0.063 0.003 0.002 0.005 0.003 
   8   (0.053) 0.030 0.026 0.126 0.083 0.015 0.042 0.025 0.029 0.033 
   9   (0.022) 0.017 0.024 0.006 0.004 0.008 0.005 0.345 0.008 0.005 
  10   (0.028) 0.007 0.028 0.016 0.156 0.006 0.009 0.028 0.019 0.005 
  11   (0.024) 0.007 0.006 0.007 0.144 0.008 0.025 0.004 0.007 0.013 
  12   (0.043) 0.029 0.029 0.125 0.009 0.008 0.088 0.008 0.031 0.017 
  13   (0.024) 0.014 0.027 0.007 0.005 0.030 0.009 0.019 0.010 0.015 
  14   (0.021) 0.006 0.007 0.005 0.004 0.004 0.004 0.078 0.007 0.046 
  15   (0.020) 0.025 0.021 0.016 0.004 0.004 0.018 0.003 0.018 0.003 
  16   (0.028) 0.014 0.019 0.008 0.006 0.023 0.009 0.024 0.045 0.087 
  17   (0.023) 0.018 0.033 0.007 0.009 0.009 0.006 0.060 0.012 0.036 
  18   (0.012) 0.003 0.002 0.002 0.002 0.002 0.002 0.001 0.002 0.033 
  19   (0.011) 0.039 0.002 0.002 0.002 0.002 0.002 0.001 0.003 0.002 
  20   (0.020) 0.007 0.008 0.021 0.007 0.023 0.010 0.010 0.012 0.013 
  21   (0.017) 0.005 0.008 0.004 0.005 0.024 0.004 0.007 0.013 0.004 
  22   (0.010) 0.002 0.004 0.003 0.002 0.006 0.002 0.003 0.007 0.002 
  23   (0.012) 0.004 0.002 0.002 0.002 0.002 0.002 0.001 0.003 0.031 
  24   (0.010) 0.003 0.004 0.005 0.005 0.002 0.002 0.003 0.005 0.002 

Locus 7 : btms0083 
31 alleles
3.0% missing data
   1   (0.016) 0.004 0.005 0.003 0.237 0.003 0.003 0.012 0.004 0.002 
   2   (0.023) 0.025 0.026 0.007 0.107 0.004 0.005 0.008 0.012 0.004 
   3   (0.033) 0.013 0.017 0.026 0.006 0.071 0.010 0.143 0.017 0.010 
   4   (0.043) 0.024 0.042 0.018 0.061 0.035 0.019 0.028 0.053 0.011 
   5   (0.206) 0.222 0.242 0.183 0.239 0.380 0.157 0.114 0.220 0.266 
   6   (0.014) 0.004 0.019 0.008 0.003 0.011 0.004 0.004 0.041 0.003 
   7   (0.053) 0.080 0.161 0.046 0.017 0.021 0.020 0.073 0.060 0.145 
   8   (0.042) 0.139 0.042 0.030 0.020 0.009 0.018 0.011 0.029 0.014 
   9   (0.035) 0.039 0.027 0.030 0.008 0.041 0.034 0.008 0.043 0.007 
  10   (0.021) 0.015 0.008 0.009 0.007 0.120 0.006 0.006 0.022 0.021 
  11   (0.060) 0.035 0.070 0.112 0.016 0.017 0.090 0.416 0.079 0.011 
  12   (0.015) 0.004 0.007 0.005 0.043 0.004 0.010 0.002 0.011 0.003 
  13   (0.057) 0.084 0.027 0.128 0.011 0.022 0.045 0.021 0.036 0.080 
  14   (0.034) 0.018 0.087 0.106 0.007 0.009 0.019 0.007 0.074 0.006 
  15   (0.027) 0.013 0.008 0.081 0.016 0.023 0.027 0.006 0.015 0.006 
  16   (0.026) 0.007 0.026 0.012 0.031 0.042 0.014 0.013 0.061 0.005 
  17   (0.030) 0.016 0.014 0.012 0.030 0.009 0.348 0.020 0.025 0.005 
  18   (0.050) 0.041 0.049 0.023 0.040 0.035 0.024 0.012 0.057 0.121 
  19   (0.021) 0.007 0.008 0.006 0.008 0.004 0.013 0.004 0.012 0.115 
  20   (0.027) 0.099 0.011 0.009 0.005 0.006 0.006 0.005 0.011 0.057 
  21   (0.008) 0.002 0.001 0.002 0.034 0.002 0.002 0.001 0.002 0.001 
  22   (0.011) 0.003 0.002 0.002 0.011 0.002 0.027 0.002 0.002 0.002 
  23   (0.017) 0.012 0.007 0.010 0.012 0.004 0.015 0.003 0.007 0.003 
  24   (0.013) 0.003 0.003 0.003 0.003 0.002 0.003 0.002 0.003 0.015 
  25   (0.031) 0.034 0.039 0.009 0.006 0.104 0.012 0.006 0.022 0.006 
  26   (0.011) 0.004 0.003 0.095 0.002 0.003 0.006 0.003 0.007 0.002 
  27   (0.024) 0.027 0.020 0.007 0.004 0.005 0.035 0.005 0.041 0.035 
  28   (0.016) 0.005 0.017 0.005 0.004 0.005 0.016 0.059 0.013 0.003 
  29   (0.014) 0.003 0.009 0.004 0.005 0.003 0.004 0.003 0.016 0.002 
  30   (0.016) 0.012 0.003 0.004 0.003 0.003 0.003 0.002 0.004 0.036 
  31   (0.006) 0.006 0.002 0.003 0.002 0.001 0.005 0.001 0.003 0.001 

Locus 8 : b126 
16 alleles
0.0% missing data
   1   (0.042) 0.036 0.013 0.051 0.045 0.065 0.011 0.010 0.021 0.012 
   2   (0.052) 0.058 0.033 0.036 0.142 0.014 0.077 0.011 0.031 0.009 
   3   (0.311) 0.358 0.415 0.243 0.170 0.257 0.490 0.641 0.357 0.390 
   4   (0.028) 0.010 0.018 0.087 0.008 0.015 0.029 0.004 0.027 0.006 
   5   (0.074) 0.037 0.120 0.045 0.024 0.127 0.061 0.023 0.126 0.058 
   6   (0.066) 0.134 0.081 0.118 0.014 0.017 0.024 0.012 0.055 0.155 
   7   (0.111) 0.146 0.078 0.132 0.022 0.194 0.044 0.202 0.097 0.144 
   8   (0.028) 0.014 0.008 0.063 0.006 0.006 0.011 0.005 0.011 0.078 
   9   (0.012) 0.003 0.002 0.002 0.002 0.051 0.002 0.001 0.003 0.002 
  10   (0.033) 0.013 0.030 0.013 0.027 0.059 0.015 0.010 0.088 0.035 
  11   (0.096) 0.087 0.097 0.101 0.415 0.036 0.050 0.054 0.110 0.023 
  12   (0.029) 0.024 0.039 0.011 0.025 0.006 0.008 0.004 0.017 0.029 
  13   (0.065) 0.036 0.047 0.028 0.090 0.103 0.146 0.010 0.032 0.048 
  14   (0.022) 0.009 0.007 0.059 0.005 0.009 0.023 0.003 0.012 0.005 
  15   (0.016) 0.030 0.003 0.003 0.003 0.009 0.004 0.002 0.005 0.003 
  16   (0.017) 0.005 0.008 0.008 0.003 0.031 0.004 0.009 0.006 0.003 

Locus 9 : btms0062 
34 alleles
0.0% missing data
   1   (0.026) 0.007 0.034 0.011 0.080 0.016 0.006 0.020 0.078 0.007 
   2   (0.051) 0.023 0.030 0.075 0.103 0.043 0.229 0.032 0.032 0.015 
   3   (0.092) 0.239 0.093 0.065 0.093 0.032 0.104 0.048 0.069 0.062 
   4   (0.103) 0.050 0.091 0.150 0.056 0.246 0.038 0.197 0.133 0.201 
   5   (0.054) 0.061 0.174 0.031 0.020 0.041 0.022 0.068 0.093 0.013 
   6   (0.027) 0.033 0.023 0.020 0.007 0.015 0.028 0.014 0.016 0.005 
   7   (0.012) 0.006 0.012 0.004 0.002 0.004 0.004 0.002 0.009 0.002 
   8   (0.024) 0.045 0.033 0.039 0.007 0.005 0.015 0.004 0.022 0.004 
   9   (0.040) 0.014 0.034 0.173 0.019 0.025 0.019 0.043 0.032 0.021 
  10   (0.054) 0.027 0.061 0.069 0.046 0.056 0.023 0.011 0.063 0.069 
  11   (0.063) 0.051 0.077 0.054 0.016 0.170 0.023 0.334 0.080 0.031 
  12   (0.044) 0.040 0.030 0.017 0.009 0.055 0.258 0.013 0.077 0.030 
  13   (0.045) 0.062 0.028 0.038 0.027 0.136 0.013 0.015 0.036 0.017 
  14   (0.042) 0.041 0.029 0.060 0.011 0.012 0.015 0.008 0.037 0.283 
  15   (0.013) 0.119 0.005 0.003 0.002 0.003 0.004 0.002 0.004 0.003 
  16   (0.020) 0.016 0.013 0.005 0.004 0.004 0.004 0.079 0.007 0.010 
  17   (0.020) 0.005 0.005 0.006 0.155 0.012 0.021 0.003 0.007 0.003 
  18   (0.011) 0.004 0.003 0.004 0.003 0.029 0.005 0.007 0.007 0.002 
  19   (0.045) 0.017 0.026 0.040 0.088 0.016 0.054 0.007 0.032 0.096 
  20   (0.009) 0.002 0.002 0.002 0.036 0.001 0.002 0.001 0.002 0.001 
  21   (0.029) 0.013 0.024 0.044 0.037 0.019 0.048 0.006 0.023 0.005 
  22   (0.019) 0.015 0.012 0.005 0.110 0.003 0.004 0.003 0.006 0.004 
  23   (0.011) 0.002 0.004 0.002 0.028 0.003 0.003 0.001 0.004 0.002 
  24   (0.022) 0.006 0.026 0.033 0.005 0.005 0.013 0.004 0.021 0.009 
  25   (0.008) 0.002 0.006 0.004 0.011 0.002 0.003 0.001 0.010 0.002 
  26   (0.023) 0.009 0.074 0.013 0.008 0.013 0.008 0.019 0.070 0.034 
  27   (0.018) 0.035 0.022 0.005 0.003 0.012 0.004 0.032 0.006 0.006 
  28   (0.009) 0.026 0.002 0.002 0.002 0.001 0.002 0.001 0.002 0.001 
  29   (0.013) 0.004 0.008 0.003 0.004 0.002 0.013 0.014 0.005 0.003 
  30   (0.009) 0.002 0.002 0.002 0.002 0.002 0.002 0.001 0.002 0.032 
  31   (0.013) 0.013 0.009 0.005 0.002 0.002 0.004 0.002 0.007 0.002 
  32   (0.010) 0.003 0.003 0.003 0.002 0.009 0.003 0.004 0.003 0.002 
  33   (0.013) 0.007 0.003 0.004 0.003 0.002 0.006 0.002 0.004 0.002 
  34   (0.008) 0.003 0.003 0.007 0.001 0.001 0.002 0.002 0.002 0.022 

Locus 10 : btern02 
25 alleles
4.8% missing data
   1   (0.096) 0.140 0.082 0.197 0.136 0.065 0.094 0.257 0.121 0.041 
   2   (0.012) 0.003 0.002 0.003 0.017 0.002 0.002 0.002 0.003 0.002 
   3   (0.083) 0.088 0.117 0.117 0.027 0.143 0.129 0.037 0.085 0.025 
   4   (0.047) 0.029 0.041 0.032 0.014 0.181 0.061 0.008 0.045 0.099 
   5   (0.028) 0.014 0.024 0.012 0.011 0.034 0.024 0.035 0.024 0.007 
   6   (0.045) 0.024 0.119 0.027 0.018 0.017 0.022 0.089 0.095 0.021 
   7   (0.028) 0.026 0.012 0.010 0.005 0.031 0.013 0.004 0.016 0.145 
   8   (0.035) 0.034 0.036 0.018 0.112 0.011 0.013 0.019 0.031 0.006 
   9   (0.073) 0.191 0.092 0.031 0.055 0.113 0.048 0.038 0.067 0.042 
  10   (0.027) 0.009 0.076 0.024 0.006 0.012 0.116 0.005 0.051 0.005 
  11   (0.062) 0.124 0.048 0.076 0.018 0.022 0.104 0.015 0.045 0.064 
  12   (0.036) 0.021 0.015 0.014 0.142 0.010 0.096 0.017 0.021 0.006 
  13   (0.049) 0.023 0.029 0.054 0.058 0.070 0.023 0.018 0.040 0.058 
  14   (0.051) 0.026 0.029 0.066 0.176 0.032 0.026 0.021 0.038 0.123 
  15   (0.012) 0.003 0.002 0.002 0.002 0.002 0.002 0.208 0.002 0.002 
  16   (0.047) 0.027 0.035 0.088 0.054 0.013 0.026 0.010 0.043 0.048 
  17   (0.028) 0.009 0.029 0.029 0.006 0.016 0.012 0.014 0.046 0.043 
  18   (0.047) 0.026 0.032 0.088 0.011 0.019 0.051 0.011 0.050 0.176 
  19   (0.037) 0.075 0.058 0.013 0.007 0.048 0.018 0.071 0.060 0.009 
  20   (0.037) 0.029 0.039 0.035 0.055 0.096 0.019 0.006 0.030 0.008 
  21   (0.027) 0.012 0.018 0.020 0.028 0.006 0.045 0.005 0.015 0.009 
  22   (0.014) 0.005 0.005 0.005 0.009 0.003 0.018 0.002 0.004 0.006 
  23   (0.033) 0.042 0.018 0.022 0.023 0.027 0.020 0.012 0.035 0.006 
  24   (0.032) 0.017 0.037 0.011 0.007 0.015 0.010 0.092 0.023 0.045 
  25   (0.013) 0.004 0.006 0.004 0.003 0.013 0.006 0.002 0.010 0.005 

Locus 11 : btms0086 
3 alleles
0.0% missing data
   1   (0.843) 0.914 0.843 0.910 0.778 0.707 0.804 0.973 0.843 0.925 
   2   (0.135) 0.053 0.138 0.084 0.205 0.290 0.189 0.024 0.149 0.067 
   3   (0.022) 0.034 0.019 0.006 0.017 0.004 0.007 0.003 0.008 0.008 

Locus 12 : bl13 
3 alleles
0.0% missing data
   1   (0.069) 0.028 0.033 0.026 0.234 0.031 0.033 0.017 0.040 0.345 
   2   (0.832) 0.845 0.894 0.851 0.747 0.868 0.932 0.664 0.889 0.597 
   3   (0.099) 0.127 0.073 0.122 0.019 0.101 0.034 0.319 0.072 0.058 

Locus 13 : btms0059 
9 alleles
0.0% missing data
   1   (0.346) 0.519 0.386 0.316 0.371 0.319 0.184 0.461 0.358 0.297 
   2   (0.107) 0.062 0.086 0.305 0.106 0.027 0.224 0.257 0.129 0.018 
   3   (0.064) 0.059 0.031 0.044 0.130 0.030 0.031 0.025 0.028 0.113 
   4   (0.055) 0.042 0.031 0.029 0.041 0.112 0.028 0.011 0.038 0.021 
   5   (0.078) 0.079 0.124 0.055 0.033 0.025 0.068 0.029 0.116 0.039 
   6   (0.301) 0.213 0.311 0.185 0.307 0.474 0.443 0.206 0.292 0.505 
   7   (0.015) 0.004 0.005 0.050 0.003 0.003 0.014 0.005 0.006 0.002 
   8   (0.023) 0.019 0.020 0.010 0.006 0.008 0.006 0.006 0.026 0.004 
   9   (0.011) 0.003 0.006 0.005 0.002 0.002 0.002 0.002 0.008 0.002 

Values of parameters used in structure:
DATAFILE=/Users/johnmola/Desktop/rpbbfeb27/rpbbstructure/project_data,	OUTFILE=/Users/johnmola/Desktop/rpbbfeb27/rpbbstructure/rpbb20k100k/Results/rpbb20k100k_run_85,	NUMINDS=231,	NUMLOCI=13,	MISSING=-9,	LABEL=1,	POPDATA=1,	POPFLAG=0,	PHENOTYPE=0,	EXTRACOLS=0,	MAXPOPS=9,	BURNIN=20000,	NUMREPS=100000,	USEPOPINFO=0,	INFERALPHA=1,	INFERLAMBDA=0,	POPSPECIFICLAMBDA=0,	POPALPHAS=0,	COMPUTEPROB=1,	NOADMIX=0,	ADMBURNIN=2500,	UPDATEFREQ=1,	PRINTLIKES=0,	INTERMEDSAVE=0,	PRINTKLD=0,	PRINTNET=0,	PRINTLAMBDA=0,	ANCESTDIST=0,	NUMBOXES=1000,	ANCESTPINT=0.90000,	GENSBACK=2,	MIGRPRIOR=0.05000,	PRINTQHAT=0,	PRINTQSUM=0,	ALPHA=1.0000,	FREQSCORR=1,	FPRIORMEAN=0.0100,	FPRIORSD=0.0500,	ONEFST=0,	LAMBDA=1.0000,	UNIFPRIORALPHA=1,	ALPHAMAX=10.0000,	ALPHAPRIORA=1.0000,	ALPHAPRIORB=2.0000,	ALPHAPROPSD=0.0250,	STARTATPOPINFO=0,	RANDOMIZE=1,	LINKAGE=0,	METROFREQ=10,	REPORTHITRATE=0,	MARKOVPHASE=-1,	PHASED=0,	PLOIDY=2,	PHASEINFO=0	LOCPRIOR=0, 	LOCPRIORINIT=1.000000, 	LOCDATA=0, 	LOCISPOP=0, 	LOCPRIORSTEP=0.100000, 	MAXLOCPRIOR=20.000000, 	SEED=1677523264,	
[STRAT parameters]:    NUMSIMSTATS=1000,	PHENOTYPECOL=-9,	POOLFREQ=10,	LOCUSxONLY=0,	EMERROR=0.00100,	MISSINGPHENO=-9,	