

----------------------------------------------------
STRUCTURE by Pritchard, Stephens and Donnelly (2000)
     and Falush, Stephens and Pritchard (2003)
       Code by Pritchard, Falush and Hubisz
             Version 2.3.4 (Jul 2012)
----------------------------------------------------



Command line arguments:   bin/structure -m "/Users/johnmola/Desktop/rpbbfeb27/rpbbstructure/rpbb20k100k/mainparams" -e "/Users/johnmola/Desktop/rpbbfeb27/rpbbstructure/rpbb20k100k/extraparams" 
Input File:    /Users/johnmola/Desktop/rpbbfeb27/rpbbstructure/project_data

Run parameters:
   231 individuals
   13 loci
   5 populations assumed
   20000 Burn-in period
   100000 Reps


--------------------------------------------
Proportion of membership of each pre-defined
 population in each of the 5 clusters

Given    Inferred Clusters                     Number of
 Pop       1      2      3      4      5      Individuals

  1:     0.044  0.064  0.849  0.025  0.018       21
  2:     0.379  0.253  0.026  0.325  0.018        7
  3:     0.333  0.442  0.105  0.059  0.060        7
  4:     0.125  0.414  0.077  0.323  0.061        8
  5:     0.198  0.368  0.245  0.137  0.052        4
  6:     0.349  0.302  0.055  0.166  0.127       35
  7:     0.291  0.352  0.111  0.175  0.071       40
  8:     0.263  0.367  0.083  0.154  0.133       19
  9:     0.077  0.455  0.284  0.129  0.055        4
 10:     0.339  0.081  0.056  0.176  0.347       11
 11:     0.031  0.194  0.158  0.600  0.017        8
 12:     0.131  0.088  0.062  0.311  0.408       60
 13:     0.221  0.499  0.089  0.138  0.052        7
--------------------------------------------

Allele-freq. divergence among pops (Net nucleotide distance),
computed using point estimates of P.

      1       2       3       4       5      
 1      -    0.0181  0.0228  0.0195  0.0247  
 2   0.0181     -    0.0248  0.0152  0.0253  
 3   0.0228  0.0248     -    0.0249  0.0308  
 4   0.0195  0.0152  0.0249     -    0.0213  
 5   0.0247  0.0253  0.0308  0.0213     -    

Average distances (expected heterozygosity) between individuals in same cluster:
cluster  1  : 0.6944 
cluster  2  : 0.6856 
cluster  3  : 0.6879 
cluster  4  : 0.6729 
cluster  5  : 0.6850 

--------------------------------------------
Estimated Ln Prob of Data   = -10053.7
Mean value of ln likelihood = -9653.9
Variance of ln likelihood   = 799.6
Mean value of alpha         = 0.0568

Mean value of Fst_1         = 0.0460
Mean value of Fst_2         = 0.0468
Mean value of Fst_3         = 0.0615
Mean value of Fst_4         = 0.0566
Mean value of Fst_5         = 0.0690


Inferred ancestry of individuals:
        Label (%Miss) Pop:  Inferred clusters
  1  BAFF014    (0)    1 :  0.012 0.013 0.960 0.008 0.006 
  2  BAFF379    (0)    2 :  0.052 0.084 0.016 0.833 0.015 
  3  BAFF212    (0)    3 :  0.741 0.078 0.035 0.063 0.083 
  4  BAFF018    (0)    4 :  0.025 0.026 0.011 0.919 0.019 
  5  BAFF247    (0)    4 :  0.110 0.458 0.014 0.386 0.031 
  6  BAFF024    (0)    5 :  0.335 0.558 0.030 0.023 0.055 
  7  BAFF088    (0)    6 :  0.876 0.024 0.013 0.050 0.037 
  8  BAFF429    (0)    6 :  0.535 0.299 0.025 0.113 0.028 
  9  BAFF087    (7)    7 :  0.969 0.007 0.010 0.007 0.008 
 10  BAFF225    (0)    7 :  0.497 0.386 0.053 0.037 0.027 
 11  BAFF195    (0)    8 :  0.075 0.110 0.031 0.770 0.013 
 12  BAFF238    (0)    9 :  0.060 0.696 0.152 0.048 0.045 
 13  BAFF019    (0)   10 :  0.083 0.014 0.038 0.033 0.833 
 14  BAFF175    (0)   10 :  0.312 0.174 0.016 0.198 0.300 
 15  BAFF156    (0)   11 :  0.007 0.006 0.005 0.975 0.007 
 16  BAFF301    (0)   11 :  0.023 0.029 0.911 0.016 0.022 
 17  BAFF141    (0)   12 :  0.014 0.019 0.577 0.375 0.015 
 18  BAFF302    (0)   12 :  0.027 0.857 0.026 0.035 0.055 
 19  BAFF290    (0)    1 :  0.016 0.024 0.924 0.020 0.015 
 20  BAFF498    (0)    6 :  0.151 0.279 0.340 0.145 0.085 
 21  BAFF455    (0)    7 :  0.797 0.074 0.033 0.049 0.047 
 22  BAFF203    (7)    8 :  0.909 0.034 0.011 0.033 0.013 
 23  BAFF056    (0)   12 :  0.012 0.022 0.024 0.012 0.930 
 24  BAFF327    (0)   12 :  0.045 0.039 0.085 0.485 0.346 
 25  BAFF255    (0)    1 :  0.010 0.013 0.959 0.010 0.009 
 26  BAFF256    (0)    1 :  0.011 0.008 0.962 0.006 0.012 
 27  BAFF257    (0)    1 :  0.008 0.008 0.972 0.006 0.006 
 28  BAFF260    (0)    1 :  0.016 0.012 0.956 0.006 0.009 
 29  BAFF259    (0)    1 :  0.009 0.009 0.956 0.011 0.016 
 30  BAFF261    (0)    1 :  0.011 0.009 0.961 0.010 0.010 
 31  BAFF274    (0)    1 :  0.026 0.038 0.895 0.025 0.015 
 32  BAFF262    (0)    1 :  0.024 0.011 0.945 0.011 0.010 
 33  BAFF294    (0)    1 :  0.022 0.008 0.955 0.007 0.008 
 34  BAFF292    (0)    1 :  0.010 0.139 0.823 0.016 0.012 
 35  BAFF296    (0)    1 :  0.010 0.105 0.854 0.016 0.016 
 36  BAFF295    (0)    1 :  0.023 0.034 0.917 0.013 0.013 
 37  BAFF298    (0)    1 :  0.014 0.017 0.942 0.012 0.015 
 38  BAFF299    (0)    1 :  0.013 0.008 0.948 0.008 0.022 
 39  BAFF375    (0)   13 :  0.017 0.925 0.031 0.013 0.014 
 40  BAFF376    (0)   13 :  0.076 0.842 0.025 0.018 0.038 
 41  BAFF377    (0)   13 :  0.011 0.945 0.022 0.011 0.011 
 42  BAFF022    (0)    5 :  0.063 0.299 0.502 0.119 0.017 
 43  BAFF021    (0)    5 :  0.133 0.266 0.387 0.154 0.061 
 44  BAFF499    (0)    6 :  0.017 0.065 0.010 0.033 0.874 
 45  BAFF204    (0)    8 :  0.049 0.671 0.014 0.200 0.067 
 46  BAFF068    (0)   12 :  0.011 0.017 0.046 0.019 0.907 
 47  BAFF336    (0)   12 :  0.056 0.026 0.021 0.432 0.466 
 48  BAFF447    (0)    7 :  0.044 0.822 0.011 0.105 0.018 
 49  BAFF457    (0)    7 :  0.011 0.896 0.028 0.053 0.012 
 50  BAFF448    (0)    7 :  0.576 0.109 0.092 0.211 0.011 
 51  BAFF465    (0)    7 :  0.913 0.023 0.014 0.035 0.015 
 52  BAFF194    (0)    8 :  0.073 0.854 0.037 0.022 0.013 
 53  BAFF199    (0)    8 :  0.042 0.270 0.032 0.628 0.028 
 54  BAFF500    (0)    6 :  0.197 0.172 0.462 0.029 0.140 
 55  BAFF206    (0)    8 :  0.340 0.386 0.054 0.090 0.130 
 56  BAFF069    (0)   12 :  0.019 0.014 0.012 0.022 0.934 
 57  BAFF330    (0)   12 :  0.806 0.019 0.018 0.133 0.024 
 58  BAFF239    (0)   10 :  0.026 0.011 0.047 0.119 0.798 
 59  BAFF241    (0)   10 :  0.013 0.009 0.059 0.022 0.897 
 60  BAFF157    (0)   11 :  0.010 0.012 0.007 0.962 0.009 
 61  BAFF161    (0)   11 :  0.010 0.009 0.006 0.967 0.009 
 62  BAFF160    (0)   11 :  0.011 0.010 0.006 0.966 0.007 
 63  BAFF008    (0)   12 :  0.739 0.037 0.044 0.037 0.143 
 64  BAFF013    (0)   12 :  0.897 0.026 0.016 0.047 0.014 
 65  BAFF407    (0)   12 :  0.017 0.010 0.011 0.024 0.938 
 66  BAFF503    (0)    6 :  0.248 0.012 0.007 0.022 0.710 
 67  BAFF449    (0)    7 :  0.847 0.013 0.018 0.047 0.076 
 68  BAFF207    (0)    8 :  0.085 0.154 0.021 0.011 0.729 
 69  BAFF070    (0)   12 :  0.014 0.016 0.009 0.016 0.945 
 70  BAFF335    (0)   12 :  0.037 0.015 0.016 0.668 0.263 
 71  BAFF507    (0)    6 :  0.022 0.885 0.059 0.023 0.011 
 72  BAFF450    (0)    7 :  0.057 0.237 0.209 0.437 0.060 
 73  BAFF209    (7)    8 :  0.247 0.589 0.050 0.068 0.047 
 74  BAFF072    (0)   12 :  0.019 0.014 0.010 0.916 0.042 
 75  BAFF339    (0)   12 :  0.026 0.178 0.019 0.058 0.719 
 76  BAFF508    (0)    6 :  0.021 0.025 0.055 0.886 0.014 
 77  BAFF451    (0)    7 :  0.061 0.880 0.013 0.023 0.023 
 78  BAFF210    (0)    8 :  0.218 0.175 0.100 0.023 0.484 
 79  BAFF139    (0)   12 :  0.034 0.804 0.071 0.072 0.019 
 80  BAFF341    (0)   12 :  0.130 0.204 0.032 0.588 0.045 
 81  BAFF509    (0)    6 :  0.885 0.031 0.034 0.013 0.036 
 82  BAFF453    (0)    7 :  0.284 0.301 0.013 0.040 0.362 
 83  BAFF389    (0)    8 :  0.030 0.770 0.088 0.103 0.010 
 84  BAFF163    (0)   12 :  0.020 0.006 0.005 0.007 0.962 
 85  BAFF344    (7)   12 :  0.042 0.066 0.011 0.346 0.535 
 86  BAFF510    (0)    6 :  0.314 0.423 0.014 0.203 0.047 
 87  BAFF456    (0)    7 :  0.013 0.903 0.023 0.029 0.033 
 88  BAFF390    (0)    8 :  0.039 0.932 0.011 0.009 0.009 
 89  BAFF142    (0)   12 :  0.015 0.024 0.636 0.225 0.100 
 90  BAFF363    (7)   12 :  0.014 0.008 0.008 0.034 0.935 
 91  BAFF517    (0)    6 :  0.017 0.926 0.008 0.024 0.025 
 92  BAFF458    (0)    7 :  0.499 0.100 0.186 0.133 0.083 
 93  BAFF391    (0)    8 :  0.043 0.067 0.366 0.141 0.382 
 94  BAFF149    (0)   12 :  0.015 0.059 0.015 0.714 0.198 
 95  BAFF366    (7)   12 :  0.010 0.408 0.015 0.379 0.187 
 96  BAFF512    (0)    6 :  0.322 0.284 0.225 0.109 0.060 
 97  BAFF460    (0)    7 :  0.016 0.316 0.023 0.591 0.055 
 98  BAFF138    (0)   12 :  0.011 0.018 0.050 0.662 0.258 
 99  BAFF374    (0)   12 :  0.683 0.018 0.034 0.030 0.235 
100  BAFF015    (0)    1 :  0.014 0.009 0.953 0.008 0.016 
101  BAFF380    (0)    2 :  0.596 0.023 0.023 0.313 0.046 
102  BAFF216    (0)    3 :  0.410 0.446 0.070 0.030 0.044 
103  BAFF017    (0)    4 :  0.028 0.885 0.042 0.007 0.038 
104  BAFF245    (0)    4 :  0.139 0.428 0.328 0.067 0.038 
105  BAFF378    (7)   13 :  0.091 0.307 0.390 0.187 0.025 
106  BAFF023    (0)    5 :  0.263 0.348 0.061 0.251 0.077 
107  BAFF079    (0)    6 :  0.251 0.619 0.047 0.039 0.044 
108  BAFF435    (0)    6 :  0.122 0.441 0.020 0.343 0.075 
109  BAFF174    (7)    7 :  0.374 0.454 0.012 0.041 0.119 
110  BAFF226    (0)    7 :  0.015 0.886 0.022 0.065 0.012 
111  BAFF190    (0)    8 :  0.764 0.020 0.022 0.109 0.085 
112  BAFF243    (0)    9 :  0.038 0.799 0.046 0.107 0.011 
113  BAFF177    (0)   10 :  0.882 0.046 0.030 0.030 0.012 
114  BAFF364    (7)   11 :  0.137 0.043 0.019 0.775 0.027 
115  BAFF305    (0)   12 :  0.028 0.062 0.038 0.636 0.237 
116  BAFF513    (0)    6 :  0.861 0.045 0.058 0.016 0.021 
117  BAFF462    (0)    7 :  0.189 0.019 0.685 0.030 0.076 
118  BAFF143    (0)   12 :  0.038 0.156 0.009 0.539 0.258 
119  BAFF403    (0)   12 :  0.010 0.008 0.008 0.010 0.964 
120  BAFF514    (0)    6 :  0.639 0.018 0.013 0.021 0.309 
121  BAFF463    (0)    7 :  0.968 0.008 0.008 0.009 0.006 
122  BAFF137    (0)   12 :  0.615 0.021 0.020 0.240 0.104 
123  BAFF404    (0)   12 :  0.010 0.011 0.014 0.020 0.944 
124  BAFF515    (0)    6 :  0.655 0.158 0.025 0.119 0.043 
125  BAFF144    (0)   12 :  0.328 0.026 0.021 0.531 0.094 
126  BAFF405    (7)   12 :  0.084 0.018 0.047 0.696 0.155 
127  BAFF518    (0)    6 :  0.016 0.035 0.022 0.093 0.833 
128  BAFF467    (0)    7 :  0.438 0.377 0.044 0.092 0.049 
129  BAFF145    (0)   12 :  0.032 0.048 0.055 0.848 0.017 
130  BAFF406    (0)   12 :  0.048 0.017 0.009 0.686 0.240 
131  BAFF519    (0)    6 :  0.132 0.731 0.017 0.100 0.020 
132  BAFF471    (0)    7 :  0.377 0.180 0.098 0.285 0.061 
133  BAFF136    (0)   12 :  0.049 0.026 0.006 0.028 0.891 
134  BAFF520    (7)    6 :  0.228 0.460 0.087 0.090 0.135 
135  BAFF472    (0)    7 :  0.420 0.129 0.068 0.323 0.061 
136  BAFF165    (0)   12 :  0.020 0.689 0.101 0.060 0.130 
137  BAFF408    (0)   12 :  0.018 0.019 0.050 0.698 0.214 
138  BAFF522    (0)    6 :  0.897 0.017 0.030 0.021 0.035 
139  BAFF475    (0)    7 :  0.053 0.812 0.011 0.082 0.042 
140  BAFF140    (0)   12 :  0.283 0.078 0.025 0.463 0.151 
141  BAFF409    (0)   12 :  0.049 0.013 0.103 0.015 0.821 
142  BAFF523    (0)    6 :  0.867 0.022 0.017 0.085 0.009 
143  BAFF476    (0)    7 :  0.017 0.687 0.012 0.254 0.030 
144  BAFF147    (0)   12 :  0.174 0.035 0.021 0.287 0.483 
145  BAFF410    (0)   12 :  0.013 0.053 0.024 0.039 0.871 
146  BAFF477    (0)    7 :  0.025 0.711 0.168 0.085 0.011 
147  BAFF411    (0)   12 :  0.018 0.034 0.611 0.168 0.168 
148  BAFF486    (7)    7 :  0.012 0.654 0.014 0.310 0.010 
149  BAFF412    (7)   12 :  0.100 0.035 0.063 0.021 0.781 
150  BAFF258    (0)    1 :  0.512 0.042 0.373 0.042 0.031 
151  BAFF392    (0)    2 :  0.968 0.009 0.006 0.010 0.007 
152  BAFF217    (0)    3 :  0.019 0.899 0.017 0.045 0.020 
153  BAFF016    (0)    4 :  0.027 0.665 0.007 0.239 0.061 
154  BAFF246    (0)    4 :  0.100 0.813 0.012 0.040 0.035 
155  BAFF381    (0)   13 :  0.067 0.408 0.020 0.382 0.122 
156  BAFF078    (0)    6 :  0.017 0.009 0.008 0.921 0.046 
157  BAFF481    (0)    6 :  0.188 0.286 0.061 0.345 0.121 
158  BAFF436    (0)    7 :  0.665 0.087 0.115 0.055 0.078 
159  BAFF191    (0)    8 :  0.220 0.732 0.015 0.012 0.022 
160  BAFF382    (0)    9 :  0.188 0.309 0.011 0.345 0.147 
161  BAFF178    (0)   10 :  0.877 0.047 0.010 0.011 0.055 
162  BAFF159    (7)   11 :  0.025 0.904 0.025 0.019 0.027 
163  BAFF365    (7)   11 :  0.024 0.540 0.288 0.119 0.029 
164  BAFF007    (0)   12 :  0.049 0.145 0.141 0.626 0.039 
165  BAFF304    (7)   12 :  0.016 0.036 0.018 0.814 0.116 
166  BAFF487    (0)    7 :  0.582 0.114 0.065 0.182 0.057 
167  BAFF415    (0)   12 :  0.049 0.068 0.082 0.085 0.716 
168  BAFF488    (0)    7 :  0.025 0.145 0.790 0.022 0.017 
169  BAFF417    (0)   12 :  0.050 0.033 0.019 0.349 0.549 
170  BAFF489    (0)    7 :  0.126 0.135 0.014 0.660 0.066 
171  BAFF426    (0)   12 :  0.019 0.013 0.020 0.010 0.937 
172  BAFF490    (7)    7 :  0.152 0.524 0.034 0.274 0.016 
173  BAFF491    (0)    7 :  0.489 0.187 0.087 0.224 0.013 
174  BAFF492    (0)    7 :  0.076 0.595 0.015 0.271 0.043 
175  BAFF493    (0)    7 :  0.177 0.039 0.710 0.035 0.039 
176  BAFF506    (0)    7 :  0.489 0.055 0.357 0.073 0.026 
177  BAFF393    (0)    2 :  0.025 0.090 0.024 0.850 0.012 
178  BAFF218    (0)    3 :  0.077 0.792 0.065 0.040 0.026 
179  BAFF254    (0)    4 :  0.022 0.014 0.039 0.912 0.012 
180  BAFF385    (0)   13 :  0.437 0.032 0.110 0.295 0.127 
181  BAFF076    (0)    6 :  0.951 0.009 0.014 0.012 0.015 
182  BAFF482    (0)    6 :  0.232 0.234 0.014 0.402 0.118 
183  BAFF437    (0)    7 :  0.032 0.837 0.058 0.041 0.032 
184  BAFF192    (0)    8 :  0.431 0.073 0.027 0.451 0.017 
185  BAFF383    (0)    9 :  0.023 0.019 0.926 0.016 0.017 
186  BAFF180    (0)   10 :  0.622 0.165 0.010 0.019 0.184 
187  BAFF048    (7)   12 :  0.339 0.040 0.179 0.422 0.021 
188  BAFF306    (0)   12 :  0.101 0.106 0.015 0.665 0.114 
189  BAFF394    (0)    2 :  0.071 0.703 0.055 0.149 0.023 
190  BAFF219    (0)    3 :  0.052 0.855 0.014 0.053 0.027 
191  BAFF388    (0)    4 :  0.552 0.021 0.164 0.015 0.249 
192  BAFF386    (7)   13 :  0.849 0.036 0.029 0.058 0.028 
193  BAFF084    (0)    6 :  0.015 0.038 0.013 0.924 0.009 
194  BAFF483    (0)    6 :  0.635 0.141 0.046 0.049 0.129 
195  BAFF438   (15)    7 :  0.067 0.042 0.018 0.814 0.058 
196  BAFF193    (0)    8 :  0.170 0.101 0.643 0.059 0.027 
197  BAFF183    (0)   10 :  0.116 0.315 0.321 0.093 0.156 
198  BAFF153    (0)   12 :  0.014 0.014 0.010 0.707 0.256 
199  BAFF307    (0)   12 :  0.027 0.023 0.015 0.887 0.048 
200  BAFF397    (0)    2 :  0.007 0.854 0.014 0.110 0.016 
201  BAFF220    (0)    3 :  0.947 0.012 0.011 0.017 0.013 
202  BAFF095    (0)    6 :  0.915 0.012 0.046 0.013 0.014 
203  BAFF494    (0)    6 :  0.801 0.073 0.008 0.091 0.027 
204  BAFF439    (0)    7 :  0.031 0.134 0.018 0.082 0.735 
205  BAFF182    (0)   10 :  0.699 0.034 0.031 0.065 0.172 
206  BAFF054    (0)   12 :  0.009 0.008 0.007 0.010 0.966 
207  BAFF308    (0)   12 :  0.061 0.045 0.031 0.699 0.164 
208  BAFF266    (0)    1 :  0.066 0.188 0.405 0.242 0.099 
209  BAFF398    (7)    2 :  0.933 0.008 0.044 0.008 0.006 
210  BAFF221    (0)    3 :  0.088 0.013 0.523 0.166 0.210 
211  BAFF090    (0)    6 :  0.150 0.026 0.075 0.430 0.319 
212  BAFF495    (0)    6 :  0.017 0.944 0.013 0.013 0.014 
213  BAFF459    (0)    7 :  0.015 0.934 0.010 0.029 0.013 
214  BAFF197    (0)    8 :  0.025 0.624 0.023 0.051 0.277 
215  BAFF188    (0)   10 :  0.031 0.052 0.044 0.473 0.400 
216  BAFF051    (0)   12 :  0.127 0.078 0.036 0.034 0.726 
217  BAFF309    (0)   12 :  0.366 0.280 0.029 0.300 0.024 
218  BAFF269    (0)    1 :  0.058 0.626 0.256 0.035 0.025 
219  BAFF077    (0)    6 :  0.007 0.954 0.013 0.012 0.014 
220  BAFF496    (0)    6 :  0.015 0.947 0.016 0.009 0.012 
221  BAFF443    (0)    7 :  0.128 0.164 0.245 0.176 0.287 
222  BAFF198    (0)    8 :  0.458 0.350 0.020 0.051 0.120 
223  BAFF053    (0)   12 :  0.015 0.062 0.030 0.572 0.321 
224  BAFF310    (0)   12 :  0.016 0.027 0.025 0.105 0.827 
225  BAFF282    (0)    1 :  0.034 0.023 0.910 0.017 0.015 
226  BAFF497    (0)    6 :  0.015 0.942 0.012 0.013 0.019 
227  BAFF466    (0)    7 :  0.132 0.116 0.020 0.686 0.045 
228  BAFF200    (7)    8 :  0.778 0.066 0.016 0.089 0.052 
229  BAFF240    (0)   10 :  0.073 0.028 0.014 0.872 0.012 
230  BAFF055    (0)   12 :  0.030 0.017 0.028 0.035 0.890 
231  BAFF311    (7)   12 :  0.942 0.014 0.023 0.013 0.008 


Estimated Allele Frequencies in each cluster
First column gives estimated ancestral frequencies


Locus 1 : btern01 
9 alleles
0.0% missing data
   1   (0.141) 0.156 0.164 0.124 0.147 0.066 
   2   (0.017) 0.005 0.005 0.028 0.004 0.004 
   3   (0.155) 0.120 0.252 0.080 0.189 0.114 
   4   (0.212) 0.204 0.191 0.206 0.248 0.180 
   5   (0.290) 0.212 0.254 0.410 0.347 0.332 
   6   (0.076) 0.059 0.060 0.037 0.029 0.271 
   7   (0.057) 0.189 0.015 0.079 0.021 0.023 
   8   (0.016) 0.003 0.008 0.028 0.003 0.003 
   9   (0.035) 0.054 0.051 0.008 0.013 0.008 

Locus 2 : bt28 
5 alleles
0.0% missing data
   1   (0.666) 0.591 0.712 0.742 0.704 0.716 
   2   (0.150) 0.191 0.128 0.169 0.081 0.115 
   3   (0.149) 0.211 0.087 0.066 0.206 0.162 
   4   (0.023) 0.005 0.071 0.010 0.007 0.005 
   5   (0.012) 0.002 0.002 0.013 0.002 0.002 

Locus 3 : b96 
8 alleles
0.9% missing data
   1   (0.323) 0.354 0.317 0.353 0.309 0.352 
   2   (0.483) 0.530 0.588 0.481 0.496 0.483 
   3   (0.042) 0.032 0.013 0.012 0.084 0.039 
   4   (0.017) 0.004 0.004 0.007 0.033 0.003 
   5   (0.051) 0.039 0.032 0.024 0.030 0.044 
   6   (0.029) 0.029 0.005 0.068 0.009 0.007 
   7   (0.040) 0.010 0.039 0.052 0.037 0.017 
   8   (0.015) 0.003 0.003 0.004 0.002 0.054 

Locus 4 : bt30 
12 alleles
0.9% missing data
   1   (0.115) 0.159 0.061 0.238 0.058 0.115 
   2   (0.280) 0.287 0.335 0.297 0.302 0.256 
   3   (0.075) 0.048 0.157 0.027 0.092 0.045 
   4   (0.185) 0.221 0.155 0.150 0.207 0.232 
   5   (0.013) 0.017 0.003 0.003 0.002 0.003 
   6   (0.100) 0.171 0.123 0.090 0.046 0.056 
   7   (0.034) 0.011 0.020 0.022 0.018 0.041 
   8   (0.049) 0.013 0.029 0.038 0.060 0.063 
   9   (0.107) 0.041 0.101 0.080 0.206 0.180 
  10   (0.013) 0.002 0.002 0.049 0.002 0.002 
  11   (0.017) 0.027 0.005 0.004 0.005 0.006 
  12   (0.011) 0.002 0.009 0.002 0.002 0.002 

Locus 5 : btms0081 
3 alleles
0.9% missing data
   1   (0.500) 0.586 0.484 0.604 0.516 0.326 
   2   (0.343) 0.294 0.394 0.219 0.376 0.449 
   3   (0.157) 0.121 0.121 0.177 0.107 0.225 

Locus 6 : btms0066 
24 alleles
0.0% missing data
   1   (0.257) 0.312 0.213 0.378 0.292 0.341 
   2   (0.018) 0.004 0.006 0.053 0.005 0.003 
   3   (0.032) 0.021 0.014 0.007 0.092 0.022 
   4   (0.150) 0.249 0.269 0.079 0.087 0.166 
   5   (0.093) 0.052 0.142 0.070 0.128 0.116 
   6   (0.057) 0.142 0.041 0.015 0.058 0.026 
   7   (0.021) 0.034 0.004 0.016 0.005 0.003 
   8   (0.055) 0.018 0.078 0.068 0.032 0.031 
   9   (0.019) 0.006 0.004 0.004 0.130 0.004 
  10   (0.032) 0.009 0.017 0.117 0.024 0.006 
  11   (0.022) 0.008 0.004 0.113 0.005 0.012 
  12   (0.027) 0.006 0.116 0.009 0.007 0.017 
  13   (0.024) 0.017 0.005 0.006 0.031 0.014 
  14   (0.020) 0.005 0.003 0.004 0.031 0.031 
  15   (0.017) 0.004 0.041 0.007 0.006 0.004 
  16   (0.034) 0.039 0.007 0.010 0.017 0.071 
  17   (0.023) 0.007 0.005 0.015 0.014 0.059 
  18   (0.011) 0.002 0.002 0.002 0.002 0.023 
  19   (0.016) 0.009 0.003 0.003 0.015 0.010 
  20   (0.023) 0.024 0.016 0.006 0.005 0.009 
  21   (0.016) 0.020 0.003 0.007 0.007 0.004 
  22   (0.011) 0.009 0.002 0.002 0.002 0.002 
  23   (0.012) 0.002 0.002 0.002 0.002 0.023 
  24   (0.011) 0.003 0.003 0.007 0.004 0.003 

Locus 7 : btms0083 
31 alleles
3.0% missing data
   1   (0.015) 0.003 0.002 0.166 0.003 0.004 
   2   (0.023) 0.005 0.004 0.092 0.024 0.005 
   3   (0.028) 0.052 0.008 0.007 0.055 0.008 
   4   (0.042) 0.042 0.017 0.048 0.046 0.013 
   5   (0.201) 0.320 0.143 0.234 0.231 0.249 
   6   (0.018) 0.031 0.006 0.010 0.007 0.006 
   7   (0.064) 0.023 0.063 0.034 0.100 0.149 
   8   (0.044) 0.017 0.063 0.025 0.057 0.032 
   9   (0.032) 0.061 0.030 0.008 0.020 0.008 
  10   (0.023) 0.087 0.007 0.007 0.008 0.017 
  11   (0.049) 0.027 0.135 0.019 0.144 0.010 
  12   (0.018) 0.006 0.008 0.036 0.003 0.004 
  13   (0.047) 0.022 0.085 0.011 0.051 0.075 
  14   (0.032) 0.017 0.111 0.010 0.034 0.007 
  15   (0.032) 0.024 0.039 0.023 0.012 0.008 
  16   (0.028) 0.063 0.010 0.038 0.009 0.006 
  17   (0.035) 0.016 0.126 0.065 0.008 0.007 
  18   (0.048) 0.053 0.019 0.046 0.025 0.108 
  19   (0.016) 0.004 0.004 0.010 0.004 0.089 
  20   (0.024) 0.007 0.010 0.005 0.050 0.062 
  21   (0.011) 0.002 0.002 0.025 0.002 0.002 
  22   (0.013) 0.003 0.003 0.022 0.003 0.003 
  23   (0.015) 0.003 0.014 0.019 0.003 0.003 
  24   (0.010) 0.002 0.002 0.002 0.002 0.011 
  25   (0.034) 0.066 0.015 0.008 0.031 0.011 
  26   (0.015) 0.005 0.046 0.003 0.003 0.003 
  27   (0.029) 0.016 0.012 0.006 0.019 0.060 
  28   (0.017) 0.008 0.005 0.006 0.035 0.004 
  29   (0.014) 0.008 0.005 0.008 0.005 0.003 
  30   (0.014) 0.004 0.002 0.003 0.004 0.031 
  31   (0.012) 0.003 0.007 0.005 0.002 0.002 

Locus 8 : b126 
16 alleles
0.0% missing data
   1   (0.042) 0.057 0.029 0.039 0.011 0.014 
   2   (0.042) 0.015 0.079 0.116 0.014 0.008 
   3   (0.305) 0.292 0.348 0.232 0.468 0.412 
   4   (0.033) 0.019 0.052 0.015 0.015 0.009 
   5   (0.079) 0.139 0.061 0.040 0.053 0.064 
   6   (0.065) 0.023 0.091 0.024 0.086 0.146 
   7   (0.102) 0.161 0.073 0.023 0.174 0.125 
   8   (0.032) 0.010 0.029 0.009 0.011 0.062 
   9   (0.013) 0.027 0.002 0.002 0.002 0.002 
  10   (0.042) 0.086 0.022 0.025 0.008 0.037 
  11   (0.091) 0.047 0.072 0.336 0.105 0.035 
  12   (0.032) 0.009 0.014 0.042 0.016 0.026 
  13   (0.070) 0.065 0.075 0.085 0.024 0.047 
  14   (0.021) 0.011 0.040 0.005 0.004 0.004 
  15   (0.016) 0.020 0.004 0.003 0.005 0.005 
  16   (0.017) 0.020 0.009 0.003 0.003 0.003 

Locus 9 : btms0062 
34 alleles
0.0% missing data
   1   (0.030) 0.056 0.008 0.071 0.016 0.008 
   2   (0.053) 0.040 0.113 0.092 0.030 0.016 
   3   (0.083) 0.044 0.063 0.110 0.181 0.091 
   4   (0.099) 0.195 0.101 0.060 0.098 0.164 
   5   (0.057) 0.063 0.056 0.043 0.119 0.022 
   6   (0.026) 0.011 0.029 0.010 0.032 0.007 
   7   (0.013) 0.005 0.008 0.003 0.007 0.003 
   8   (0.015) 0.005 0.068 0.006 0.008 0.004 
   9   (0.045) 0.034 0.076 0.021 0.049 0.016 
  10   (0.051) 0.060 0.065 0.051 0.017 0.056 
  11   (0.061) 0.129 0.045 0.024 0.118 0.053 
  12   (0.047) 0.082 0.103 0.012 0.018 0.047 
  13   (0.049) 0.097 0.034 0.031 0.028 0.023 
  14   (0.040) 0.016 0.037 0.015 0.032 0.213 
  15   (0.020) 0.010 0.008 0.004 0.053 0.028 
  16   (0.018) 0.004 0.003 0.004 0.034 0.016 
  17   (0.019) 0.010 0.004 0.119 0.003 0.003 
  18   (0.014) 0.022 0.006 0.003 0.003 0.003 
  19   (0.041) 0.020 0.039 0.074 0.010 0.081 
  20   (0.010) 0.002 0.002 0.025 0.002 0.002 
  21   (0.028) 0.024 0.035 0.046 0.012 0.005 
  22   (0.015) 0.003 0.006 0.085 0.005 0.004 
  23   (0.012) 0.003 0.002 0.023 0.002 0.002 
  24   (0.016) 0.005 0.041 0.004 0.004 0.007 
  25   (0.011) 0.004 0.005 0.014 0.003 0.003 
  26   (0.030) 0.028 0.012 0.025 0.025 0.058 
  27   (0.020) 0.012 0.004 0.004 0.041 0.008 
  28   (0.009) 0.002 0.002 0.002 0.014 0.006 
  29   (0.011) 0.002 0.003 0.005 0.014 0.002 
  30   (0.011) 0.002 0.002 0.002 0.002 0.023 
  31   (0.011) 0.002 0.007 0.002 0.010 0.003 
  32   (0.008) 0.005 0.002 0.002 0.005 0.001 
  33   (0.012) 0.003 0.007 0.005 0.002 0.002 
  34   (0.013) 0.002 0.002 0.003 0.004 0.021 

Locus 10 : btern02 
25 alleles
4.8% missing data
   1   (0.105) 0.094 0.135 0.128 0.140 0.076 
   2   (0.011) 0.002 0.002 0.013 0.002 0.002 
   3   (0.071) 0.109 0.121 0.027 0.123 0.026 
   4   (0.050) 0.128 0.044 0.017 0.011 0.082 
   5   (0.028) 0.026 0.016 0.014 0.033 0.007 
   6   (0.048) 0.047 0.034 0.033 0.105 0.020 
   7   (0.028) 0.027 0.013 0.006 0.008 0.115 
   8   (0.039) 0.022 0.020 0.083 0.040 0.010 
   9   (0.074) 0.099 0.028 0.101 0.107 0.076 
  10   (0.028) 0.017 0.095 0.008 0.027 0.007 
  11   (0.058) 0.025 0.092 0.027 0.061 0.092 
  12   (0.038) 0.013 0.042 0.109 0.022 0.010 
  13   (0.049) 0.062 0.051 0.045 0.009 0.042 
  14   (0.054) 0.039 0.042 0.132 0.012 0.105 
  15   (0.013) 0.002 0.002 0.002 0.057 0.002 
  16   (0.047) 0.023 0.056 0.053 0.023 0.047 
  17   (0.030) 0.033 0.017 0.010 0.017 0.046 
  18   (0.045) 0.026 0.063 0.015 0.019 0.153 
  19   (0.034) 0.077 0.012 0.008 0.079 0.014 
  20   (0.039) 0.054 0.055 0.053 0.008 0.009 
  21   (0.023) 0.006 0.015 0.050 0.012 0.010 
  22   (0.013) 0.003 0.003 0.018 0.003 0.006 
  23   (0.031) 0.030 0.031 0.035 0.015 0.006 
  24   (0.032) 0.022 0.007 0.007 0.063 0.031 
  25   (0.012) 0.014 0.004 0.003 0.003 0.005 

Locus 11 : btms0086 
3 alleles
0.0% missing data
   1   (0.834) 0.784 0.851 0.790 0.920 0.913 
   2   (0.143) 0.212 0.145 0.178 0.063 0.073 
   3   (0.023) 0.004 0.004 0.031 0.017 0.014 

Locus 12 : bl13 
3 alleles
0.0% missing data
   1   (0.080) 0.045 0.027 0.171 0.025 0.249 
   2   (0.823) 0.855 0.881 0.808 0.804 0.688 
   3   (0.097) 0.100 0.092 0.021 0.171 0.063 

Locus 13 : btms0059 
9 alleles
0.0% missing data
   1   (0.338) 0.341 0.294 0.388 0.456 0.327 
   2   (0.106) 0.061 0.246 0.127 0.115 0.024 
   3   (0.066) 0.038 0.020 0.101 0.057 0.089 
   4   (0.053) 0.083 0.033 0.045 0.019 0.022 
   5   (0.078) 0.043 0.104 0.037 0.084 0.061 
   6   (0.307) 0.410 0.259 0.284 0.243 0.464 
   7   (0.015) 0.003 0.030 0.004 0.004 0.003 
   8   (0.025) 0.018 0.010 0.009 0.020 0.006 
   9   (0.011) 0.003 0.004 0.006 0.002 0.003 

Values of parameters used in structure:
DATAFILE=/Users/johnmola/Desktop/rpbbfeb27/rpbbstructure/project_data,	OUTFILE=/Users/johnmola/Desktop/rpbbfeb27/rpbbstructure/rpbb20k100k/Results/rpbb20k100k_run_41,	NUMINDS=231,	NUMLOCI=13,	MISSING=-9,	LABEL=1,	POPDATA=1,	POPFLAG=0,	PHENOTYPE=0,	EXTRACOLS=0,	MAXPOPS=5,	BURNIN=20000,	NUMREPS=100000,	USEPOPINFO=0,	INFERALPHA=1,	INFERLAMBDA=0,	POPSPECIFICLAMBDA=0,	POPALPHAS=0,	COMPUTEPROB=1,	NOADMIX=0,	ADMBURNIN=2500,	UPDATEFREQ=1,	PRINTLIKES=0,	INTERMEDSAVE=0,	PRINTKLD=0,	PRINTNET=0,	PRINTLAMBDA=0,	ANCESTDIST=0,	NUMBOXES=1000,	ANCESTPINT=0.90000,	GENSBACK=2,	MIGRPRIOR=0.05000,	PRINTQHAT=0,	PRINTQSUM=0,	ALPHA=1.0000,	FREQSCORR=1,	FPRIORMEAN=0.0100,	FPRIORSD=0.0500,	ONEFST=0,	LAMBDA=1.0000,	UNIFPRIORALPHA=1,	ALPHAMAX=10.0000,	ALPHAPRIORA=1.0000,	ALPHAPRIORB=2.0000,	ALPHAPROPSD=0.0250,	STARTATPOPINFO=0,	RANDOMIZE=1,	LINKAGE=0,	METROFREQ=10,	REPORTHITRATE=0,	MARKOVPHASE=-1,	PHASED=0,	PLOIDY=2,	PHASEINFO=0	LOCPRIOR=0, 	LOCPRIORINIT=1.000000, 	LOCDATA=0, 	LOCISPOP=0, 	LOCPRIORSTEP=0.100000, 	MAXLOCPRIOR=20.000000, 	SEED=1677519400,	
[STRAT parameters]:    NUMSIMSTATS=1000,	PHENOTYPECOL=-9,	POOLFREQ=10,	LOCUSxONLY=0,	EMERROR=0.00100,	MISSINGPHENO=-9,	