

----------------------------------------------------
STRUCTURE by Pritchard, Stephens and Donnelly (2000)
     and Falush, Stephens and Pritchard (2003)
       Code by Pritchard, Falush and Hubisz
             Version 2.3.4 (Jul 2012)
----------------------------------------------------



Command line arguments:   bin/structure -m "/Users/johnmola/Desktop/rpbbfeb27/rpbbstructure/rpbb20k100k/mainparams" -e "/Users/johnmola/Desktop/rpbbfeb27/rpbbstructure/rpbb20k100k/extraparams" 
Input File:    /Users/johnmola/Desktop/rpbbfeb27/rpbbstructure/project_data

Run parameters:
   231 individuals
   13 loci
   10 populations assumed
   20000 Burn-in period
   100000 Reps


--------------------------------------------
Proportion of membership of each pre-defined
 population in each of the 10 clusters

Given    Inferred Clusters                                                        Number of
 Pop       1      2      3      4      5      6      7      8      9     10      Individuals

  1:     0.014  0.042  0.714  0.043  0.033  0.014  0.029  0.021  0.059  0.031       21
  2:     0.012  0.150  0.018  0.111  0.112  0.095  0.235  0.110  0.038  0.119        7
  3:     0.021  0.141  0.052  0.162  0.112  0.068  0.178  0.042  0.123  0.101        7
  4:     0.049  0.118  0.045  0.222  0.110  0.054  0.024  0.180  0.060  0.136        8
  5:     0.021  0.161  0.041  0.217  0.211  0.010  0.033  0.130  0.035  0.141        4
  6:     0.076  0.145  0.033  0.165  0.091  0.047  0.081  0.055  0.101  0.207       35
  7:     0.028  0.243  0.060  0.148  0.111  0.033  0.121  0.072  0.071  0.113       40
  8:     0.078  0.119  0.036  0.093  0.101  0.063  0.109  0.060  0.161  0.180       19
  9:     0.024  0.181  0.177  0.143  0.116  0.038  0.096  0.065  0.133  0.027        4
 10:     0.122  0.063  0.019  0.069  0.193  0.075  0.142  0.045  0.052  0.219       11
 11:     0.012  0.050  0.123  0.128  0.071  0.541  0.020  0.022  0.013  0.020        8
 12:     0.289  0.072  0.029  0.051  0.125  0.042  0.044  0.228  0.029  0.092       60
 13:     0.016  0.155  0.034  0.054  0.093  0.013  0.126  0.040  0.401  0.068        7
--------------------------------------------

Allele-freq. divergence among pops (Net nucleotide distance),
computed using point estimates of P.

      1       2       3       4       5       6       7       8       9      10      
 1      -    0.0351  0.0497  0.0439  0.0306  0.0858  0.0474  0.0406  0.0634  0.0370  
 2   0.0351     -    0.0324  0.0140  0.0097  0.0600  0.0238  0.0259  0.0411  0.0165  
 3   0.0497  0.0324     -    0.0367  0.0356  0.0877  0.0479  0.0423  0.0754  0.0360  
 4   0.0439  0.0140  0.0367     -    0.0171  0.0564  0.0370  0.0298  0.0484  0.0221  
 5   0.0306  0.0097  0.0356  0.0171     -    0.0598  0.0264  0.0180  0.0446  0.0205  
 6   0.0858  0.0600  0.0877  0.0564  0.0598     -    0.0689  0.0704  0.1007  0.0720  
 7   0.0474  0.0238  0.0479  0.0370  0.0264  0.0689     -    0.0483  0.0663  0.0298  
 8   0.0406  0.0259  0.0423  0.0298  0.0180  0.0704  0.0483     -    0.0654  0.0305  
 9   0.0634  0.0411  0.0754  0.0484  0.0446  0.1007  0.0663  0.0654     -    0.0540  
10   0.0370  0.0165  0.0360  0.0221  0.0205  0.0720  0.0298  0.0305  0.0540     -    

Average distances (expected heterozygosity) between individuals in same cluster:
cluster  1  : 0.6736 
cluster  2  : 0.6816 
cluster  3  : 0.6831 
cluster  4  : 0.6852 
cluster  5  : 0.6733 
cluster  6  : 0.5986 
cluster  7  : 0.6607 
cluster  8  : 0.6607 
cluster  9  : 0.6070 
cluster 10  : 0.6932 

--------------------------------------------
Estimated Ln Prob of Data   = -9916.2
Mean value of ln likelihood = -9124.4
Variance of ln likelihood   = 1583.7
Mean value of alpha         = 0.0525

Mean value of Fst_1         = 0.1099
Mean value of Fst_2         = 0.0737
Mean value of Fst_3         = 0.1022
Mean value of Fst_4         = 0.0819
Mean value of Fst_5         = 0.0919
Mean value of Fst_6         = 0.2549
Mean value of Fst_7         = 0.1517
Mean value of Fst_8         = 0.1008
Mean value of Fst_9         = 0.1796
Mean value of Fst_10         = 0.0752


Inferred ancestry of individuals:
        Label (%Miss) Pop:  Inferred clusters
  1  BAFF014    (0)    1 :  0.005 0.016 0.881 0.024 0.015 0.008 0.008 0.010 0.014 0.018 
  2  BAFF379    (0)    2 :  0.012 0.189 0.013 0.129 0.217 0.042 0.060 0.243 0.049 0.045 
  3  BAFF212    (0)    3 :  0.040 0.246 0.014 0.051 0.050 0.013 0.012 0.020 0.031 0.524 
  4  BAFF018    (0)    4 :  0.016 0.218 0.007 0.022 0.107 0.025 0.012 0.560 0.006 0.027 
  5  BAFF247    (0)    4 :  0.014 0.232 0.008 0.061 0.207 0.010 0.017 0.377 0.011 0.064 
  6  BAFF024    (0)    5 :  0.040 0.032 0.019 0.438 0.042 0.009 0.037 0.036 0.063 0.285 
  7  BAFF088    (0)    6 :  0.019 0.067 0.010 0.025 0.023 0.029 0.031 0.022 0.012 0.763 
  8  BAFF429    (0)    6 :  0.014 0.071 0.017 0.273 0.133 0.039 0.082 0.099 0.143 0.128 
  9  BAFF087    (7)    7 :  0.006 0.110 0.008 0.006 0.006 0.006 0.010 0.005 0.007 0.836 
 10  BAFF225    (0)    7 :  0.016 0.208 0.035 0.074 0.057 0.008 0.062 0.015 0.099 0.426 
 11  BAFF195    (0)    8 :  0.017 0.087 0.043 0.113 0.058 0.422 0.048 0.104 0.042 0.066 
 12  BAFF238    (0)    9 :  0.028 0.105 0.096 0.079 0.138 0.022 0.075 0.022 0.381 0.054 
 13  BAFF019    (0)   10 :  0.750 0.022 0.024 0.025 0.048 0.018 0.052 0.020 0.007 0.034 
 14  BAFF175    (0)   10 :  0.035 0.101 0.010 0.063 0.303 0.022 0.188 0.085 0.091 0.101 
 15  BAFF156    (0)   11 :  0.006 0.006 0.005 0.005 0.007 0.948 0.007 0.007 0.005 0.005 
 16  BAFF301    (0)   11 :  0.020 0.019 0.806 0.038 0.019 0.008 0.011 0.016 0.028 0.035 
 17  BAFF141    (0)   12 :  0.005 0.139 0.068 0.030 0.124 0.006 0.008 0.604 0.005 0.012 
 18  BAFF302    (0)   12 :  0.037 0.065 0.016 0.724 0.070 0.012 0.016 0.021 0.016 0.023 
 19  BAFF290    (0)    1 :  0.011 0.039 0.658 0.019 0.066 0.005 0.021 0.071 0.096 0.014 
 20  BAFF498    (0)    6 :  0.060 0.196 0.223 0.172 0.071 0.056 0.099 0.038 0.037 0.048 
 21  BAFF455    (0)    7 :  0.018 0.065 0.019 0.015 0.118 0.009 0.640 0.013 0.060 0.042 
 22  BAFF203    (7)    8 :  0.012 0.102 0.008 0.021 0.040 0.011 0.567 0.038 0.027 0.174 
 23  BAFF056    (0)   12 :  0.837 0.051 0.015 0.013 0.019 0.004 0.008 0.019 0.020 0.014 
 24  BAFF327    (0)   12 :  0.030 0.011 0.030 0.015 0.018 0.014 0.008 0.822 0.009 0.040 
 25  BAFF255    (0)    1 :  0.007 0.017 0.903 0.012 0.011 0.005 0.008 0.010 0.015 0.012 
 26  BAFF256    (0)    1 :  0.011 0.008 0.929 0.006 0.007 0.004 0.008 0.006 0.013 0.009 
 27  BAFF257    (0)    1 :  0.005 0.007 0.945 0.005 0.007 0.004 0.007 0.005 0.009 0.007 
 28  BAFF260    (0)    1 :  0.007 0.009 0.923 0.008 0.007 0.004 0.011 0.007 0.013 0.011 
 29  BAFF259    (0)    1 :  0.012 0.007 0.923 0.008 0.008 0.007 0.007 0.011 0.008 0.008 
 30  BAFF261    (0)    1 :  0.008 0.016 0.913 0.009 0.012 0.007 0.009 0.008 0.008 0.010 
 31  BAFF274    (0)    1 :  0.014 0.044 0.790 0.036 0.024 0.011 0.021 0.021 0.014 0.026 
 32  BAFF262    (0)    1 :  0.008 0.010 0.873 0.014 0.013 0.008 0.027 0.018 0.006 0.024 
 33  BAFF294    (0)    1 :  0.008 0.012 0.893 0.014 0.009 0.007 0.011 0.008 0.005 0.032 
 34  BAFF292    (0)    1 :  0.009 0.020 0.486 0.019 0.023 0.012 0.011 0.024 0.385 0.010 
 35  BAFF296    (0)    1 :  0.012 0.019 0.510 0.014 0.016 0.012 0.009 0.014 0.387 0.007 
 36  BAFF295    (0)    1 :  0.011 0.033 0.689 0.013 0.045 0.007 0.031 0.022 0.118 0.030 
 37  BAFF298    (0)    1 :  0.023 0.024 0.844 0.030 0.013 0.008 0.008 0.023 0.009 0.018 
 38  BAFF299    (0)    1 :  0.035 0.007 0.892 0.007 0.006 0.018 0.008 0.008 0.006 0.013 
 39  BAFF375    (0)   13 :  0.006 0.008 0.007 0.006 0.008 0.005 0.007 0.006 0.941 0.006 
 40  BAFF376    (0)   13 :  0.019 0.022 0.011 0.035 0.020 0.006 0.020 0.011 0.819 0.037 
 41  BAFF377    (0)   13 :  0.006 0.008 0.009 0.012 0.008 0.006 0.006 0.006 0.933 0.006 
 42  BAFF022    (0)    5 :  0.008 0.085 0.089 0.205 0.260 0.014 0.014 0.229 0.017 0.078 
 43  BAFF021    (0)    5 :  0.011 0.074 0.036 0.129 0.378 0.007 0.020 0.231 0.011 0.103 
 44  BAFF499    (0)    6 :  0.600 0.048 0.007 0.049 0.151 0.009 0.077 0.023 0.023 0.013 
 45  BAFF204    (0)    8 :  0.044 0.507 0.008 0.115 0.087 0.011 0.015 0.161 0.024 0.029 
 46  BAFF068    (0)   12 :  0.814 0.020 0.054 0.022 0.025 0.008 0.013 0.024 0.013 0.008 
 47  BAFF336    (0)   12 :  0.496 0.078 0.012 0.030 0.080 0.079 0.026 0.102 0.010 0.087 
 48  BAFF447    (0)    7 :  0.010 0.606 0.006 0.208 0.090 0.014 0.017 0.014 0.014 0.021 
 49  BAFF457    (0)    7 :  0.009 0.491 0.024 0.255 0.078 0.034 0.014 0.022 0.064 0.009 
 50  BAFF448    (0)    7 :  0.007 0.428 0.059 0.073 0.080 0.025 0.147 0.049 0.027 0.105 
 51  BAFF465    (0)    7 :  0.012 0.143 0.014 0.016 0.030 0.010 0.691 0.018 0.014 0.051 
 52  BAFF194    (0)    8 :  0.010 0.041 0.023 0.669 0.086 0.013 0.021 0.028 0.069 0.040 
 53  BAFF199    (0)    8 :  0.012 0.329 0.015 0.170 0.263 0.026 0.059 0.074 0.024 0.029 
 54  BAFF500    (0)    6 :  0.088 0.246 0.183 0.217 0.051 0.007 0.084 0.012 0.028 0.086 
 55  BAFF206    (0)    8 :  0.040 0.049 0.021 0.018 0.145 0.009 0.018 0.175 0.169 0.356 
 56  BAFF069    (0)   12 :  0.833 0.015 0.009 0.014 0.018 0.018 0.012 0.016 0.015 0.051 
 57  BAFF330    (0)   12 :  0.021 0.077 0.016 0.016 0.031 0.056 0.038 0.047 0.014 0.684 
 58  BAFF239    (0)   10 :  0.111 0.059 0.014 0.006 0.421 0.027 0.304 0.031 0.010 0.016 
 59  BAFF241    (0)   10 :  0.163 0.050 0.019 0.011 0.372 0.010 0.338 0.020 0.009 0.009 
 60  BAFF157    (0)   11 :  0.005 0.005 0.004 0.008 0.005 0.951 0.006 0.006 0.005 0.004 
 61  BAFF161    (0)   11 :  0.005 0.005 0.004 0.005 0.005 0.958 0.005 0.004 0.005 0.004 
 62  BAFF160    (0)   11 :  0.005 0.005 0.004 0.006 0.005 0.953 0.006 0.006 0.005 0.006 
 63  BAFF008    (0)   12 :  0.152 0.169 0.027 0.037 0.060 0.012 0.156 0.024 0.019 0.344 
 64  BAFF013    (0)   12 :  0.010 0.073 0.009 0.013 0.049 0.009 0.015 0.016 0.011 0.795 
 65  BAFF407    (0)   12 :  0.865 0.014 0.010 0.011 0.015 0.012 0.010 0.023 0.012 0.029 
 66  BAFF503    (0)    6 :  0.689 0.043 0.006 0.017 0.039 0.047 0.072 0.011 0.016 0.060 
 67  BAFF449    (0)    7 :  0.013 0.043 0.009 0.010 0.045 0.006 0.018 0.059 0.006 0.792 
 68  BAFF207    (0)    8 :  0.385 0.029 0.014 0.058 0.034 0.004 0.040 0.018 0.075 0.343 
 69  BAFF070    (0)   12 :  0.850 0.014 0.009 0.011 0.020 0.008 0.015 0.047 0.012 0.015 
 70  BAFF335    (0)   12 :  0.016 0.013 0.008 0.013 0.023 0.010 0.010 0.890 0.006 0.011 
 71  BAFF507    (0)    6 :  0.007 0.017 0.021 0.808 0.069 0.014 0.013 0.013 0.027 0.010 
 72  BAFF450    (0)    7 :  0.037 0.202 0.141 0.112 0.066 0.068 0.024 0.028 0.259 0.063 
 73  BAFF209    (7)    8 :  0.021 0.062 0.027 0.062 0.145 0.091 0.205 0.052 0.205 0.130 
 74  BAFF072    (0)   12 :  0.025 0.051 0.009 0.009 0.536 0.098 0.143 0.097 0.021 0.011 
 75  BAFF339    (0)   12 :  0.335 0.140 0.010 0.044 0.056 0.009 0.010 0.101 0.261 0.035 
 76  BAFF508    (0)    6 :  0.018 0.314 0.063 0.070 0.087 0.330 0.021 0.047 0.026 0.024 
 77  BAFF451    (0)    7 :  0.025 0.247 0.010 0.317 0.171 0.011 0.082 0.091 0.021 0.027 
 78  BAFF210    (0)    8 :  0.404 0.097 0.064 0.053 0.029 0.006 0.022 0.016 0.114 0.197 
 79  BAFF139    (0)   12 :  0.014 0.213 0.045 0.277 0.205 0.043 0.038 0.076 0.044 0.044 
 80  BAFF341    (0)   12 :  0.011 0.218 0.014 0.046 0.251 0.036 0.258 0.045 0.095 0.025 
 81  BAFF509    (0)    6 :  0.028 0.043 0.045 0.028 0.040 0.007 0.053 0.026 0.017 0.713 
 82  BAFF453    (0)    7 :  0.080 0.066 0.009 0.032 0.060 0.011 0.035 0.045 0.588 0.074 
 83  BAFF389    (0)    8 :  0.005 0.007 0.012 0.018 0.011 0.346 0.019 0.012 0.550 0.020 
 84  BAFF163    (0)   12 :  0.928 0.006 0.003 0.005 0.006 0.007 0.017 0.005 0.017 0.007 
 85  BAFF344    (7)   12 :  0.183 0.037 0.009 0.031 0.098 0.035 0.034 0.469 0.068 0.037 
 86  BAFF510    (0)    6 :  0.029 0.051 0.009 0.506 0.063 0.053 0.018 0.047 0.023 0.201 
 87  BAFF456    (0)    7 :  0.034 0.262 0.018 0.441 0.105 0.010 0.013 0.054 0.041 0.022 
 88  BAFF390    (0)    8 :  0.004 0.006 0.005 0.017 0.009 0.013 0.005 0.007 0.925 0.009 
 89  BAFF142    (0)   12 :  0.021 0.109 0.197 0.016 0.265 0.009 0.080 0.284 0.008 0.011 
 90  BAFF363    (7)   12 :  0.897 0.008 0.006 0.008 0.011 0.019 0.009 0.025 0.006 0.010 
 91  BAFF517    (0)    6 :  0.030 0.076 0.007 0.274 0.050 0.013 0.013 0.183 0.330 0.023 
 92  BAFF458    (0)    7 :  0.030 0.298 0.046 0.147 0.109 0.012 0.032 0.045 0.016 0.264 
 93  BAFF391    (0)    8 :  0.306 0.080 0.110 0.057 0.208 0.009 0.034 0.138 0.034 0.025 
 94  BAFF149    (0)   12 :  0.026 0.053 0.010 0.019 0.281 0.025 0.027 0.449 0.090 0.020 
 95  BAFF366    (7)   12 :  0.021 0.103 0.010 0.092 0.305 0.040 0.023 0.360 0.030 0.015 
 96  BAFF512    (0)    6 :  0.046 0.443 0.114 0.161 0.059 0.014 0.044 0.026 0.056 0.037 
 97  BAFF460    (0)    7 :  0.014 0.173 0.015 0.049 0.101 0.012 0.017 0.582 0.027 0.010 
 98  BAFF138    (0)   12 :  0.016 0.024 0.014 0.013 0.056 0.014 0.011 0.828 0.013 0.011 
 99  BAFF374    (0)   12 :  0.118 0.022 0.028 0.014 0.010 0.038 0.014 0.026 0.013 0.719 
100  BAFF015    (0)    1 :  0.008 0.018 0.880 0.015 0.024 0.005 0.017 0.009 0.009 0.015 
101  BAFF380    (0)    2 :  0.029 0.062 0.011 0.088 0.088 0.208 0.017 0.064 0.014 0.421 
102  BAFF216    (0)    3 :  0.027 0.132 0.033 0.495 0.102 0.013 0.067 0.019 0.064 0.050 
103  BAFF017    (0)    4 :  0.018 0.026 0.015 0.705 0.046 0.006 0.013 0.005 0.153 0.014 
104  BAFF245    (0)    4 :  0.029 0.108 0.101 0.105 0.302 0.009 0.060 0.153 0.039 0.093 
105  BAFF378    (7)   13 :  0.011 0.459 0.168 0.183 0.084 0.012 0.025 0.014 0.023 0.020 
106  BAFF023    (0)    5 :  0.025 0.454 0.021 0.096 0.162 0.010 0.062 0.024 0.049 0.097 
107  BAFF079    (0)    6 :  0.047 0.046 0.042 0.290 0.110 0.032 0.029 0.074 0.054 0.275 
108  BAFF435    (0)    6 :  0.018 0.610 0.008 0.088 0.138 0.012 0.022 0.027 0.014 0.063 
109  BAFF174    (7)    7 :  0.029 0.023 0.006 0.021 0.037 0.014 0.022 0.015 0.791 0.041 
110  BAFF226    (0)    7 :  0.009 0.407 0.013 0.284 0.179 0.017 0.009 0.037 0.028 0.017 
111  BAFF190    (0)    8 :  0.062 0.062 0.014 0.016 0.151 0.018 0.534 0.035 0.013 0.096 
112  BAFF243    (0)    9 :  0.007 0.130 0.070 0.410 0.134 0.089 0.025 0.031 0.080 0.025 
113  BAFF177    (0)   10 :  0.006 0.039 0.025 0.032 0.032 0.027 0.031 0.036 0.046 0.727 
114  BAFF364    (7)   11 :  0.024 0.195 0.011 0.077 0.048 0.480 0.066 0.020 0.023 0.056 
115  BAFF305    (0)   12 :  0.011 0.011 0.018 0.013 0.014 0.009 0.013 0.880 0.022 0.011 
116  BAFF513    (0)    6 :  0.019 0.104 0.046 0.096 0.039 0.015 0.144 0.020 0.048 0.470 
117  BAFF462    (0)    7 :  0.031 0.094 0.328 0.032 0.062 0.013 0.337 0.011 0.007 0.085 
118  BAFF143    (0)   12 :  0.074 0.095 0.008 0.051 0.148 0.064 0.036 0.450 0.027 0.047 
119  BAFF403    (0)   12 :  0.926 0.008 0.006 0.008 0.008 0.010 0.007 0.009 0.008 0.010 
120  BAFF514    (0)    6 :  0.072 0.053 0.007 0.025 0.056 0.008 0.109 0.018 0.013 0.640 
121  BAFF463    (0)    7 :  0.004 0.102 0.005 0.004 0.006 0.006 0.850 0.005 0.005 0.013 
122  BAFF137    (0)   12 :  0.008 0.041 0.009 0.013 0.378 0.007 0.045 0.181 0.006 0.312 
123  BAFF404    (0)   12 :  0.896 0.010 0.013 0.013 0.011 0.020 0.010 0.009 0.009 0.010 
124  BAFF515    (0)    6 :  0.052 0.169 0.021 0.174 0.063 0.018 0.060 0.218 0.038 0.186 
125  BAFF144    (0)   12 :  0.087 0.153 0.009 0.041 0.080 0.177 0.049 0.131 0.018 0.255 
126  BAFF405    (7)   12 :  0.011 0.023 0.016 0.013 0.020 0.027 0.011 0.841 0.008 0.030 
127  BAFF518    (0)    6 :  0.319 0.121 0.009 0.052 0.211 0.012 0.028 0.183 0.024 0.040 
128  BAFF467    (0)    7 :  0.024 0.286 0.016 0.304 0.160 0.011 0.084 0.012 0.026 0.077 
129  BAFF145    (0)   12 :  0.011 0.126 0.073 0.039 0.176 0.365 0.023 0.091 0.016 0.078 
130  BAFF406    (0)   12 :  0.308 0.033 0.008 0.031 0.037 0.322 0.020 0.070 0.012 0.159 
131  BAFF519    (0)    6 :  0.011 0.140 0.010 0.059 0.084 0.012 0.048 0.067 0.496 0.074 
132  BAFF471    (0)    7 :  0.019 0.101 0.063 0.138 0.108 0.016 0.220 0.265 0.025 0.045 
133  BAFF136    (0)   12 :  0.706 0.011 0.005 0.009 0.013 0.007 0.015 0.144 0.044 0.046 
134  BAFF520    (7)    6 :  0.059 0.280 0.026 0.186 0.109 0.012 0.048 0.042 0.046 0.193 
135  BAFF472    (0)    7 :  0.014 0.165 0.021 0.069 0.118 0.059 0.379 0.051 0.048 0.077 
136  BAFF165    (0)   12 :  0.033 0.084 0.040 0.073 0.350 0.008 0.065 0.316 0.015 0.016 
137  BAFF408    (0)   12 :  0.061 0.088 0.028 0.021 0.433 0.036 0.051 0.242 0.017 0.024 
138  BAFF522    (0)    6 :  0.074 0.087 0.035 0.030 0.048 0.017 0.214 0.084 0.024 0.385 
139  BAFF475    (0)    7 :  0.035 0.110 0.008 0.379 0.122 0.016 0.041 0.048 0.062 0.179 
140  BAFF140    (0)   12 :  0.022 0.031 0.015 0.075 0.024 0.040 0.047 0.529 0.024 0.194 
141  BAFF409    (0)   12 :  0.745 0.017 0.094 0.013 0.015 0.010 0.044 0.017 0.021 0.023 
142  BAFF523    (0)    6 :  0.008 0.176 0.013 0.094 0.059 0.053 0.408 0.009 0.026 0.155 
143  BAFF476    (0)    7 :  0.031 0.128 0.007 0.363 0.077 0.251 0.014 0.073 0.044 0.013 
144  BAFF147    (0)   12 :  0.175 0.038 0.016 0.035 0.295 0.010 0.039 0.216 0.010 0.167 
145  BAFF410    (0)   12 :  0.410 0.018 0.013 0.199 0.052 0.008 0.009 0.260 0.013 0.019 
146  BAFF477    (0)    7 :  0.006 0.343 0.068 0.277 0.154 0.009 0.013 0.094 0.019 0.017 
147  BAFF411    (0)   12 :  0.078 0.076 0.316 0.014 0.041 0.058 0.012 0.084 0.304 0.016 
148  BAFF486    (7)    7 :  0.005 0.719 0.007 0.115 0.115 0.006 0.008 0.008 0.011 0.006 
149  BAFF412    (7)   12 :  0.649 0.028 0.037 0.033 0.027 0.021 0.039 0.014 0.012 0.140 
150  BAFF258    (0)    1 :  0.029 0.170 0.165 0.080 0.039 0.060 0.324 0.018 0.014 0.100 
151  BAFF392    (0)    2 :  0.006 0.059 0.004 0.005 0.012 0.073 0.686 0.007 0.022 0.126 
152  BAFF217    (0)    3 :  0.019 0.111 0.010 0.072 0.165 0.027 0.019 0.045 0.513 0.019 
153  BAFF016    (0)    4 :  0.034 0.009 0.005 0.533 0.032 0.069 0.005 0.142 0.059 0.112 
154  BAFF246    (0)    4 :  0.018 0.048 0.010 0.292 0.027 0.045 0.012 0.021 0.192 0.336 
155  BAFF381    (0)   13 :  0.028 0.320 0.010 0.088 0.305 0.010 0.036 0.133 0.040 0.032 
156  BAFF078    (0)    6 :  0.023 0.052 0.005 0.007 0.493 0.151 0.159 0.068 0.028 0.015 
157  BAFF481    (0)    6 :  0.035 0.282 0.020 0.077 0.234 0.010 0.032 0.109 0.118 0.084 
158  BAFF436    (0)    7 :  0.043 0.069 0.078 0.292 0.079 0.041 0.110 0.035 0.040 0.214 
159  BAFF191    (0)    8 :  0.020 0.047 0.009 0.060 0.057 0.012 0.017 0.018 0.387 0.373 
160  BAFF382    (0)    9 :  0.048 0.459 0.006 0.071 0.135 0.035 0.118 0.049 0.058 0.020 
161  BAFF178    (0)   10 :  0.028 0.039 0.008 0.036 0.015 0.006 0.015 0.012 0.042 0.799 
162  BAFF159    (7)   11 :  0.018 0.038 0.009 0.806 0.077 0.008 0.007 0.012 0.007 0.018 
163  BAFF365    (7)   11 :  0.013 0.129 0.145 0.078 0.403 0.023 0.049 0.101 0.024 0.034 
164  BAFF007    (0)   12 :  0.021 0.201 0.047 0.161 0.228 0.057 0.043 0.145 0.053 0.045 
165  BAFF304    (7)   12 :  0.043 0.082 0.009 0.026 0.431 0.031 0.063 0.282 0.012 0.021 
166  BAFF487    (0)    7 :  0.038 0.395 0.024 0.103 0.081 0.078 0.117 0.017 0.053 0.094 
167  BAFF415    (0)   12 :  0.592 0.040 0.050 0.049 0.098 0.018 0.040 0.086 0.010 0.018 
168  BAFF488    (0)    7 :  0.015 0.052 0.572 0.132 0.100 0.013 0.009 0.025 0.038 0.044 
169  BAFF417    (0)   12 :  0.302 0.050 0.013 0.021 0.080 0.013 0.015 0.360 0.024 0.123 
170  BAFF489    (0)    7 :  0.039 0.288 0.007 0.104 0.243 0.048 0.093 0.133 0.013 0.030 
171  BAFF426    (0)   12 :  0.773 0.021 0.017 0.011 0.062 0.006 0.065 0.014 0.011 0.019 
172  BAFF490    (7)    7 :  0.011 0.368 0.020 0.258 0.062 0.092 0.023 0.023 0.015 0.128 
173  BAFF491    (0)    7 :  0.008 0.535 0.043 0.062 0.094 0.032 0.017 0.025 0.029 0.156 
174  BAFF492    (0)    7 :  0.011 0.605 0.008 0.077 0.168 0.007 0.037 0.014 0.029 0.044 
175  BAFF493    (0)    7 :  0.032 0.105 0.460 0.031 0.045 0.013 0.215 0.024 0.018 0.055 
176  BAFF506    (0)    7 :  0.017 0.322 0.129 0.094 0.097 0.020 0.064 0.014 0.028 0.215 
177  BAFF393    (0)    2 :  0.012 0.319 0.026 0.106 0.101 0.223 0.013 0.135 0.022 0.043 
178  BAFF218    (0)    3 :  0.025 0.213 0.035 0.127 0.105 0.017 0.131 0.106 0.205 0.036 
179  BAFF254    (0)    4 :  0.013 0.262 0.035 0.031 0.126 0.259 0.029 0.178 0.011 0.057 
180  BAFF385    (0)   13 :  0.026 0.155 0.019 0.024 0.155 0.018 0.399 0.047 0.027 0.131 
181  BAFF076    (0)    6 :  0.011 0.111 0.010 0.008 0.007 0.013 0.018 0.009 0.012 0.802 
182  BAFF482    (0)    6 :  0.073 0.365 0.009 0.125 0.090 0.013 0.027 0.197 0.013 0.087 
183  BAFF437    (0)    7 :  0.012 0.117 0.020 0.101 0.292 0.005 0.043 0.384 0.011 0.016 
184  BAFF192    (0)    8 :  0.013 0.045 0.016 0.044 0.058 0.134 0.095 0.041 0.045 0.510 
185  BAFF383    (0)    9 :  0.012 0.031 0.535 0.011 0.058 0.006 0.168 0.160 0.011 0.008 
186  BAFF180    (0)   10 :  0.090 0.064 0.008 0.070 0.029 0.009 0.055 0.012 0.288 0.374 
187  BAFF048    (7)   12 :  0.014 0.058 0.070 0.155 0.103 0.366 0.029 0.107 0.007 0.091 
188  BAFF306    (0)   12 :  0.027 0.056 0.010 0.036 0.074 0.015 0.036 0.637 0.064 0.044 
189  BAFF394    (0)    2 :  0.013 0.056 0.050 0.210 0.113 0.097 0.056 0.132 0.123 0.151 
190  BAFF219    (0)    3 :  0.011 0.167 0.007 0.368 0.261 0.011 0.035 0.073 0.035 0.031 
191  BAFF388    (0)    4 :  0.252 0.045 0.181 0.029 0.034 0.010 0.040 0.009 0.012 0.388 
192  BAFF386    (7)   13 :  0.014 0.113 0.017 0.033 0.072 0.035 0.390 0.060 0.022 0.244 
193  BAFF084    (0)    6 :  0.012 0.261 0.011 0.068 0.070 0.476 0.011 0.042 0.015 0.032 
194  BAFF483    (0)    6 :  0.047 0.036 0.023 0.034 0.043 0.008 0.014 0.032 0.031 0.733 
195  BAFF438   (15)    7 :  0.026 0.213 0.016 0.034 0.293 0.055 0.157 0.142 0.025 0.040 
196  BAFF193    (0)    8 :  0.016 0.363 0.263 0.069 0.079 0.013 0.046 0.016 0.049 0.085 
197  BAFF183    (0)   10 :  0.019 0.091 0.055 0.413 0.211 0.021 0.108 0.028 0.024 0.030 
198  BAFF153    (0)   12 :  0.015 0.026 0.008 0.013 0.185 0.010 0.019 0.705 0.006 0.014 
199  BAFF307    (0)   12 :  0.020 0.146 0.011 0.022 0.075 0.059 0.023 0.595 0.019 0.030 
200  BAFF397    (0)    2 :  0.010 0.258 0.008 0.230 0.247 0.015 0.013 0.185 0.029 0.006 
201  BAFF220    (0)    3 :  0.011 0.104 0.008 0.011 0.018 0.042 0.760 0.007 0.005 0.033 
202  BAFF095    (0)    6 :  0.011 0.046 0.086 0.011 0.013 0.006 0.050 0.014 0.014 0.748 
203  BAFF494    (0)    6 :  0.042 0.325 0.007 0.080 0.052 0.031 0.359 0.017 0.019 0.069 
204  BAFF439    (0)    7 :  0.194 0.160 0.008 0.036 0.324 0.008 0.034 0.059 0.119 0.056 
205  BAFF182    (0)   10 :  0.111 0.065 0.026 0.052 0.107 0.064 0.243 0.048 0.020 0.264 
206  BAFF054    (0)   12 :  0.925 0.010 0.006 0.007 0.011 0.009 0.007 0.008 0.007 0.011 
207  BAFF308    (0)   12 :  0.013 0.098 0.012 0.034 0.505 0.015 0.057 0.242 0.008 0.015 
208  BAFF266    (0)    1 :  0.046 0.252 0.131 0.281 0.094 0.081 0.019 0.021 0.010 0.065 
209  BAFF398    (7)    2 :  0.005 0.110 0.013 0.006 0.007 0.005 0.801 0.006 0.005 0.041 
210  BAFF221    (0)    3 :  0.015 0.011 0.259 0.011 0.083 0.350 0.225 0.025 0.008 0.012 
211  BAFF090    (0)    6 :  0.045 0.067 0.014 0.023 0.252 0.058 0.396 0.103 0.020 0.022 
212  BAFF495    (0)    6 :  0.014 0.033 0.008 0.144 0.019 0.008 0.007 0.023 0.715 0.029 
213  BAFF459    (0)    7 :  0.012 0.050 0.007 0.592 0.086 0.095 0.010 0.051 0.068 0.028 
214  BAFF197    (0)    8 :  0.057 0.116 0.012 0.103 0.350 0.013 0.031 0.147 0.141 0.030 
215  BAFF188    (0)   10 :  0.020 0.069 0.012 0.026 0.492 0.046 0.106 0.184 0.021 0.025 
216  BAFF051    (0)   12 :  0.392 0.198 0.022 0.136 0.093 0.013 0.043 0.019 0.022 0.061 
217  BAFF309    (0)   12 :  0.014 0.579 0.010 0.085 0.112 0.016 0.065 0.071 0.016 0.033 
218  BAFF269    (0)    1 :  0.010 0.129 0.061 0.214 0.220 0.009 0.030 0.093 0.086 0.148 
219  BAFF077    (0)    6 :  0.010 0.006 0.008 0.778 0.075 0.037 0.009 0.011 0.060 0.006 
220  BAFF496    (0)    6 :  0.008 0.020 0.013 0.012 0.010 0.004 0.006 0.007 0.911 0.008 
221  BAFF443    (0)    7 :  0.101 0.317 0.059 0.162 0.117 0.009 0.038 0.114 0.022 0.061 
222  BAFF198    (0)    8 :  0.028 0.121 0.008 0.087 0.072 0.018 0.257 0.029 0.153 0.228 
223  BAFF053    (0)   12 :  0.027 0.074 0.016 0.013 0.522 0.010 0.061 0.232 0.036 0.008 
224  BAFF310    (0)   12 :  0.621 0.024 0.007 0.047 0.092 0.029 0.010 0.145 0.010 0.015 
225  BAFF282    (0)    1 :  0.014 0.024 0.706 0.082 0.029 0.012 0.019 0.027 0.017 0.070 
226  BAFF497    (0)    6 :  0.012 0.075 0.010 0.719 0.084 0.010 0.017 0.017 0.043 0.011 
227  BAFF466    (0)    7 :  0.034 0.298 0.014 0.119 0.090 0.138 0.097 0.166 0.020 0.025 
228  BAFF200    (7)    8 :  0.023 0.111 0.010 0.022 0.039 0.025 0.039 0.032 0.016 0.682 
229  BAFF240    (0)   10 :  0.010 0.092 0.014 0.028 0.095 0.575 0.122 0.020 0.013 0.031 
230  BAFF055    (0)   12 :  0.730 0.024 0.018 0.018 0.043 0.009 0.021 0.078 0.008 0.052 
231  BAFF311    (7)   12 :  0.007 0.050 0.030 0.014 0.026 0.020 0.494 0.028 0.006 0.326 


Estimated Allele Frequencies in each cluster
First column gives estimated ancestral frequencies


Locus 1 : btern01 
9 alleles
0.0% missing data
   1   (0.136) 0.034 0.141 0.120 0.164 0.097 0.079 0.042 0.248 0.178 0.196 
   2   (0.017) 0.004 0.010 0.027 0.012 0.006 0.003 0.004 0.003 0.003 0.005 
   3   (0.165) 0.088 0.188 0.062 0.250 0.218 0.168 0.171 0.191 0.206 0.081 
   4   (0.208) 0.165 0.225 0.200 0.128 0.212 0.277 0.143 0.157 0.346 0.238 
   5   (0.288) 0.355 0.316 0.450 0.309 0.342 0.388 0.218 0.331 0.083 0.194 
   6   (0.078) 0.328 0.035 0.032 0.076 0.085 0.016 0.067 0.042 0.044 0.089 
   7   (0.052) 0.017 0.048 0.079 0.015 0.018 0.054 0.339 0.013 0.010 0.124 
   8   (0.017) 0.003 0.005 0.022 0.006 0.006 0.002 0.003 0.004 0.028 0.005 
   9   (0.040) 0.007 0.031 0.007 0.040 0.016 0.012 0.014 0.010 0.103 0.068 

Locus 2 : bt28 
5 alleles
0.0% missing data
   1   (0.671) 0.711 0.688 0.769 0.652 0.651 0.659 0.513 0.812 0.765 0.646 
   2   (0.150) 0.094 0.118 0.173 0.133 0.179 0.047 0.084 0.069 0.161 0.244 
   3   (0.143) 0.189 0.174 0.038 0.084 0.146 0.284 0.397 0.111 0.066 0.100 
   4   (0.025) 0.004 0.017 0.006 0.127 0.021 0.008 0.004 0.006 0.007 0.007 
   5   (0.011) 0.002 0.003 0.014 0.004 0.003 0.002 0.002 0.002 0.002 0.003 

Locus 3 : b96 
8 alleles
0.9% missing data
   1   (0.331) 0.311 0.285 0.357 0.330 0.392 0.197 0.273 0.412 0.188 0.466 
   2   (0.478) 0.503 0.606 0.428 0.553 0.485 0.583 0.627 0.344 0.774 0.435 
   3   (0.044) 0.052 0.041 0.010 0.022 0.020 0.052 0.017 0.119 0.009 0.021 
   4   (0.015) 0.003 0.006 0.004 0.006 0.004 0.126 0.002 0.003 0.002 0.004 
   5   (0.052) 0.037 0.031 0.028 0.050 0.028 0.011 0.037 0.062 0.011 0.030 
   6   (0.028) 0.005 0.008 0.098 0.006 0.007 0.005 0.029 0.020 0.004 0.027 
   7   (0.038) 0.007 0.020 0.072 0.029 0.061 0.024 0.012 0.038 0.009 0.013 
   8   (0.014) 0.082 0.003 0.003 0.003 0.003 0.002 0.002 0.003 0.002 0.005 

Locus 4 : bt30 
12 alleles
0.9% missing data
   1   (0.119) 0.105 0.117 0.275 0.087 0.095 0.022 0.228 0.082 0.024 0.128 
   2   (0.287) 0.297 0.359 0.285 0.238 0.330 0.137 0.240 0.304 0.426 0.295 
   3   (0.069) 0.023 0.205 0.016 0.155 0.082 0.058 0.023 0.035 0.074 0.034 
   4   (0.186) 0.241 0.134 0.108 0.277 0.246 0.139 0.231 0.201 0.120 0.197 
   5   (0.014) 0.003 0.006 0.003 0.004 0.004 0.002 0.003 0.003 0.002 0.024 
   6   (0.103) 0.050 0.066 0.112 0.141 0.060 0.028 0.193 0.064 0.071 0.199 
   7   (0.030) 0.010 0.022 0.021 0.012 0.063 0.007 0.035 0.016 0.012 0.010 
   8   (0.054) 0.074 0.034 0.046 0.025 0.040 0.093 0.011 0.066 0.010 0.014 
   9   (0.099) 0.191 0.045 0.057 0.053 0.061 0.508 0.030 0.216 0.244 0.047 
  10   (0.013) 0.002 0.003 0.073 0.003 0.003 0.002 0.002 0.002 0.002 0.003 
  11   (0.015) 0.003 0.005 0.003 0.003 0.010 0.002 0.003 0.007 0.003 0.047 
  12   (0.011) 0.002 0.004 0.002 0.003 0.005 0.002 0.002 0.003 0.012 0.003 

Locus 5 : btms0081 
3 alleles
0.9% missing data
   1   (0.499) 0.307 0.571 0.601 0.620 0.437 0.771 0.610 0.400 0.225 0.566 
   2   (0.350) 0.510 0.339 0.206 0.286 0.361 0.197 0.273 0.480 0.543 0.274 
   3   (0.152) 0.183 0.090 0.193 0.095 0.202 0.032 0.118 0.120 0.232 0.159 

Locus 6 : btms0066 
24 alleles
0.0% missing data
   1   (0.261) 0.402 0.316 0.378 0.174 0.287 0.096 0.429 0.353 0.215 0.258 
   2   (0.013) 0.002 0.005 0.065 0.004 0.003 0.002 0.002 0.003 0.022 0.003 
   3   (0.035) 0.009 0.028 0.006 0.012 0.031 0.008 0.026 0.164 0.012 0.016 
   4   (0.144) 0.127 0.208 0.051 0.309 0.144 0.031 0.097 0.093 0.431 0.255 
   5   (0.097) 0.088 0.142 0.023 0.102 0.184 0.025 0.052 0.197 0.065 0.078 
   6   (0.051) 0.013 0.043 0.010 0.023 0.046 0.185 0.195 0.024 0.032 0.118 
   7   (0.021) 0.003 0.018 0.018 0.005 0.005 0.003 0.004 0.004 0.003 0.050 
   8   (0.054) 0.037 0.031 0.080 0.113 0.042 0.028 0.015 0.024 0.041 0.026 
   9   (0.019) 0.004 0.011 0.003 0.006 0.033 0.379 0.014 0.008 0.004 0.009 
  10   (0.031) 0.005 0.036 0.155 0.018 0.012 0.028 0.008 0.007 0.006 0.010 
  11   (0.021) 0.014 0.006 0.153 0.008 0.006 0.004 0.005 0.006 0.018 0.007 
  12   (0.037) 0.014 0.029 0.007 0.132 0.044 0.008 0.010 0.017 0.107 0.008 
  13   (0.024) 0.013 0.024 0.005 0.008 0.027 0.012 0.035 0.012 0.005 0.008 
  14   (0.021) 0.049 0.006 0.004 0.005 0.006 0.089 0.004 0.006 0.003 0.008 
  15   (0.023) 0.004 0.034 0.005 0.026 0.021 0.004 0.005 0.012 0.007 0.008 
  16   (0.030) 0.109 0.011 0.006 0.013 0.017 0.041 0.013 0.015 0.006 0.039 
  17   (0.024) 0.017 0.015 0.009 0.007 0.054 0.034 0.054 0.010 0.004 0.006 
  18   (0.010) 0.036 0.002 0.002 0.002 0.002 0.001 0.001 0.002 0.001 0.002 
  19   (0.016) 0.004 0.004 0.003 0.004 0.016 0.002 0.004 0.027 0.002 0.009 
  20   (0.020) 0.007 0.007 0.006 0.013 0.006 0.006 0.005 0.006 0.008 0.050 
  21   (0.018) 0.004 0.011 0.005 0.005 0.005 0.008 0.010 0.005 0.003 0.023 
  22   (0.012) 0.002 0.005 0.002 0.004 0.003 0.002 0.010 0.002 0.002 0.005 
  23   (0.012) 0.035 0.002 0.002 0.002 0.003 0.001 0.002 0.002 0.002 0.003 
  24   (0.007) 0.002 0.005 0.003 0.006 0.003 0.003 0.001 0.002 0.001 0.002 

Locus 7 : btms0083 
31 alleles
3.0% missing data
   1   (0.016) 0.003 0.004 0.233 0.004 0.005 0.010 0.017 0.005 0.002 0.003 
   2   (0.027) 0.005 0.017 0.109 0.008 0.019 0.008 0.008 0.038 0.004 0.008 
   3   (0.033) 0.010 0.021 0.006 0.021 0.016 0.150 0.088 0.014 0.006 0.030 
   4   (0.040) 0.010 0.049 0.059 0.020 0.033 0.027 0.074 0.019 0.011 0.020 
   5   (0.187) 0.271 0.229 0.229 0.159 0.227 0.100 0.207 0.225 0.163 0.369 
   6   (0.023) 0.004 0.016 0.005 0.020 0.014 0.007 0.009 0.006 0.004 0.035 
   7   (0.059) 0.114 0.097 0.015 0.042 0.180 0.022 0.116 0.073 0.016 0.021 
   8   (0.038) 0.015 0.040 0.015 0.030 0.114 0.007 0.016 0.092 0.009 0.013 
   9   (0.038) 0.008 0.031 0.008 0.042 0.030 0.007 0.037 0.036 0.029 0.046 
  10   (0.019) 0.008 0.010 0.005 0.005 0.005 0.003 0.006 0.017 0.003 0.153 
  11   (0.060) 0.011 0.070 0.016 0.103 0.074 0.488 0.026 0.037 0.079 0.035 
  12   (0.016) 0.004 0.009 0.038 0.008 0.007 0.002 0.014 0.003 0.008 0.006 
  13   (0.055) 0.069 0.027 0.011 0.107 0.045 0.023 0.026 0.096 0.043 0.052 
  14   (0.033) 0.006 0.111 0.007 0.130 0.046 0.007 0.011 0.017 0.007 0.010 
  15   (0.024) 0.005 0.010 0.017 0.085 0.012 0.005 0.008 0.013 0.018 0.026 
  16   (0.025) 0.005 0.034 0.031 0.016 0.010 0.013 0.121 0.007 0.008 0.020 
  17   (0.026) 0.005 0.010 0.043 0.009 0.014 0.013 0.011 0.009 0.425 0.018 
  18   (0.055) 0.130 0.050 0.040 0.032 0.034 0.014 0.031 0.030 0.026 0.060 
  19   (0.019) 0.128 0.010 0.008 0.008 0.006 0.003 0.004 0.006 0.008 0.005 
  20   (0.024) 0.055 0.011 0.004 0.007 0.009 0.004 0.005 0.152 0.004 0.007 
  21   (0.012) 0.002 0.003 0.035 0.003 0.002 0.001 0.002 0.002 0.002 0.003 
  22   (0.010) 0.002 0.003 0.018 0.002 0.003 0.002 0.002 0.003 0.021 0.002 
  23   (0.017) 0.003 0.009 0.016 0.012 0.011 0.003 0.004 0.006 0.008 0.006 
  24   (0.009) 0.015 0.002 0.002 0.002 0.002 0.001 0.002 0.002 0.001 0.002 
  25   (0.034) 0.007 0.061 0.007 0.013 0.019 0.006 0.115 0.043 0.006 0.015 
  26   (0.017) 0.003 0.006 0.003 0.078 0.011 0.005 0.003 0.008 0.018 0.005 
  27   (0.028) 0.054 0.017 0.005 0.009 0.025 0.007 0.011 0.022 0.054 0.010 
  28   (0.018) 0.003 0.021 0.005 0.010 0.009 0.055 0.014 0.005 0.008 0.006 
  29   (0.014) 0.002 0.016 0.005 0.008 0.005 0.003 0.005 0.003 0.003 0.004 
  30   (0.014) 0.041 0.003 0.002 0.003 0.006 0.002 0.003 0.005 0.002 0.005 
  31   (0.011) 0.002 0.004 0.003 0.006 0.005 0.001 0.002 0.003 0.003 0.004 

Locus 8 : b126 
16 alleles
0.0% missing data
   1   (0.045) 0.015 0.024 0.045 0.043 0.031 0.008 0.053 0.022 0.009 0.048 
   2   (0.052) 0.009 0.041 0.140 0.038 0.064 0.010 0.016 0.037 0.074 0.020 
   3   (0.311) 0.368 0.391 0.170 0.280 0.495 0.630 0.355 0.226 0.511 0.276 
   4   (0.030) 0.007 0.029 0.007 0.093 0.020 0.004 0.014 0.010 0.027 0.009 
   5   (0.076) 0.043 0.127 0.023 0.046 0.054 0.022 0.129 0.033 0.052 0.157 
   6   (0.067) 0.156 0.063 0.014 0.095 0.090 0.010 0.020 0.204 0.017 0.023 
   7   (0.103) 0.147 0.077 0.020 0.105 0.056 0.216 0.035 0.212 0.037 0.239 
   8   (0.029) 0.088 0.010 0.007 0.050 0.012 0.006 0.007 0.017 0.015 0.010 
   9   (0.012) 0.002 0.008 0.002 0.002 0.002 0.001 0.002 0.002 0.002 0.042 
  10   (0.042) 0.055 0.023 0.027 0.018 0.023 0.014 0.123 0.012 0.016 0.057 
  11   (0.087) 0.019 0.107 0.423 0.132 0.075 0.057 0.031 0.129 0.025 0.036 
  12   (0.030) 0.032 0.029 0.025 0.013 0.020 0.004 0.007 0.040 0.005 0.007 
  13   (0.060) 0.049 0.049 0.087 0.025 0.032 0.008 0.154 0.037 0.174 0.016 
  14   (0.025) 0.005 0.008 0.005 0.048 0.012 0.004 0.005 0.007 0.030 0.024 
  15   (0.014) 0.002 0.004 0.002 0.003 0.010 0.002 0.003 0.007 0.003 0.031 
  16   (0.016) 0.003 0.010 0.003 0.008 0.006 0.004 0.047 0.004 0.002 0.004 

Locus 9 : btms0062 
34 alleles
0.0% missing data
   1   (0.032) 0.008 0.034 0.086 0.028 0.024 0.035 0.023 0.012 0.006 0.040 
   2   (0.052) 0.013 0.027 0.108 0.060 0.026 0.026 0.045 0.021 0.261 0.059 
   3   (0.075) 0.052 0.089 0.072 0.048 0.162 0.035 0.033 0.269 0.070 0.061 
   4   (0.088) 0.212 0.137 0.048 0.154 0.062 0.217 0.042 0.033 0.020 0.276 
   5   (0.057) 0.012 0.172 0.017 0.039 0.069 0.060 0.025 0.095 0.011 0.070 
   6   (0.023) 0.005 0.027 0.006 0.017 0.022 0.012 0.010 0.047 0.019 0.008 
   7   (0.009) 0.002 0.012 0.002 0.004 0.007 0.001 0.002 0.008 0.002 0.004 
   8   (0.030) 0.005 0.029 0.006 0.034 0.047 0.004 0.007 0.048 0.014 0.011 
   9   (0.041) 0.019 0.034 0.019 0.137 0.030 0.054 0.015 0.023 0.028 0.047 
  10   (0.057) 0.059 0.062 0.040 0.057 0.046 0.010 0.092 0.021 0.018 0.072 
  11   (0.062) 0.037 0.064 0.014 0.079 0.080 0.346 0.246 0.029 0.016 0.040 
  12   (0.046) 0.031 0.021 0.009 0.019 0.021 0.012 0.068 0.044 0.363 0.063 
  13   (0.053) 0.019 0.038 0.028 0.043 0.031 0.016 0.118 0.061 0.011 0.081 
  14   (0.041) 0.297 0.034 0.009 0.068 0.026 0.008 0.013 0.066 0.011 0.012 
  15   (0.019) 0.004 0.013 0.003 0.006 0.084 0.003 0.012 0.053 0.004 0.008 
  16   (0.020) 0.007 0.008 0.004 0.005 0.017 0.084 0.010 0.014 0.004 0.005 
  17   (0.008) 0.001 0.003 0.179 0.003 0.002 0.001 0.002 0.002 0.006 0.007 
  18   (0.014) 0.002 0.006 0.003 0.004 0.005 0.004 0.041 0.004 0.004 0.013 
  19   (0.044) 0.103 0.024 0.085 0.041 0.028 0.007 0.009 0.015 0.064 0.029 
  20   (0.011) 0.002 0.002 0.037 0.002 0.002 0.001 0.002 0.002 0.001 0.002 
  21   (0.030) 0.005 0.038 0.052 0.051 0.016 0.005 0.013 0.016 0.025 0.010 
  22   (0.019) 0.003 0.007 0.108 0.005 0.016 0.002 0.006 0.017 0.003 0.004 
  23   (0.014) 0.002 0.007 0.026 0.004 0.004 0.002 0.003 0.003 0.002 0.004 
  24   (0.022) 0.009 0.037 0.004 0.035 0.010 0.004 0.004 0.007 0.007 0.008 
  25   (0.014) 0.003 0.013 0.009 0.010 0.004 0.002 0.003 0.003 0.002 0.004 
  26   (0.024) 0.013 0.021 0.007 0.017 0.070 0.008 0.122 0.010 0.006 0.018 
  27   (0.016) 0.004 0.007 0.003 0.004 0.054 0.013 0.016 0.014 0.004 0.016 
  28   (0.010) 0.002 0.002 0.002 0.002 0.002 0.001 0.001 0.036 0.001 0.002 
  29   (0.012) 0.002 0.010 0.005 0.005 0.005 0.013 0.002 0.003 0.006 0.003 
  30   (0.011) 0.035 0.002 0.002 0.002 0.002 0.001 0.002 0.002 0.002 0.002 
  31   (0.014) 0.002 0.010 0.002 0.005 0.009 0.002 0.003 0.014 0.003 0.003 
  32   (0.009) 0.002 0.002 0.002 0.003 0.003 0.004 0.003 0.002 0.002 0.010 
  33   (0.011) 0.002 0.004 0.003 0.006 0.006 0.001 0.002 0.003 0.003 0.004 
  34   (0.013) 0.024 0.003 0.002 0.004 0.006 0.003 0.002 0.007 0.002 0.003 

Locus 10 : btern02 
25 alleles
4.8% missing data
   1   (0.093) 0.027 0.044 0.134 0.189 0.091 0.278 0.088 0.227 0.126 0.076 
   2   (0.011) 0.002 0.003 0.017 0.003 0.003 0.002 0.002 0.002 0.002 0.003 
   3   (0.078) 0.022 0.119 0.026 0.087 0.084 0.031 0.046 0.110 0.137 0.175 
   4   (0.055) 0.098 0.047 0.015 0.038 0.041 0.009 0.118 0.019 0.081 0.119 
   5   (0.025) 0.006 0.045 0.012 0.015 0.015 0.038 0.011 0.014 0.014 0.020 
   6   (0.050) 0.022 0.101 0.018 0.039 0.056 0.095 0.048 0.042 0.019 0.040 
   7   (0.030) 0.152 0.015 0.005 0.010 0.025 0.005 0.006 0.014 0.010 0.050 
   8   (0.036) 0.006 0.035 0.114 0.025 0.023 0.016 0.012 0.045 0.011 0.016 
   9   (0.072) 0.029 0.059 0.067 0.035 0.116 0.019 0.099 0.203 0.029 0.120 
  10   (0.029) 0.005 0.098 0.006 0.033 0.030 0.005 0.012 0.007 0.142 0.012 
  11   (0.063) 0.064 0.065 0.017 0.078 0.110 0.015 0.023 0.077 0.091 0.036 
  12   (0.036) 0.007 0.025 0.144 0.021 0.021 0.018 0.013 0.012 0.116 0.010 
  13   (0.051) 0.059 0.035 0.057 0.062 0.031 0.011 0.086 0.022 0.019 0.037 
  14   (0.055) 0.126 0.020 0.175 0.073 0.043 0.016 0.036 0.017 0.021 0.049 
  15   (0.010) 0.002 0.002 0.002 0.002 0.002 0.234 0.001 0.002 0.001 0.002 
  16   (0.048) 0.053 0.050 0.047 0.092 0.044 0.010 0.013 0.020 0.016 0.020 
  17   (0.025) 0.059 0.038 0.006 0.022 0.018 0.025 0.024 0.012 0.007 0.011 
  18   (0.047) 0.175 0.035 0.011 0.066 0.025 0.014 0.017 0.035 0.062 0.065 
  19   (0.034) 0.008 0.030 0.006 0.012 0.103 0.036 0.159 0.029 0.020 0.022 
  20   (0.037) 0.008 0.051 0.033 0.036 0.031 0.006 0.148 0.031 0.012 0.017 
  21   (0.025) 0.009 0.018 0.045 0.016 0.019 0.004 0.006 0.015 0.026 0.007 
  22   (0.017) 0.007 0.005 0.015 0.005 0.007 0.003 0.003 0.005 0.013 0.004 
  23   (0.030) 0.006 0.018 0.019 0.026 0.040 0.011 0.010 0.022 0.015 0.049 
  24   (0.030) 0.046 0.035 0.006 0.013 0.021 0.097 0.006 0.015 0.006 0.028 
  25   (0.012) 0.004 0.007 0.002 0.004 0.004 0.002 0.012 0.003 0.005 0.012 

Locus 11 : btms0086 
3 alleles
0.0% missing data
   1   (0.835) 0.921 0.785 0.777 0.879 0.909 0.973 0.862 0.890 0.799 0.779 
   2   (0.144) 0.073 0.203 0.209 0.115 0.077 0.025 0.134 0.057 0.197 0.216 
   3   (0.021) 0.006 0.012 0.015 0.006 0.014 0.003 0.004 0.052 0.004 0.005 

Locus 12 : bl13 
3 alleles
0.0% missing data
   1   (0.072) 0.348 0.037 0.238 0.031 0.033 0.014 0.025 0.021 0.020 0.075 
   2   (0.828) 0.591 0.885 0.743 0.874 0.902 0.649 0.860 0.828 0.954 0.820 
   3   (0.100) 0.061 0.078 0.019 0.096 0.065 0.338 0.115 0.150 0.026 0.104 

Locus 13 : btms0059 
9 alleles
0.0% missing data
   1   (0.343) 0.281 0.324 0.342 0.310 0.396 0.487 0.379 0.584 0.150 0.364 
   2   (0.105) 0.018 0.093 0.118 0.297 0.092 0.286 0.032 0.064 0.280 0.054 
   3   (0.064) 0.118 0.026 0.131 0.030 0.060 0.021 0.019 0.048 0.023 0.055 
   4   (0.055) 0.020 0.051 0.045 0.028 0.034 0.010 0.028 0.020 0.016 0.121 
   5   (0.082) 0.047 0.142 0.035 0.064 0.079 0.031 0.041 0.084 0.060 0.049 
   6   (0.301) 0.508 0.329 0.317 0.193 0.303 0.153 0.481 0.184 0.453 0.344 
   7   (0.016) 0.003 0.006 0.003 0.050 0.007 0.006 0.003 0.004 0.012 0.003 
   8   (0.023) 0.004 0.026 0.006 0.017 0.023 0.005 0.015 0.009 0.004 0.008 
   9   (0.012) 0.002 0.004 0.003 0.010 0.006 0.002 0.004 0.002 0.002 0.003 

Values of parameters used in structure:
