

----------------------------------------------------
STRUCTURE by Pritchard, Stephens and Donnelly (2000)
     and Falush, Stephens and Pritchard (2003)
       Code by Pritchard, Falush and Hubisz
             Version 2.3.4 (Jul 2012)
----------------------------------------------------



Command line arguments:   bin/structure -m "/Users/johnmola/Desktop/rpbbfeb27/rpbbstructure/rpbb20k100k/mainparams" -e "/Users/johnmola/Desktop/rpbbfeb27/rpbbstructure/rpbb20k100k/extraparams" 
Input File:    /Users/johnmola/Desktop/rpbbfeb27/rpbbstructure/project_data

Run parameters:
   231 individuals
   13 loci
   8 populations assumed
   20000 Burn-in period
   100000 Reps


--------------------------------------------
Proportion of membership of each pre-defined
 population in each of the 8 clusters

Given    Inferred Clusters                                          Number of
 Pop       1      2      3      4      5      6      7      8      Individuals

  1:     0.015  0.032  0.033  0.773  0.050  0.030  0.054  0.013       21
  2:     0.166  0.077  0.300  0.020  0.160  0.106  0.156  0.015        7
  3:     0.070  0.181  0.207  0.084  0.170  0.055  0.204  0.029        7
  4:     0.112  0.219  0.063  0.052  0.159  0.148  0.177  0.071        8
  5:     0.013  0.094  0.064  0.047  0.213  0.268  0.280  0.022        4
  6:     0.083  0.131  0.229  0.034  0.180  0.066  0.178  0.098       35
  7:     0.046  0.103  0.166  0.063  0.272  0.102  0.217  0.031       40
  8:     0.067  0.239  0.172  0.052  0.147  0.102  0.136  0.086       19
  9:     0.036  0.263  0.043  0.248  0.182  0.065  0.131  0.032        4
 10:     0.106  0.130  0.215  0.025  0.074  0.146  0.083  0.222       11
 11:     0.583  0.018  0.016  0.139  0.060  0.054  0.119  0.012        8
 12:     0.073  0.033  0.086  0.037  0.081  0.309  0.073  0.308       60
 13:     0.021  0.403  0.122  0.036  0.215  0.081  0.103  0.020        7
--------------------------------------------

Allele-freq. divergence among pops (Net nucleotide distance),
computed using point estimates of P.

      1       2       3       4       5       6       7       8      
 1      -    0.0527  0.0459  0.0546  0.0318  0.0363  0.0287  0.0529  
 2   0.0527     -    0.0388  0.0480  0.0255  0.0373  0.0230  0.0436  
 3   0.0459  0.0388     -    0.0366  0.0213  0.0338  0.0233  0.0417  
 4   0.0546  0.0480  0.0366     -    0.0272  0.0326  0.0271  0.0430  
 5   0.0318  0.0255  0.0213  0.0272     -    0.0186  0.0046  0.0330  
 6   0.0363  0.0373  0.0338  0.0326  0.0186     -    0.0143  0.0317  
 7   0.0287  0.0230  0.0233  0.0271  0.0046  0.0143     -    0.0317  
 8   0.0529  0.0436  0.0417  0.0430  0.0330  0.0317  0.0317     -    

Average distances (expected heterozygosity) between individuals in same cluster:
cluster  1  : 0.6421 
cluster  2  : 0.6561 
cluster  3  : 0.6853 
cluster  4  : 0.6847 
cluster  5  : 0.6792 
cluster  6  : 0.6730 
cluster  7  : 0.6895 
cluster  8  : 0.6738 

--------------------------------------------
Estimated Ln Prob of Data   = -9946.9
Mean value of ln likelihood = -9306.4
Variance of ln likelihood   = 1281.0
Mean value of alpha         = 0.0508

Mean value of Fst_1         = 0.1570
Mean value of Fst_2         = 0.1062
Mean value of Fst_3         = 0.0799
Mean value of Fst_4         = 0.0869
Mean value of Fst_5         = 0.0609
Mean value of Fst_6         = 0.0586
Mean value of Fst_7         = 0.0608
Mean value of Fst_8         = 0.0977


Inferred ancestry of individuals:
        Label (%Miss) Pop:  Inferred clusters
  1  BAFF014    (0)    1 :  0.009 0.013 0.010 0.911 0.021 0.010 0.021 0.005 
  2  BAFF379    (0)    2 :  0.077 0.064 0.044 0.014 0.304 0.274 0.212 0.012 
  3  BAFF212    (0)    3 :  0.026 0.054 0.270 0.026 0.342 0.031 0.200 0.052 
  4  BAFF018    (0)    4 :  0.183 0.009 0.021 0.008 0.316 0.344 0.099 0.019 
  5  BAFF247    (0)    4 :  0.016 0.014 0.040 0.008 0.325 0.339 0.245 0.014 
  6  BAFF024    (0)    5 :  0.011 0.241 0.157 0.017 0.097 0.022 0.415 0.040 
  7  BAFF088    (0)    6 :  0.038 0.025 0.752 0.010 0.058 0.041 0.042 0.033 
  8  BAFF429    (0)    6 :  0.042 0.238 0.100 0.016 0.206 0.170 0.217 0.011 
  9  BAFF087    (7)    7 :  0.006 0.007 0.955 0.007 0.008 0.005 0.006 0.006 
 10  BAFF225    (0)    7 :  0.010 0.248 0.333 0.029 0.240 0.023 0.101 0.016 
 11  BAFF195    (0)    8 :  0.505 0.050 0.094 0.043 0.063 0.089 0.145 0.011 
 12  BAFF238    (0)    9 :  0.020 0.647 0.029 0.084 0.064 0.027 0.099 0.032 
 13  BAFF019    (0)   10 :  0.026 0.010 0.046 0.024 0.027 0.021 0.028 0.818 
 14  BAFF175    (0)   10 :  0.035 0.271 0.160 0.011 0.072 0.329 0.069 0.053 
 15  BAFF156    (0)   11 :  0.963 0.005 0.005 0.004 0.005 0.006 0.005 0.006 
 16  BAFF301    (0)   11 :  0.011 0.040 0.016 0.846 0.023 0.016 0.027 0.021 
 17  BAFF141    (0)   12 :  0.012 0.005 0.006 0.093 0.218 0.611 0.050 0.005 
 18  BAFF302    (0)   12 :  0.021 0.067 0.020 0.022 0.223 0.022 0.585 0.039 
 19  BAFF290    (0)    1 :  0.006 0.042 0.015 0.804 0.032 0.070 0.020 0.011 
 20  BAFF498    (0)    6 :  0.079 0.059 0.052 0.209 0.266 0.027 0.247 0.061 
 21  BAFF455    (0)    7 :  0.020 0.111 0.711 0.021 0.030 0.041 0.041 0.026 
 22  BAFF203    (7)    8 :  0.013 0.024 0.822 0.008 0.049 0.034 0.039 0.011 
 23  BAFF056    (0)   12 :  0.005 0.025 0.008 0.016 0.106 0.014 0.036 0.788 
 24  BAFF327    (0)   12 :  0.037 0.012 0.029 0.059 0.022 0.668 0.036 0.137 
 25  BAFF255    (0)    1 :  0.006 0.010 0.008 0.938 0.011 0.010 0.011 0.006 
 26  BAFF256    (0)    1 :  0.005 0.010 0.009 0.946 0.007 0.006 0.006 0.010 
 27  BAFF257    (0)    1 :  0.004 0.008 0.007 0.958 0.006 0.006 0.005 0.005 
 28  BAFF260    (0)    1 :  0.004 0.013 0.015 0.938 0.008 0.007 0.009 0.007 
 29  BAFF259    (0)    1 :  0.007 0.008 0.007 0.939 0.008 0.008 0.008 0.015 
 30  BAFF261    (0)    1 :  0.007 0.008 0.008 0.939 0.013 0.010 0.009 0.007 
 31  BAFF274    (0)    1 :  0.011 0.013 0.028 0.829 0.046 0.022 0.038 0.013 
 32  BAFF262    (0)    1 :  0.008 0.007 0.034 0.898 0.010 0.022 0.013 0.008 
 33  BAFF294    (0)    1 :  0.007 0.006 0.037 0.914 0.008 0.008 0.011 0.008 
 34  BAFF292    (0)    1 :  0.013 0.191 0.008 0.730 0.012 0.020 0.017 0.009 
 35  BAFF296    (0)    1 :  0.013 0.152 0.008 0.765 0.015 0.014 0.021 0.012 
 36  BAFF295    (0)    1 :  0.008 0.049 0.021 0.832 0.017 0.040 0.023 0.011 
 37  BAFF298    (0)    1 :  0.010 0.012 0.010 0.872 0.035 0.015 0.028 0.019 
 38  BAFF299    (0)    1 :  0.010 0.006 0.012 0.924 0.006 0.006 0.007 0.029 
 39  BAFF375    (0)   13 :  0.006 0.942 0.009 0.010 0.009 0.008 0.009 0.007 
 40  BAFF376    (0)   13 :  0.007 0.826 0.045 0.014 0.024 0.017 0.045 0.023 
 41  BAFF377    (0)   13 :  0.007 0.938 0.008 0.012 0.009 0.007 0.012 0.007 
 42  BAFF022    (0)    5 :  0.021 0.031 0.023 0.106 0.129 0.370 0.310 0.010 
 43  BAFF021    (0)    5 :  0.008 0.013 0.032 0.041 0.040 0.643 0.208 0.014 
 44  BAFF499    (0)    6 :  0.020 0.033 0.014 0.008 0.030 0.036 0.060 0.798 
 45  BAFF204    (0)    8 :  0.013 0.038 0.021 0.009 0.542 0.084 0.254 0.039 
 46  BAFF068    (0)   12 :  0.009 0.009 0.008 0.078 0.023 0.023 0.026 0.823 
 47  BAFF336    (0)   12 :  0.189 0.012 0.024 0.012 0.106 0.053 0.057 0.547 
 48  BAFF447    (0)    7 :  0.028 0.023 0.025 0.007 0.412 0.019 0.472 0.014 
 49  BAFF457    (0)    7 :  0.031 0.056 0.010 0.029 0.300 0.020 0.546 0.009 
 50  BAFF448    (0)    7 :  0.047 0.026 0.482 0.080 0.200 0.053 0.106 0.007 
 51  BAFF465    (0)    7 :  0.016 0.014 0.875 0.014 0.030 0.020 0.022 0.010 
 52  BAFF194    (0)    8 :  0.021 0.085 0.028 0.023 0.192 0.026 0.616 0.010 
 53  BAFF199    (0)    8 :  0.090 0.036 0.015 0.017 0.445 0.144 0.237 0.016 
 54  BAFF500    (0)    6 :  0.009 0.072 0.082 0.202 0.365 0.011 0.181 0.078 
 55  BAFF206    (0)    8 :  0.013 0.176 0.105 0.043 0.024 0.543 0.042 0.054 
 56  BAFF069    (0)   12 :  0.020 0.022 0.013 0.010 0.017 0.022 0.018 0.878 
 57  BAFF330    (0)   12 :  0.139 0.024 0.624 0.017 0.079 0.061 0.029 0.027 
 58  BAFF239    (0)   10 :  0.093 0.021 0.023 0.026 0.055 0.225 0.081 0.475 
 59  BAFF241    (0)   10 :  0.059 0.019 0.009 0.032 0.069 0.047 0.090 0.675 
 60  BAFF157    (0)   11 :  0.959 0.006 0.005 0.004 0.006 0.007 0.008 0.005 
 61  BAFF161    (0)   11 :  0.965 0.005 0.005 0.004 0.005 0.004 0.006 0.005 
 62  BAFF160    (0)   11 :  0.959 0.005 0.007 0.004 0.006 0.006 0.007 0.005 
 63  BAFF008    (0)   12 :  0.016 0.029 0.602 0.041 0.084 0.040 0.051 0.136 
 64  BAFF013    (0)   12 :  0.021 0.023 0.808 0.010 0.025 0.068 0.032 0.014 
 65  BAFF407    (0)   12 :  0.018 0.014 0.013 0.009 0.016 0.019 0.012 0.899 
 66  BAFF503    (0)    6 :  0.053 0.023 0.072 0.007 0.050 0.012 0.028 0.754 
 67  BAFF449    (0)    7 :  0.009 0.012 0.332 0.010 0.023 0.567 0.024 0.023 
 68  BAFF207    (0)    8 :  0.004 0.367 0.039 0.012 0.032 0.017 0.050 0.479 
 69  BAFF070    (0)   12 :  0.009 0.014 0.013 0.009 0.014 0.030 0.013 0.899 
 70  BAFF335    (0)   12 :  0.019 0.006 0.011 0.010 0.012 0.905 0.016 0.022 
 71  BAFF507    (0)    6 :  0.031 0.194 0.015 0.039 0.170 0.014 0.529 0.008 
 72  BAFF450    (0)    7 :  0.154 0.378 0.025 0.160 0.109 0.043 0.089 0.041 
 73  BAFF209    (7)    8 :  0.072 0.397 0.219 0.030 0.030 0.132 0.094 0.026 
 74  BAFF072    (0)   12 :  0.301 0.016 0.017 0.011 0.027 0.517 0.061 0.050 
 75  BAFF339    (0)   12 :  0.016 0.393 0.011 0.013 0.128 0.078 0.066 0.294 
 76  BAFF508    (0)    6 :  0.693 0.026 0.016 0.058 0.108 0.044 0.038 0.016 
 77  BAFF451    (0)    7 :  0.015 0.035 0.053 0.010 0.253 0.067 0.549 0.019 
 78  BAFF210    (0)    8 :  0.008 0.249 0.090 0.071 0.085 0.016 0.066 0.415 
 79  BAFF139    (0)   12 :  0.029 0.070 0.021 0.037 0.229 0.106 0.498 0.010 
 80  BAFF341    (0)   12 :  0.072 0.127 0.033 0.016 0.438 0.102 0.193 0.018 
 81  BAFF509    (0)    6 :  0.008 0.063 0.680 0.063 0.027 0.061 0.062 0.036 
 82  BAFF453    (0)    7 :  0.013 0.794 0.035 0.008 0.037 0.044 0.022 0.047 
 83  BAFF389    (0)    8 :  0.165 0.752 0.019 0.022 0.008 0.015 0.013 0.006 
 84  BAFF163    (0)   12 :  0.008 0.009 0.008 0.003 0.006 0.007 0.006 0.953 
 85  BAFF344    (7)   12 :  0.038 0.048 0.026 0.009 0.029 0.580 0.047 0.222 
 86  BAFF510    (0)    6 :  0.081 0.051 0.217 0.010 0.150 0.052 0.411 0.027 
 87  BAFF456    (0)    7 :  0.012 0.070 0.010 0.016 0.254 0.052 0.552 0.033 
 88  BAFF390    (0)    8 :  0.009 0.948 0.006 0.006 0.008 0.006 0.012 0.005 
 89  BAFF142    (0)   12 :  0.020 0.008 0.009 0.262 0.163 0.409 0.076 0.054 
 90  BAFF363    (7)   12 :  0.030 0.007 0.010 0.006 0.010 0.019 0.009 0.908 
 91  BAFF517    (0)    6 :  0.020 0.223 0.019 0.008 0.173 0.073 0.454 0.030 
 92  BAFF458    (0)    7 :  0.017 0.020 0.047 0.029 0.619 0.027 0.217 0.024 
 93  BAFF391    (0)    8 :  0.012 0.024 0.026 0.179 0.171 0.118 0.191 0.279 
 94  BAFF149    (0)   12 :  0.025 0.047 0.010 0.012 0.029 0.822 0.028 0.025 
 95  BAFF366    (7)   12 :  0.024 0.031 0.006 0.008 0.048 0.698 0.172 0.013 
 96  BAFF512    (0)    6 :  0.027 0.072 0.096 0.152 0.373 0.026 0.214 0.040 
 97  BAFF460    (0)    7 :  0.019 0.024 0.010 0.014 0.176 0.606 0.136 0.013 
 98  BAFF138    (0)   12 :  0.020 0.010 0.007 0.014 0.017 0.894 0.021 0.016 
 99  BAFF374    (0)   12 :  0.058 0.024 0.522 0.034 0.012 0.019 0.015 0.316 
100  BAFF015    (0)    1 :  0.008 0.009 0.010 0.910 0.024 0.012 0.016 0.011 
101  BAFF380    (0)    2 :  0.529 0.024 0.144 0.013 0.121 0.048 0.081 0.040 
102  BAFF216    (0)    3 :  0.018 0.106 0.100 0.037 0.310 0.020 0.382 0.028 
103  BAFF017    (0)    4 :  0.006 0.608 0.007 0.020 0.081 0.005 0.254 0.021 
104  BAFF245    (0)    4 :  0.011 0.113 0.120 0.142 0.084 0.304 0.193 0.033 
105  BAFF378    (7)   13 :  0.017 0.025 0.013 0.165 0.546 0.016 0.209 0.010 
106  BAFF023    (0)    5 :  0.010 0.090 0.044 0.022 0.585 0.036 0.187 0.025 
107  BAFF079    (0)    6 :  0.032 0.169 0.116 0.035 0.096 0.113 0.398 0.040 
108  BAFF435    (0)    6 :  0.016 0.023 0.013 0.007 0.692 0.034 0.198 0.016 
109  BAFF174    (7)    7 :  0.016 0.847 0.022 0.007 0.035 0.018 0.032 0.022 
110  BAFF226    (0)    7 :  0.018 0.025 0.009 0.012 0.383 0.045 0.501 0.008 
111  BAFF190    (0)    8 :  0.046 0.018 0.487 0.017 0.145 0.111 0.090 0.086 
112  BAFF243    (0)    9 :  0.080 0.356 0.023 0.062 0.141 0.084 0.248 0.006 
113  BAFF177    (0)   10 :  0.023 0.180 0.632 0.030 0.024 0.061 0.040 0.008 
114  BAFF364    (7)   11 :  0.739 0.023 0.067 0.012 0.082 0.018 0.039 0.021 
115  BAFF305    (0)   12 :  0.020 0.021 0.013 0.021 0.020 0.856 0.029 0.020 
116  BAFF513    (0)    6 :  0.019 0.071 0.589 0.056 0.103 0.021 0.124 0.018 
117  BAFF462    (0)    7 :  0.028 0.014 0.117 0.416 0.244 0.014 0.103 0.065 
118  BAFF143    (0)   12 :  0.069 0.068 0.041 0.007 0.055 0.640 0.067 0.055 
119  BAFF403    (0)   12 :  0.010 0.008 0.009 0.007 0.008 0.008 0.008 0.943 
120  BAFF514    (0)    6 :  0.011 0.034 0.487 0.008 0.106 0.027 0.074 0.254 
121  BAFF463    (0)    7 :  0.010 0.007 0.957 0.005 0.006 0.005 0.006 0.004 
122  BAFF137    (0)   12 :  0.010 0.008 0.128 0.009 0.016 0.799 0.021 0.009 
123  BAFF404    (0)   12 :  0.024 0.009 0.008 0.013 0.012 0.009 0.011 0.915 
124  BAFF515    (0)    6 :  0.048 0.050 0.373 0.023 0.139 0.120 0.214 0.033 
125  BAFF144    (0)   12 :  0.318 0.019 0.141 0.011 0.278 0.075 0.089 0.070 
126  BAFF405    (7)   12 :  0.210 0.011 0.046 0.035 0.078 0.536 0.059 0.025 
127  BAFF518    (0)    6 :  0.016 0.036 0.011 0.011 0.118 0.270 0.074 0.464 
128  BAFF467    (0)    7 :  0.014 0.073 0.062 0.017 0.494 0.031 0.273 0.037 
129  BAFF145    (0)   12 :  0.488 0.025 0.028 0.074 0.061 0.228 0.083 0.013 
130  BAFF406    (0)   12 :  0.484 0.028 0.048 0.008 0.024 0.069 0.033 0.305 
131  BAFF519    (0)    6 :  0.015 0.654 0.047 0.012 0.089 0.077 0.094 0.012 
132  BAFF471    (0)    7 :  0.031 0.045 0.152 0.077 0.162 0.328 0.183 0.022 
133  BAFF136    (0)   12 :  0.009 0.053 0.043 0.005 0.009 0.172 0.013 0.696 
134  BAFF520    (7)    6 :  0.020 0.075 0.045 0.023 0.544 0.030 0.209 0.054 
135  BAFF472    (0)    7 :  0.100 0.092 0.215 0.027 0.312 0.047 0.182 0.026 
136  BAFF165    (0)   12 :  0.008 0.027 0.020 0.053 0.058 0.600 0.187 0.047 
137  BAFF408    (0)   12 :  0.088 0.021 0.015 0.031 0.052 0.675 0.040 0.077 
138  BAFF522    (0)    6 :  0.025 0.027 0.713 0.032 0.058 0.044 0.057 0.044 
139  BAFF475    (0)    7 :  0.022 0.205 0.040 0.007 0.172 0.057 0.452 0.044 
140  BAFF140    (0)   12 :  0.061 0.053 0.220 0.017 0.028 0.530 0.064 0.026 
141  BAFF409    (0)   12 :  0.011 0.015 0.057 0.104 0.012 0.015 0.013 0.773 
142  BAFF523    (0)    6 :  0.098 0.025 0.520 0.014 0.229 0.014 0.091 0.009 
143  BAFF476    (0)    7 :  0.232 0.125 0.012 0.008 0.182 0.051 0.355 0.034 
144  BAFF147    (0)   12 :  0.016 0.019 0.047 0.014 0.025 0.680 0.034 0.165 
145  BAFF410    (0)   12 :  0.013 0.032 0.009 0.015 0.033 0.203 0.093 0.601 
146  BAFF477    (0)    7 :  0.016 0.030 0.017 0.076 0.353 0.128 0.373 0.007 
147  BAFF411    (0)   12 :  0.074 0.096 0.013 0.565 0.050 0.075 0.033 0.093 
148  BAFF486    (7)    7 :  0.008 0.018 0.005 0.008 0.763 0.031 0.162 0.006 
149  BAFF412    (7)   12 :  0.020 0.027 0.095 0.047 0.022 0.025 0.045 0.719 
150  BAFF258    (0)    1 :  0.052 0.012 0.355 0.200 0.209 0.017 0.128 0.026 
151  BAFF392    (0)    2 :  0.042 0.028 0.893 0.005 0.009 0.008 0.009 0.006 
152  BAFF217    (0)    3 :  0.036 0.705 0.010 0.010 0.084 0.041 0.099 0.016 
153  BAFF016    (0)    4 :  0.150 0.303 0.010 0.005 0.074 0.048 0.376 0.034 
154  BAFF246    (0)    4 :  0.047 0.672 0.059 0.010 0.039 0.021 0.131 0.020 
155  BAFF381    (0)   13 :  0.013 0.036 0.022 0.011 0.298 0.409 0.175 0.035 
156  BAFF078    (0)    6 :  0.423 0.020 0.016 0.006 0.024 0.387 0.060 0.063 
157  BAFF481    (0)    6 :  0.017 0.091 0.039 0.027 0.431 0.178 0.177 0.041 
158  BAFF436    (0)    7 :  0.050 0.093 0.419 0.099 0.085 0.062 0.136 0.056 
159  BAFF191    (0)    8 :  0.012 0.685 0.096 0.010 0.041 0.023 0.114 0.019 
160  BAFF382    (0)    9 :  0.036 0.039 0.095 0.007 0.508 0.080 0.155 0.079 
161  BAFF178    (0)   10 :  0.008 0.216 0.639 0.011 0.018 0.024 0.027 0.057 
162  BAFF159    (7)   11 :  0.020 0.018 0.011 0.008 0.244 0.010 0.677 0.012 
163  BAFF365    (7)   11 :  0.043 0.046 0.015 0.226 0.105 0.361 0.184 0.019 
164  BAFF007    (0)   12 :  0.128 0.052 0.043 0.077 0.235 0.181 0.258 0.027 
165  BAFF304    (7)   12 :  0.113 0.015 0.012 0.012 0.075 0.587 0.101 0.084 
166  BAFF487    (0)    7 :  0.094 0.069 0.079 0.018 0.524 0.011 0.175 0.028 
167  BAFF415    (0)   12 :  0.021 0.012 0.030 0.062 0.039 0.209 0.095 0.532 
168  BAFF488    (0)    7 :  0.016 0.045 0.012 0.607 0.094 0.048 0.166 0.012 
169  BAFF417    (0)   12 :  0.017 0.020 0.032 0.016 0.074 0.442 0.053 0.346 
170  BAFF489    (0)    7 :  0.080 0.022 0.057 0.008 0.354 0.247 0.199 0.033 
171  BAFF426    (0)   12 :  0.007 0.013 0.019 0.016 0.015 0.016 0.018 0.897 
172  BAFF490    (7)    7 :  0.142 0.029 0.052 0.021 0.353 0.018 0.376 0.010 
173  BAFF491    (0)    7 :  0.080 0.042 0.182 0.042 0.509 0.037 0.100 0.008 
174  BAFF492    (0)    7 :  0.010 0.029 0.014 0.007 0.707 0.031 0.189 0.013 
175  BAFF493    (0)    7 :  0.016 0.028 0.096 0.411 0.285 0.025 0.105 0.034 
176  BAFF506    (0)    7 :  0.030 0.031 0.038 0.065 0.628 0.012 0.185 0.011 
177  BAFF393    (0)    2 :  0.388 0.035 0.013 0.027 0.295 0.103 0.128 0.011 
178  BAFF218    (0)    3 :  0.022 0.341 0.087 0.067 0.158 0.073 0.228 0.024 
179  BAFF254    (0)    4 :  0.467 0.011 0.015 0.033 0.281 0.112 0.069 0.012 
180  BAFF385    (0)   13 :  0.045 0.028 0.131 0.020 0.504 0.043 0.193 0.037 
181  BAFF076    (0)    6 :  0.012 0.010 0.931 0.009 0.010 0.008 0.008 0.011 
182  BAFF482    (0)    6 :  0.016 0.013 0.096 0.009 0.469 0.095 0.240 0.062 
183  BAFF437    (0)    7 :  0.006 0.012 0.023 0.017 0.104 0.468 0.360 0.010 
184  BAFF192    (0)    8 :  0.174 0.113 0.474 0.017 0.058 0.087 0.065 0.012 
185  BAFF383    (0)    9 :  0.007 0.009 0.023 0.839 0.017 0.071 0.022 0.011 
186  BAFF180    (0)   10 :  0.011 0.576 0.196 0.008 0.047 0.012 0.050 0.101 
187  BAFF048    (7)   12 :  0.679 0.011 0.048 0.044 0.094 0.025 0.088 0.011 
188  BAFF306    (0)   12 :  0.018 0.054 0.040 0.011 0.072 0.709 0.068 0.028 
189  BAFF394    (0)    2 :  0.108 0.367 0.067 0.060 0.061 0.164 0.149 0.024 
190  BAFF219    (0)    3 :  0.013 0.044 0.031 0.009 0.265 0.148 0.477 0.014 
191  BAFF388    (0)    4 :  0.017 0.023 0.230 0.186 0.072 0.012 0.047 0.413 
192  BAFF386    (7)   13 :  0.052 0.023 0.628 0.020 0.113 0.069 0.075 0.020 
193  BAFF084    (0)    6 :  0.747 0.017 0.010 0.010 0.135 0.017 0.054 0.009 
194  BAFF483    (0)    6 :  0.011 0.093 0.343 0.032 0.105 0.183 0.111 0.121 
195  BAFF438   (15)    7 :  0.178 0.033 0.065 0.017 0.181 0.383 0.103 0.041 
196  BAFF193    (0)    8 :  0.020 0.043 0.067 0.450 0.292 0.023 0.087 0.018 
197  BAFF183    (0)   10 :  0.066 0.053 0.017 0.071 0.323 0.029 0.381 0.060 
198  BAFF153    (0)   12 :  0.020 0.007 0.010 0.007 0.009 0.914 0.019 0.014 
199  BAFF307    (0)   12 :  0.150 0.024 0.023 0.012 0.187 0.517 0.067 0.021 
200  BAFF397    (0)    2 :  0.014 0.017 0.005 0.009 0.302 0.139 0.506 0.009 
201  BAFF220    (0)    3 :  0.062 0.005 0.875 0.008 0.016 0.007 0.019 0.008 
202  BAFF095    (0)    6 :  0.009 0.022 0.855 0.047 0.018 0.017 0.018 0.014 
203  BAFF494    (0)    6 :  0.039 0.046 0.604 0.006 0.183 0.015 0.078 0.028 
204  BAFF439    (0)    7 :  0.015 0.245 0.012 0.009 0.163 0.202 0.083 0.271 
205  BAFF182    (0)   10 :  0.080 0.041 0.572 0.032 0.025 0.069 0.046 0.135 
206  BAFF054    (0)   12 :  0.008 0.006 0.007 0.006 0.008 0.027 0.008 0.929 
207  BAFF308    (0)   12 :  0.019 0.009 0.017 0.016 0.079 0.789 0.059 0.013 
208  BAFF266    (0)    1 :  0.107 0.016 0.019 0.106 0.400 0.024 0.290 0.038 
209  BAFF398    (7)    2 :  0.006 0.005 0.932 0.011 0.024 0.006 0.010 0.005 
210  BAFF221    (0)    3 :  0.317 0.010 0.075 0.432 0.017 0.063 0.022 0.064 
211  BAFF090    (0)    6 :  0.170 0.015 0.049 0.015 0.305 0.075 0.182 0.189 
212  BAFF495    (0)    6 :  0.009 0.890 0.009 0.007 0.029 0.010 0.035 0.011 
213  BAFF459    (0)    7 :  0.056 0.106 0.012 0.006 0.178 0.023 0.608 0.011 
214  BAFF197    (0)    8 :  0.012 0.119 0.020 0.014 0.118 0.401 0.251 0.066 
215  BAFF188    (0)   10 :  0.058 0.024 0.015 0.017 0.044 0.739 0.055 0.049 
216  BAFF051    (0)   12 :  0.014 0.028 0.039 0.024 0.331 0.039 0.169 0.356 
217  BAFF309    (0)   12 :  0.035 0.032 0.076 0.012 0.604 0.068 0.160 0.014 
218  BAFF269    (0)    1 :  0.011 0.057 0.035 0.062 0.147 0.267 0.410 0.010 
219  BAFF077    (0)    6 :  0.047 0.088 0.005 0.008 0.196 0.007 0.639 0.010 
220  BAFF496    (0)    6 :  0.005 0.931 0.007 0.011 0.017 0.007 0.015 0.007 
221  BAFF443    (0)    7 :  0.021 0.023 0.035 0.074 0.426 0.107 0.214 0.099 
222  BAFF198    (0)    8 :  0.031 0.354 0.202 0.010 0.206 0.024 0.124 0.050 
223  BAFF053    (0)   12 :  0.017 0.048 0.009 0.018 0.033 0.815 0.032 0.028 
224  BAFF310    (0)   12 :  0.014 0.017 0.007 0.009 0.037 0.068 0.064 0.783 
225  BAFF282    (0)    1 :  0.017 0.020 0.046 0.807 0.021 0.027 0.048 0.015 
226  BAFF497    (0)    6 :  0.010 0.105 0.013 0.011 0.247 0.014 0.587 0.014 
227  BAFF466    (0)    7 :  0.159 0.021 0.029 0.013 0.488 0.066 0.190 0.034 
228  BAFF200    (7)    8 :  0.044 0.060 0.432 0.011 0.279 0.043 0.090 0.039 
229  BAFF240    (0)   10 :  0.706 0.019 0.054 0.013 0.105 0.043 0.049 0.010 
230  BAFF055    (0)   12 :  0.010 0.009 0.029 0.019 0.017 0.157 0.022 0.737 
231  BAFF311    (7)   12 :  0.023 0.013 0.885 0.024 0.009 0.022 0.017 0.007 


Estimated Allele Frequencies in each cluster
First column gives estimated ancestral frequencies


Locus 1 : btern01 
9 alleles
0.0% missing data
   1   (0.141) 0.146 0.197 0.140 0.115 0.133 0.161 0.159 0.032 
   2   (0.017) 0.004 0.004 0.004 0.024 0.013 0.004 0.010 0.003 
   3   (0.171) 0.144 0.195 0.135 0.072 0.184 0.205 0.236 0.095 
   4   (0.208) 0.257 0.311 0.182 0.207 0.214 0.196 0.152 0.166 
   5   (0.286) 0.357 0.097 0.145 0.427 0.364 0.341 0.333 0.336 
   6   (0.072) 0.023 0.091 0.042 0.033 0.036 0.058 0.054 0.339 
   7   (0.049) 0.051 0.015 0.290 0.085 0.019 0.018 0.016 0.020 
   8   (0.016) 0.003 0.010 0.003 0.030 0.005 0.006 0.008 0.002 
   9   (0.039) 0.015 0.080 0.059 0.007 0.033 0.010 0.031 0.007 

Locus 2 : bt28 
5 alleles
0.0% missing data
   1   (0.668) 0.661 0.731 0.587 0.779 0.639 0.741 0.663 0.719 
   2   (0.153) 0.056 0.170 0.169 0.161 0.141 0.147 0.121 0.101 
   3   (0.146) 0.269 0.085 0.238 0.041 0.183 0.101 0.129 0.174 
   4   (0.023) 0.012 0.011 0.004 0.005 0.034 0.008 0.084 0.004 
   5   (0.011) 0.002 0.002 0.002 0.014 0.002 0.003 0.003 0.002 

Locus 3 : b96 
8 alleles
0.9% missing data
   1   (0.331) 0.201 0.273 0.355 0.351 0.305 0.455 0.351 0.313 
   2   (0.482) 0.586 0.669 0.516 0.453 0.604 0.342 0.534 0.525 
   3   (0.046) 0.087 0.013 0.030 0.012 0.035 0.060 0.027 0.043 
   4   (0.015) 0.086 0.003 0.003 0.004 0.007 0.003 0.006 0.003 
   5   (0.049) 0.012 0.014 0.046 0.026 0.026 0.055 0.043 0.030 
   6   (0.026) 0.006 0.005 0.040 0.087 0.006 0.013 0.006 0.005 
   7   (0.038) 0.020 0.021 0.008 0.065 0.015 0.068 0.028 0.007 
   8   (0.013) 0.002 0.002 0.003 0.003 0.003 0.003 0.003 0.074 

Locus 4 : bt30 
12 alleles
0.9% missing data
   1   (0.109) 0.038 0.029 0.179 0.260 0.136 0.063 0.098 0.115 
   2   (0.284) 0.222 0.347 0.264 0.284 0.355 0.288 0.302 0.287 
   3   (0.073) 0.076 0.128 0.025 0.017 0.175 0.036 0.133 0.024 
   4   (0.192) 0.213 0.148 0.219 0.113 0.169 0.221 0.215 0.242 
   5   (0.014) 0.002 0.004 0.016 0.004 0.007 0.004 0.006 0.003 
   6   (0.098) 0.034 0.142 0.219 0.102 0.057 0.066 0.114 0.050 
   7   (0.033) 0.012 0.018 0.010 0.022 0.019 0.044 0.020 0.023 
   8   (0.050) 0.063 0.011 0.010 0.044 0.024 0.076 0.034 0.060 
   9   (0.109) 0.334 0.153 0.041 0.084 0.049 0.165 0.065 0.189 
  10   (0.011) 0.002 0.002 0.002 0.064 0.002 0.002 0.003 0.002 
  11   (0.016) 0.002 0.004 0.015 0.003 0.004 0.033 0.005 0.004 
  12   (0.010) 0.002 0.013 0.002 0.002 0.003 0.003 0.003 0.002 

Locus 5 : btms0081 
3 alleles
0.9% missing data
   1   (0.498) 0.630 0.340 0.647 0.581 0.591 0.403 0.552 0.308 
   2   (0.355) 0.309 0.433 0.258 0.225 0.323 0.431 0.349 0.473 
   3   (0.148) 0.061 0.227 0.095 0.194 0.086 0.167 0.099 0.220 

Locus 6 : btms0066 
24 alleles
0.0% missing data
   1   (0.255) 0.161 0.199 0.343 0.382 0.320 0.306 0.243 0.375 
   2   (0.014) 0.004 0.012 0.003 0.064 0.004 0.003 0.004 0.002 
   3   (0.033) 0.011 0.010 0.018 0.006 0.035 0.119 0.022 0.009 
   4   (0.164) 0.054 0.398 0.176 0.061 0.251 0.113 0.241 0.125 
   5   (0.098) 0.032 0.104 0.040 0.027 0.142 0.189 0.135 0.104 
   6   (0.052) 0.119 0.060 0.199 0.012 0.019 0.047 0.024 0.018 
   7   (0.018) 0.003 0.003 0.051 0.016 0.009 0.004 0.005 0.003 
   8   (0.055) 0.038 0.053 0.016 0.077 0.042 0.029 0.076 0.033 
   9   (0.023) 0.296 0.005 0.008 0.004 0.008 0.021 0.010 0.005 
  10   (0.028) 0.043 0.006 0.006 0.142 0.023 0.007 0.022 0.005 
  11   (0.017) 0.004 0.006 0.007 0.146 0.005 0.005 0.005 0.012 
  12   (0.036) 0.009 0.082 0.007 0.007 0.041 0.022 0.098 0.016 
  13   (0.026) 0.029 0.006 0.025 0.006 0.013 0.019 0.011 0.017 
  14   (0.020) 0.070 0.003 0.004 0.004 0.007 0.005 0.005 0.043 
  15   (0.017) 0.003 0.005 0.003 0.004 0.021 0.017 0.042 0.003 
  16   (0.030) 0.066 0.008 0.025 0.006 0.011 0.015 0.011 0.097 
  17   (0.025) 0.030 0.005 0.007 0.015 0.014 0.023 0.014 0.049 
  18   (0.011) 0.002 0.002 0.002 0.002 0.002 0.002 0.002 0.032 
  19   (0.010) 0.002 0.002 0.003 0.002 0.002 0.036 0.002 0.002 
  20   (0.021) 0.008 0.023 0.024 0.007 0.009 0.006 0.009 0.015 
  21   (0.019) 0.009 0.003 0.025 0.006 0.010 0.005 0.007 0.004 
  22   (0.006) 0.003 0.001 0.008 0.001 0.004 0.002 0.003 0.001 
  23   (0.010) 0.001 0.002 0.002 0.002 0.002 0.003 0.002 0.030 
  24   (0.012) 0.004 0.002 0.002 0.003 0.007 0.003 0.006 0.002 

Locus 7 : btms0083 
31 alleles
3.0% missing data
   1   (0.011) 0.005 0.002 0.002 0.217 0.002 0.003 0.003 0.002 
   2   (0.023) 0.012 0.004 0.005 0.098 0.018 0.031 0.009 0.004 
   3   (0.028) 0.114 0.006 0.073 0.006 0.017 0.011 0.018 0.008 
   4   (0.042) 0.029 0.017 0.033 0.053 0.061 0.022 0.031 0.012 
   5   (0.192) 0.150 0.164 0.352 0.221 0.226 0.228 0.195 0.261 
   6   (0.022) 0.016 0.006 0.018 0.005 0.026 0.006 0.020 0.005 
   7   (0.063) 0.062 0.030 0.022 0.021 0.094 0.099 0.072 0.162 
   8   (0.034) 0.011 0.010 0.009 0.016 0.032 0.131 0.055 0.012 
   9   (0.037) 0.008 0.033 0.047 0.008 0.035 0.039 0.035 0.007 
  10   (0.027) 0.007 0.013 0.116 0.008 0.011 0.016 0.010 0.024 
  11   (0.054) 0.371 0.110 0.015 0.015 0.059 0.032 0.107 0.010 
  12   (0.018) 0.003 0.012 0.005 0.035 0.011 0.004 0.008 0.004 
  13   (0.051) 0.030 0.098 0.020 0.011 0.030 0.080 0.065 0.070 
  14   (0.034) 0.010 0.012 0.008 0.007 0.112 0.017 0.116 0.006 
  15   (0.029) 0.009 0.049 0.024 0.022 0.015 0.013 0.035 0.006 
  16   (0.031) 0.012 0.009 0.075 0.035 0.031 0.008 0.022 0.006 
  17   (0.027) 0.007 0.281 0.008 0.068 0.009 0.015 0.012 0.005 
  18   (0.050) 0.017 0.030 0.036 0.033 0.066 0.038 0.036 0.113 
  19   (0.018) 0.004 0.004 0.004 0.010 0.012 0.006 0.008 0.111 
  20   (0.030) 0.007 0.006 0.007 0.006 0.013 0.095 0.012 0.054 
  21   (0.011) 0.002 0.002 0.002 0.032 0.002 0.002 0.003 0.002 
  22   (0.010) 0.002 0.006 0.002 0.026 0.002 0.003 0.003 0.002 
  23   (0.017) 0.003 0.005 0.004 0.017 0.008 0.008 0.017 0.003 
  24   (0.008) 0.001 0.001 0.001 0.003 0.002 0.002 0.002 0.013 
  25   (0.035) 0.008 0.007 0.086 0.007 0.039 0.036 0.018 0.007 
  26   (0.015) 0.006 0.014 0.004 0.003 0.018 0.005 0.053 0.003 
  27   (0.029) 0.009 0.050 0.008 0.006 0.016 0.027 0.012 0.047 
  28   (0.016) 0.076 0.009 0.006 0.005 0.010 0.005 0.008 0.003 
  29   (0.011) 0.003 0.003 0.003 0.004 0.017 0.003 0.008 0.002 
  30   (0.013) 0.002 0.002 0.003 0.002 0.003 0.011 0.003 0.035 
  31   (0.012) 0.002 0.003 0.002 0.003 0.004 0.006 0.008 0.002 

Locus 8 : b126 
16 alleles
0.0% missing data
   1   (0.042) 0.008 0.014 0.066 0.041 0.019 0.033 0.041 0.012 
   2   (0.050) 0.010 0.075 0.014 0.126 0.034 0.051 0.051 0.008 
   3   (0.317) 0.544 0.435 0.263 0.212 0.366 0.366 0.331 0.395 
   4   (0.031) 0.006 0.056 0.013 0.008 0.037 0.010 0.044 0.007 
   5   (0.070) 0.033 0.090 0.118 0.020 0.143 0.035 0.068 0.046 
   6   (0.066) 0.017 0.017 0.015 0.016 0.086 0.140 0.106 0.153 
   7   (0.106) 0.229 0.078 0.181 0.022 0.080 0.139 0.081 0.140 
   8   (0.030) 0.008 0.019 0.007 0.007 0.017 0.015 0.036 0.075 
   9   (0.010) 0.001 0.002 0.042 0.002 0.002 0.002 0.002 0.001 
  10   (0.041) 0.012 0.028 0.106 0.026 0.018 0.014 0.024 0.054 
  11   (0.092) 0.104 0.032 0.034 0.384 0.111 0.088 0.104 0.024 
  12   (0.030) 0.005 0.006 0.006 0.025 0.030 0.031 0.017 0.028 
  13   (0.065) 0.011 0.114 0.089 0.102 0.035 0.034 0.041 0.046 
  14   (0.022) 0.004 0.030 0.009 0.004 0.014 0.008 0.039 0.005 
  15   (0.012) 0.002 0.003 0.009 0.002 0.003 0.030 0.003 0.002 
  16   (0.016) 0.005 0.003 0.029 0.003 0.006 0.004 0.011 0.003 

Locus 9 : btms0062 
34 alleles
0.0% missing data
   1   (0.032) 0.058 0.008 0.028 0.074 0.046 0.008 0.025 0.009 
   2   (0.051) 0.017 0.245 0.037 0.102 0.034 0.023 0.036 0.013 
   3   (0.085) 0.070 0.055 0.032 0.107 0.093 0.239 0.074 0.057 
   4   (0.096) 0.182 0.034 0.224 0.053 0.118 0.046 0.138 0.208 
   5   (0.051) 0.092 0.015 0.041 0.019 0.160 0.074 0.058 0.012 
   6   (0.029) 0.019 0.028 0.013 0.008 0.022 0.032 0.021 0.005 
   7   (0.014) 0.002 0.003 0.003 0.003 0.015 0.007 0.008 0.002 
   8   (0.023) 0.004 0.009 0.005 0.007 0.028 0.042 0.055 0.004 
   9   (0.043) 0.071 0.051 0.026 0.020 0.046 0.015 0.092 0.018 
  10   (0.055) 0.011 0.040 0.067 0.038 0.074 0.025 0.073 0.058 
  11   (0.068) 0.245 0.041 0.155 0.021 0.061 0.056 0.064 0.040 
  12   (0.043) 0.010 0.282 0.073 0.009 0.017 0.037 0.023 0.028 
  13   (0.042) 0.016 0.011 0.130 0.025 0.021 0.058 0.044 0.017 
  14   (0.040) 0.010 0.016 0.010 0.011 0.044 0.038 0.050 0.273 
  15   (0.017) 0.004 0.006 0.004 0.003 0.005 0.108 0.008 0.004 
  16   (0.018) 0.065 0.004 0.004 0.004 0.007 0.016 0.007 0.011 
  17   (0.018) 0.003 0.005 0.012 0.156 0.005 0.004 0.006 0.003 
  18   (0.012) 0.003 0.006 0.034 0.003 0.003 0.004 0.004 0.002 
  19   (0.049) 0.009 0.062 0.017 0.079 0.036 0.016 0.040 0.088 
  20   (0.011) 0.001 0.002 0.002 0.033 0.002 0.002 0.002 0.002 
  21   (0.031) 0.007 0.023 0.020 0.057 0.031 0.013 0.037 0.006 
  22   (0.017) 0.003 0.003 0.003 0.100 0.006 0.018 0.007 0.003 
  23   (0.008) 0.001 0.002 0.002 0.027 0.004 0.002 0.002 0.001 
  24   (0.020) 0.004 0.010 0.005 0.005 0.027 0.005 0.041 0.008 
  25   (0.011) 0.002 0.003 0.003 0.008 0.014 0.002 0.007 0.002 
  26   (0.027) 0.023 0.012 0.019 0.010 0.051 0.012 0.041 0.050 
  27   (0.018) 0.033 0.004 0.012 0.003 0.005 0.039 0.009 0.007 
  28   (0.010) 0.002 0.002 0.002 0.002 0.002 0.025 0.002 0.002 
  29   (0.010) 0.022 0.007 0.002 0.005 0.005 0.003 0.004 0.002 
  30   (0.009) 0.001 0.002 0.002 0.002 0.002 0.002 0.002 0.031 
  31   (0.010) 0.002 0.002 0.002 0.002 0.008 0.015 0.006 0.002 
  32   (0.009) 0.004 0.003 0.008 0.002 0.002 0.003 0.003 0.001 
  33   (0.011) 0.002 0.003 0.002 0.003 0.004 0.005 0.007 0.002 
  34   (0.010) 0.002 0.002 0.002 0.002 0.003 0.004 0.004 0.026 

Locus 10 : btern02 
25 alleles
4.8% missing data
   1   (0.106) 0.214 0.134 0.078 0.132 0.083 0.144 0.140 0.055 
   2   (0.009) 0.001 0.002 0.002 0.016 0.002 0.002 0.002 0.001 
   3   (0.078) 0.047 0.114 0.137 0.026 0.123 0.094 0.111 0.023 
   4   (0.051) 0.010 0.075 0.159 0.014 0.033 0.027 0.039 0.098 
   5   (0.025) 0.036 0.008 0.025 0.016 0.028 0.012 0.023 0.006 
   6   (0.041) 0.119 0.019 0.019 0.013 0.126 0.022 0.053 0.017 
   7   (0.029) 0.005 0.015 0.030 0.006 0.013 0.029 0.014 0.136 
   8   (0.038) 0.022 0.017 0.011 0.098 0.040 0.038 0.024 0.007 
   9   (0.070) 0.042 0.022 0.106 0.078 0.057 0.199 0.051 0.046 
  10   (0.031) 0.006 0.098 0.010 0.007 0.089 0.011 0.048 0.006 
  11   (0.062) 0.019 0.099 0.020 0.017 0.053 0.119 0.078 0.061 
  12   (0.036) 0.017 0.076 0.012 0.132 0.023 0.020 0.019 0.007 
  13   (0.049) 0.013 0.024 0.071 0.052 0.033 0.020 0.059 0.056 
  14   (0.052) 0.016 0.048 0.036 0.161 0.024 0.025 0.045 0.129 
  15   (0.009) 0.155 0.001 0.002 0.002 0.002 0.002 0.002 0.001 
  16   (0.046) 0.013 0.018 0.013 0.052 0.060 0.026 0.070 0.048 
  17   (0.029) 0.020 0.011 0.017 0.007 0.038 0.009 0.024 0.060 
  18   (0.045) 0.017 0.120 0.017 0.011 0.041 0.024 0.043 0.162 
  19   (0.041) 0.063 0.025 0.080 0.008 0.033 0.078 0.028 0.010 
  20   (0.039) 0.007 0.018 0.083 0.055 0.033 0.027 0.047 0.008 
  21   (0.024) 0.006 0.012 0.005 0.052 0.019 0.011 0.022 0.008 
  22   (0.015) 0.003 0.006 0.003 0.018 0.005 0.005 0.006 0.006 
  23   (0.034) 0.014 0.024 0.035 0.020 0.015 0.036 0.036 0.006 
  24   (0.029) 0.132 0.006 0.014 0.006 0.022 0.016 0.011 0.040 
  25   (0.013) 0.003 0.008 0.015 0.003 0.006 0.004 0.005 0.004 

Locus 11 : btms0086 
3 alleles
0.0% missing data
   1   (0.844) 0.967 0.816 0.755 0.785 0.816 0.909 0.882 0.927 
   2   (0.134) 0.029 0.179 0.241 0.197 0.172 0.052 0.111 0.065 
   3   (0.022) 0.003 0.004 0.004 0.018 0.012 0.039 0.007 0.008 

Locus 12 : bl13 
3 alleles
0.0% missing data
   1   (0.070) 0.020 0.036 0.034 0.215 0.034 0.028 0.035 0.327 
   2   (0.829) 0.729 0.911 0.844 0.766 0.889 0.852 0.866 0.616 
   3   (0.101) 0.252 0.053 0.122 0.020 0.077 0.120 0.099 0.057 

Locus 13 : btms0059 
9 alleles
0.0% missing data
   1   (0.347) 0.491 0.194 0.329 0.354 0.347 0.522 0.349 0.295 
   2   (0.109) 0.205 0.242 0.032 0.118 0.130 0.062 0.218 0.018 
   3   (0.064) 0.030 0.034 0.031 0.122 0.027 0.058 0.034 0.115 
   4   (0.055) 0.014 0.028 0.101 0.047 0.033 0.039 0.036 0.020 
   5   (0.082) 0.044 0.062 0.030 0.035 0.137 0.077 0.097 0.039 
   6   (0.295) 0.201 0.397 0.462 0.311 0.283 0.220 0.224 0.504 
   7   (0.016) 0.006 0.036 0.003 0.003 0.009 0.004 0.019 0.003 
   8   (0.022) 0.006 0.005 0.010 0.006 0.029 0.017 0.016 0.004 
   9   (0.010) 0.003 0.002 0.002 0.003 0.006 0.003 0.007 0.002 

Values of parameters used in structure:
DATAFILE=/Users/johnmola/Desktop/rpbbfeb27/rpbbstructure/project_data,	OUTFILE=/Users/johnmola/Desktop/rpbbfeb27/rpbbstructure/rpbb20k100k/Results/rpbb20k100k_run_71,	NUMINDS=231,	NUMLOCI=13,	MISSING=-9,	LABEL=1,	POPDATA=1,	POPFLAG=0,	PHENOTYPE=0,	EXTRACOLS=0,	MAXPOPS=8,	BURNIN=20000,	NUMREPS=100000,	USEPOPINFO=0,	INFERALPHA=1,	INFERLAMBDA=0,	POPSPECIFICLAMBDA=0,	POPALPHAS=0,	COMPUTEPROB=1,	NOADMIX=0,	ADMBURNIN=2500,	UPDATEFREQ=1,	PRINTLIKES=0,	INTERMEDSAVE=0,	PRINTKLD=0,	PRINTNET=0,	PRINTLAMBDA=0,	ANCESTDIST=0,	NUMBOXES=1000,	ANCESTPINT=0.90000,	GENSBACK=2,	MIGRPRIOR=0.05000,	PRINTQHAT=0,	PRINTQSUM=0,	ALPHA=1.0000,	FREQSCORR=1,	FPRIORMEAN=0.0100,	FPRIORSD=0.0500,	ONEFST=0,	LAMBDA=1.0000,	UNIFPRIORALPHA=1,	ALPHAMAX=10.0000,	ALPHAPRIORA=1.0000,	ALPHAPRIORB=2.0000,	ALPHAPROPSD=0.0250,	STARTATPOPINFO=0,	RANDOMIZE=1,	LINKAGE=0,	METROFREQ=10,	REPORTHITRATE=0,	MARKOVPHASE=-1,	PHASED=0,	PLOIDY=2,	PHASEINFO=0	LOCPRIOR=0, 	LOCPRIORINIT=1.000000, 	LOCDATA=0, 	LOCISPOP=0, 	LOCPRIORSTEP=0.100000, 	MAXLOCPRIOR=20.000000, 	SEED=1677521655,	
[STRAT parameters]:    NUMSIMSTATS=1000,	PHENOTYPECOL=-9,	POOLFREQ=10,	LOCUSxONLY=0,	EMERROR=0.00100,	MISSINGPHENO=-9,	