

----------------------------------------------------
STRUCTURE by Pritchard, Stephens and Donnelly (2000)
     and Falush, Stephens and Pritchard (2003)
       Code by Pritchard, Falush and Hubisz
             Version 2.3.4 (Jul 2012)
----------------------------------------------------



Command line arguments:   bin/structure -m "/Users/johnmola/Desktop/rpbbfeb27/rpbbstructure/rpbb20k100k/mainparams" -e "/Users/johnmola/Desktop/rpbbfeb27/rpbbstructure/rpbb20k100k/extraparams" 
Input File:    /Users/johnmola/Desktop/rpbbfeb27/rpbbstructure/project_data

Run parameters:
   231 individuals
   13 loci
   10 populations assumed
   20000 Burn-in period
   100000 Reps


--------------------------------------------
Proportion of membership of each pre-defined
 population in each of the 10 clusters

Given    Inferred Clusters                                                        Number of
 Pop       1      2      3      4      5      6      7      8      9     10      Individuals

  1:     0.028  0.684  0.013  0.030  0.013  0.089  0.020  0.025  0.064  0.034       21
  2:     0.125  0.017  0.085  0.140  0.014  0.112  0.108  0.221  0.033  0.147        7
  3:     0.118  0.061  0.079  0.111  0.023  0.147  0.050  0.180  0.118  0.113        7
  4:     0.247  0.047  0.049  0.123  0.048  0.091  0.129  0.029  0.053  0.184        8
  5:     0.210  0.039  0.009  0.167  0.021  0.153  0.177  0.039  0.029  0.157        4
  6:     0.155  0.028  0.046  0.172  0.079  0.146  0.062  0.116  0.097  0.100       35
  7:     0.130  0.055  0.031  0.121  0.030  0.165  0.075  0.136  0.068  0.190       40
  8:     0.092  0.035  0.062  0.164  0.078  0.133  0.071  0.098  0.151  0.114       19
  9:     0.098  0.208  0.034  0.063  0.026  0.150  0.067  0.090  0.118  0.146        4
 10:     0.081  0.019  0.094  0.185  0.178  0.077  0.101  0.145  0.060  0.060       11
 11:     0.117  0.124  0.543  0.032  0.012  0.046  0.034  0.015  0.013  0.064        8
 12:     0.051  0.027  0.042  0.090  0.289  0.082  0.246  0.047  0.027  0.099       60
 13:     0.045  0.032  0.014  0.095  0.018  0.151  0.051  0.090  0.399  0.106        7
--------------------------------------------

Allele-freq. divergence among pops (Net nucleotide distance),
computed using point estimates of P.

      1       2       3       4       5       6       7       8       9      10      
 1      -    0.0418  0.0568  0.0171  0.0461  0.0129  0.0280  0.0397  0.0536  0.0157  
 2   0.0418     -    0.0888  0.0319  0.0511  0.0282  0.0411  0.0486  0.0801  0.0355  
 3   0.0568  0.0888     -    0.0601  0.0814  0.0527  0.0645  0.0716  0.0992  0.0586  
 4   0.0171  0.0319  0.0601     -    0.0289  0.0042  0.0176  0.0178  0.0467  0.0096  
 5   0.0461  0.0511  0.0814  0.0289     -    0.0285  0.0358  0.0505  0.0641  0.0348  
 6   0.0129  0.0282  0.0527  0.0042  0.0285     -    0.0161  0.0212  0.0413  0.0041  
 7   0.0280  0.0411  0.0645  0.0176  0.0358  0.0161     -    0.0458  0.0615  0.0130  
 8   0.0397  0.0486  0.0716  0.0178  0.0505  0.0212  0.0458     -    0.0686  0.0320  
 9   0.0536  0.0801  0.0992  0.0467  0.0641  0.0413  0.0615  0.0686     -    0.0477  
10   0.0157  0.0355  0.0586  0.0096  0.0348  0.0041  0.0130  0.0320  0.0477     -    

Average distances (expected heterozygosity) between individuals in same cluster:
cluster  1  : 0.6772 
cluster  2  : 0.6808 
cluster  3  : 0.5992 
cluster  4  : 0.6954 
cluster  5  : 0.6730 
cluster  6  : 0.6968 
cluster  7  : 0.6661 
cluster  8  : 0.6729 
cluster  9  : 0.6040 
cluster 10  : 0.6772 

--------------------------------------------
Estimated Ln Prob of Data   = -10815.4
Mean value of ln likelihood = -9162.5
Variance of ln likelihood   = 3305.9
Mean value of alpha         = 0.0516

Mean value of Fst_1         = 0.0969
Mean value of Fst_2         = 0.1083
Mean value of Fst_3         = 0.2545
Mean value of Fst_4         = 0.0792
Mean value of Fst_5         = 0.1082
Mean value of Fst_6         = 0.0415
Mean value of Fst_7         = 0.0880
Mean value of Fst_8         = 0.1390
Mean value of Fst_9         = 0.1845
Mean value of Fst_10         = 0.0880


Inferred ancestry of individuals:
        Label (%Miss) Pop:  Inferred clusters
  1  BAFF014    (0)    1 :  0.021 0.867 0.007 0.013 0.006 0.044 0.009 0.009 0.014 0.010 
  2  BAFF379    (0)    2 :  0.132 0.012 0.036 0.091 0.011 0.230 0.267 0.046 0.033 0.143 
  3  BAFF212    (0)    3 :  0.039 0.014 0.011 0.366 0.042 0.314 0.023 0.055 0.032 0.103 
  4  BAFF018    (0)    4 :  0.044 0.007 0.036 0.039 0.017 0.087 0.360 0.017 0.006 0.387 
  5  BAFF247    (0)    4 :  0.102 0.007 0.009 0.087 0.011 0.074 0.307 0.029 0.010 0.364 
  6  BAFF024    (0)    5 :  0.457 0.018 0.008 0.196 0.041 0.044 0.028 0.072 0.050 0.086 
  7  BAFF088    (0)    6 :  0.030 0.011 0.023 0.479 0.028 0.053 0.031 0.297 0.012 0.037 
  8  BAFF429    (0)    6 :  0.147 0.017 0.034 0.179 0.011 0.185 0.138 0.068 0.162 0.058 
  9  BAFF087    (7)    7 :  0.006 0.007 0.006 0.449 0.006 0.008 0.006 0.502 0.007 0.005 
 10  BAFF225    (0)    7 :  0.077 0.034 0.008 0.289 0.014 0.139 0.018 0.152 0.108 0.161 
 11  BAFF195    (0)    8 :  0.098 0.037 0.408 0.065 0.014 0.092 0.107 0.077 0.040 0.062 
 12  BAFF238    (0)    9 :  0.043 0.089 0.021 0.110 0.025 0.238 0.031 0.050 0.306 0.087 
 13  BAFF019    (0)   10 :  0.028 0.029 0.022 0.070 0.716 0.045 0.020 0.041 0.007 0.022 
 14  BAFF175    (0)   10 :  0.057 0.010 0.030 0.127 0.050 0.132 0.214 0.178 0.093 0.109 
 15  BAFF156    (0)   11 :  0.005 0.004 0.950 0.006 0.006 0.006 0.007 0.005 0.005 0.006 
 16  BAFF301    (0)   11 :  0.037 0.799 0.008 0.030 0.021 0.026 0.015 0.012 0.030 0.021 
 17  BAFF141    (0)   12 :  0.016 0.046 0.005 0.039 0.005 0.065 0.427 0.006 0.004 0.387 
 18  BAFF302    (0)   12 :  0.660 0.016 0.011 0.050 0.036 0.049 0.023 0.020 0.023 0.112 
 19  BAFF290    (0)    1 :  0.015 0.622 0.005 0.027 0.012 0.100 0.064 0.018 0.097 0.039 
 20  BAFF498    (0)    6 :  0.147 0.148 0.041 0.064 0.044 0.331 0.026 0.066 0.022 0.111 
 21  BAFF455    (0)    7 :  0.019 0.021 0.020 0.078 0.023 0.033 0.040 0.678 0.059 0.030 
 22  BAFF203    (7)    8 :  0.022 0.010 0.011 0.167 0.011 0.151 0.043 0.521 0.024 0.040 
 23  BAFF056    (0)   12 :  0.017 0.016 0.004 0.021 0.775 0.043 0.016 0.008 0.023 0.078 
 24  BAFF327    (0)   12 :  0.039 0.038 0.023 0.030 0.066 0.023 0.704 0.011 0.010 0.054 
 25  BAFF255    (0)    1 :  0.011 0.896 0.005 0.012 0.007 0.019 0.010 0.009 0.014 0.017 
 26  BAFF256    (0)    1 :  0.005 0.931 0.004 0.009 0.011 0.007 0.006 0.008 0.012 0.006 
 27  BAFF257    (0)    1 :  0.005 0.946 0.004 0.006 0.005 0.007 0.006 0.007 0.008 0.006 
 28  BAFF260    (0)    1 :  0.008 0.919 0.004 0.010 0.006 0.010 0.006 0.018 0.013 0.006 
 29  BAFF259    (0)    1 :  0.007 0.928 0.006 0.008 0.011 0.007 0.010 0.007 0.008 0.007 
 30  BAFF261    (0)    1 :  0.007 0.915 0.007 0.010 0.008 0.017 0.010 0.009 0.007 0.010 
 31  BAFF274    (0)    1 :  0.036 0.788 0.009 0.025 0.014 0.027 0.019 0.022 0.013 0.047 
 32  BAFF262    (0)    1 :  0.011 0.873 0.008 0.020 0.008 0.013 0.019 0.032 0.006 0.011 
 33  BAFF294    (0)    1 :  0.015 0.875 0.007 0.026 0.008 0.022 0.008 0.026 0.005 0.009 
 34  BAFF292    (0)    1 :  0.029 0.348 0.013 0.018 0.009 0.091 0.027 0.009 0.439 0.017 
 35  BAFF296    (0)    1 :  0.017 0.353 0.012 0.015 0.011 0.127 0.013 0.009 0.428 0.015 
 36  BAFF295    (0)    1 :  0.011 0.633 0.008 0.032 0.013 0.071 0.032 0.028 0.142 0.031 
 37  BAFF298    (0)    1 :  0.029 0.831 0.006 0.015 0.020 0.028 0.015 0.009 0.008 0.038 
 38  BAFF299    (0)    1 :  0.007 0.896 0.019 0.012 0.029 0.009 0.007 0.008 0.006 0.006 
 39  BAFF375    (0)   13 :  0.006 0.007 0.005 0.007 0.006 0.007 0.006 0.007 0.943 0.007 
 40  BAFF376    (0)   13 :  0.028 0.009 0.006 0.030 0.018 0.021 0.012 0.039 0.820 0.017 
 41  BAFF377    (0)   13 :  0.012 0.008 0.006 0.007 0.006 0.008 0.006 0.006 0.933 0.008 
 42  BAFF022    (0)    5 :  0.195 0.080 0.012 0.160 0.008 0.111 0.259 0.012 0.013 0.150 
 43  BAFF021    (0)    5 :  0.106 0.034 0.007 0.168 0.012 0.082 0.391 0.019 0.009 0.173 
 44  BAFF499    (0)    6 :  0.058 0.007 0.016 0.042 0.689 0.033 0.041 0.047 0.026 0.042 
 45  BAFF204    (0)    8 :  0.143 0.009 0.009 0.068 0.040 0.166 0.105 0.018 0.020 0.423 
 46  BAFF068    (0)   12 :  0.018 0.052 0.009 0.013 0.786 0.054 0.025 0.010 0.013 0.019 
 47  BAFF336    (0)   12 :  0.039 0.012 0.078 0.076 0.508 0.098 0.053 0.020 0.009 0.108 
 48  BAFF447    (0)    7 :  0.194 0.006 0.015 0.084 0.012 0.200 0.017 0.025 0.013 0.434 
 49  BAFF457    (0)    7 :  0.202 0.023 0.032 0.063 0.010 0.170 0.022 0.013 0.056 0.408 
 50  BAFF448    (0)    7 :  0.029 0.052 0.021 0.077 0.007 0.301 0.027 0.375 0.033 0.078 
 51  BAFF465    (0)    7 :  0.013 0.012 0.011 0.053 0.011 0.051 0.016 0.804 0.015 0.015 
 52  BAFF194    (0)    8 :  0.659 0.021 0.011 0.054 0.010 0.054 0.026 0.026 0.045 0.094 
 53  BAFF199    (0)    8 :  0.198 0.015 0.028 0.098 0.017 0.198 0.111 0.023 0.020 0.292 
 54  BAFF500    (0)    6 :  0.127 0.154 0.007 0.072 0.063 0.410 0.010 0.089 0.024 0.045 
 55  BAFF206    (0)    8 :  0.020 0.019 0.008 0.215 0.038 0.163 0.254 0.032 0.148 0.102 
 56  BAFF069    (0)   12 :  0.014 0.008 0.017 0.037 0.851 0.025 0.013 0.011 0.012 0.014 
 57  BAFF330    (0)   12 :  0.022 0.019 0.045 0.436 0.022 0.148 0.057 0.157 0.017 0.076 
 58  BAFF239    (0)   10 :  0.041 0.012 0.115 0.084 0.357 0.042 0.134 0.130 0.013 0.072 
 59  BAFF241    (0)   10 :  0.046 0.020 0.080 0.078 0.467 0.037 0.064 0.141 0.010 0.056 
 60  BAFF157    (0)   11 :  0.008 0.004 0.951 0.005 0.005 0.005 0.006 0.006 0.006 0.005 
 61  BAFF161    (0)   11 :  0.005 0.004 0.958 0.005 0.005 0.005 0.004 0.005 0.005 0.005 
 62  BAFF160    (0)   11 :  0.006 0.004 0.953 0.005 0.005 0.005 0.006 0.006 0.004 0.005 
 63  BAFF008    (0)   12 :  0.020 0.031 0.012 0.210 0.150 0.203 0.031 0.279 0.018 0.046 
 64  BAFF013    (0)   12 :  0.016 0.011 0.016 0.465 0.013 0.080 0.045 0.303 0.016 0.035 
 65  BAFF407    (0)   12 :  0.011 0.010 0.011 0.025 0.867 0.019 0.023 0.009 0.011 0.014 
 66  BAFF503    (0)    6 :  0.023 0.006 0.032 0.161 0.564 0.115 0.012 0.046 0.017 0.023 
 67  BAFF449    (0)    7 :  0.016 0.009 0.007 0.495 0.020 0.094 0.190 0.131 0.007 0.030 
 68  BAFF207    (0)    8 :  0.058 0.013 0.004 0.278 0.459 0.073 0.014 0.029 0.038 0.034 
 69  BAFF070    (0)   12 :  0.011 0.009 0.009 0.016 0.864 0.013 0.036 0.015 0.011 0.017 
 70  BAFF335    (0)   12 :  0.025 0.008 0.012 0.012 0.022 0.049 0.804 0.013 0.006 0.049 
 71  BAFF507    (0)    6 :  0.759 0.019 0.011 0.025 0.007 0.030 0.010 0.016 0.049 0.074 
 72  BAFF450    (0)    7 :  0.051 0.072 0.075 0.091 0.035 0.343 0.025 0.015 0.247 0.047 
 73  BAFF209    (7)    8 :  0.056 0.020 0.097 0.144 0.026 0.158 0.073 0.160 0.184 0.082 
 74  BAFF072    (0)   12 :  0.036 0.010 0.210 0.103 0.046 0.033 0.312 0.037 0.014 0.198 
 75  BAFF339    (0)   12 :  0.048 0.010 0.008 0.060 0.313 0.128 0.088 0.009 0.218 0.119 
 76  BAFF508    (0)    6 :  0.037 0.054 0.304 0.058 0.019 0.318 0.038 0.016 0.039 0.118 
 77  BAFF451    (0)    7 :  0.244 0.009 0.012 0.090 0.020 0.079 0.084 0.080 0.019 0.363 
 78  BAFF210    (0)    8 :  0.035 0.073 0.006 0.178 0.403 0.091 0.016 0.041 0.107 0.051 
 79  BAFF139    (0)   12 :  0.186 0.036 0.033 0.068 0.013 0.227 0.065 0.031 0.027 0.314 
 80  BAFF341    (0)   12 :  0.056 0.014 0.044 0.151 0.013 0.311 0.092 0.097 0.079 0.143 
 81  BAFF509    (0)    6 :  0.024 0.056 0.007 0.454 0.026 0.159 0.057 0.174 0.022 0.020 
 82  BAFF453    (0)    7 :  0.036 0.008 0.011 0.082 0.073 0.072 0.049 0.037 0.572 0.059 
 83  BAFF389    (0)    8 :  0.019 0.010 0.340 0.018 0.005 0.009 0.012 0.020 0.560 0.008 
 84  BAFF163    (0)   12 :  0.007 0.003 0.008 0.007 0.912 0.009 0.005 0.013 0.031 0.005 
 85  BAFF344    (7)   12 :  0.027 0.009 0.041 0.043 0.194 0.052 0.481 0.021 0.064 0.068 
 86  BAFF510    (0)    6 :  0.563 0.010 0.032 0.119 0.019 0.050 0.035 0.075 0.019 0.078 
 87  BAFF456    (0)    7 :  0.374 0.016 0.010 0.075 0.037 0.106 0.044 0.011 0.033 0.294 
 88  BAFF390    (0)    8 :  0.018 0.006 0.013 0.008 0.005 0.010 0.006 0.005 0.924 0.006 
 89  BAFF142    (0)   12 :  0.020 0.194 0.014 0.060 0.038 0.066 0.327 0.026 0.008 0.249 
 90  BAFF363    (7)   12 :  0.008 0.007 0.018 0.013 0.890 0.012 0.026 0.009 0.007 0.012 
 91  BAFF517    (0)    6 :  0.355 0.007 0.010 0.037 0.029 0.022 0.114 0.015 0.282 0.130 
 92  BAFF458    (0)    7 :  0.077 0.042 0.010 0.260 0.026 0.287 0.037 0.032 0.017 0.213 
 93  BAFF391    (0)    8 :  0.065 0.106 0.008 0.062 0.240 0.135 0.124 0.043 0.028 0.190 
 94  BAFF149    (0)   12 :  0.023 0.009 0.029 0.051 0.026 0.037 0.625 0.010 0.080 0.109 
 95  BAFF366    (7)   12 :  0.050 0.009 0.026 0.054 0.019 0.067 0.496 0.006 0.025 0.249 
 96  BAFF512    (0)    6 :  0.111 0.121 0.013 0.089 0.041 0.316 0.019 0.049 0.053 0.189 
 97  BAFF460    (0)    7 :  0.072 0.014 0.013 0.039 0.012 0.084 0.482 0.014 0.021 0.248 
 98  BAFF138    (0)   12 :  0.021 0.015 0.018 0.019 0.023 0.041 0.770 0.007 0.013 0.071 
 99  BAFF374    (0)   12 :  0.024 0.035 0.050 0.468 0.191 0.030 0.028 0.152 0.014 0.010 
100  BAFF015    (0)    1 :  0.012 0.874 0.006 0.016 0.010 0.044 0.011 0.010 0.007 0.010 
101  BAFF380    (0)    2 :  0.183 0.011 0.139 0.330 0.033 0.152 0.050 0.046 0.013 0.044 
102  BAFF216    (0)    3 :  0.357 0.034 0.013 0.111 0.027 0.206 0.037 0.083 0.073 0.058 
103  BAFF017    (0)    4 :  0.665 0.014 0.006 0.054 0.017 0.025 0.004 0.006 0.159 0.049 
104  BAFF245    (0)    4 :  0.061 0.121 0.008 0.161 0.027 0.175 0.186 0.062 0.036 0.162 
105  BAFF378    (7)   13 :  0.100 0.160 0.012 0.061 0.010 0.423 0.020 0.017 0.021 0.175 
106  BAFF023    (0)    5 :  0.082 0.024 0.009 0.143 0.023 0.374 0.029 0.053 0.042 0.220 
107  BAFF079    (0)    6 :  0.196 0.043 0.025 0.247 0.035 0.202 0.086 0.032 0.049 0.083 
108  BAFF435    (0)    6 :  0.104 0.007 0.011 0.071 0.016 0.209 0.025 0.013 0.013 0.530 
109  BAFF174    (7)    7 :  0.017 0.006 0.014 0.051 0.027 0.071 0.021 0.021 0.754 0.018 
110  BAFF226    (0)    7 :  0.200 0.010 0.016 0.070 0.008 0.131 0.031 0.011 0.025 0.498 
111  BAFF190    (0)    8 :  0.023 0.013 0.027 0.235 0.052 0.154 0.062 0.320 0.011 0.103 
112  BAFF243    (0)    9 :  0.266 0.068 0.071 0.054 0.006 0.180 0.066 0.046 0.091 0.152 
113  BAFF177    (0)   10 :  0.036 0.029 0.027 0.459 0.007 0.066 0.061 0.207 0.088 0.018 
114  BAFF364    (7)   11 :  0.050 0.011 0.487 0.091 0.027 0.142 0.016 0.066 0.027 0.083 
115  BAFF305    (0)   12 :  0.036 0.020 0.015 0.019 0.025 0.019 0.777 0.012 0.025 0.052 
116  BAFF513    (0)    6 :  0.079 0.048 0.013 0.362 0.019 0.162 0.019 0.215 0.047 0.035 
117  BAFF462    (0)    7 :  0.027 0.319 0.013 0.106 0.039 0.227 0.013 0.162 0.007 0.088 
118  BAFF143    (0)   12 :  0.037 0.008 0.046 0.056 0.073 0.131 0.430 0.065 0.019 0.136 
119  BAFF403    (0)   12 :  0.009 0.007 0.009 0.011 0.925 0.009 0.008 0.007 0.008 0.008 
120  BAFF514    (0)    6 :  0.037 0.007 0.009 0.407 0.143 0.091 0.023 0.234 0.013 0.037 
121  BAFF463    (0)    7 :  0.005 0.004 0.008 0.020 0.004 0.006 0.005 0.937 0.005 0.005 
122  BAFF137    (0)   12 :  0.015 0.010 0.010 0.248 0.009 0.068 0.444 0.046 0.007 0.143 
123  BAFF404    (0)   12 :  0.013 0.013 0.018 0.010 0.896 0.014 0.010 0.008 0.009 0.011 
124  BAFF515    (0)    6 :  0.152 0.023 0.021 0.180 0.040 0.119 0.178 0.158 0.037 0.092 
125  BAFF144    (0)   12 :  0.042 0.010 0.144 0.239 0.071 0.228 0.079 0.059 0.015 0.114 
126  BAFF405    (7)   12 :  0.033 0.025 0.040 0.057 0.028 0.043 0.656 0.023 0.008 0.087 
127  BAFF518    (0)    6 :  0.047 0.008 0.015 0.063 0.389 0.111 0.203 0.015 0.018 0.131 
128  BAFF467    (0)    7 :  0.237 0.016 0.009 0.134 0.029 0.270 0.025 0.085 0.042 0.153 
129  BAFF145    (0)   12 :  0.020 0.076 0.370 0.079 0.011 0.162 0.136 0.016 0.013 0.117 
130  BAFF406    (0)   12 :  0.034 0.007 0.304 0.112 0.348 0.046 0.066 0.030 0.010 0.042 
131  BAFF519    (0)    6 :  0.051 0.011 0.012 0.120 0.012 0.109 0.092 0.052 0.451 0.092 
132  BAFF471    (0)    7 :  0.117 0.059 0.017 0.110 0.019 0.185 0.264 0.130 0.021 0.077 
133  BAFF136    (0)   12 :  0.010 0.005 0.007 0.047 0.692 0.018 0.124 0.020 0.055 0.023 
134  BAFF520    (7)    6 :  0.128 0.022 0.010 0.185 0.054 0.271 0.032 0.032 0.037 0.229 
135  BAFF472    (0)    7 :  0.051 0.020 0.066 0.164 0.018 0.307 0.040 0.197 0.043 0.093 
136  BAFF165    (0)   12 :  0.064 0.047 0.008 0.078 0.045 0.058 0.413 0.039 0.013 0.236 
137  BAFF408    (0)   12 :  0.024 0.026 0.037 0.076 0.079 0.105 0.440 0.014 0.019 0.178 
138  BAFF522    (0)    6 :  0.025 0.028 0.013 0.340 0.050 0.140 0.050 0.284 0.025 0.044 
139  BAFF475    (0)    7 :  0.418 0.008 0.013 0.131 0.037 0.081 0.047 0.030 0.044 0.192 
140  BAFF140    (0)   12 :  0.092 0.013 0.047 0.153 0.025 0.049 0.466 0.081 0.026 0.048 
141  BAFF409    (0)   12 :  0.012 0.075 0.011 0.023 0.746 0.023 0.020 0.060 0.019 0.011 
142  BAFF523    (0)    6 :  0.057 0.013 0.046 0.161 0.008 0.324 0.011 0.305 0.017 0.057 
143  BAFF476    (0)    7 :  0.338 0.007 0.230 0.040 0.028 0.129 0.057 0.016 0.045 0.110 
144  BAFF147    (0)   12 :  0.030 0.014 0.016 0.122 0.168 0.141 0.375 0.018 0.009 0.109 
145  BAFF410    (0)   12 :  0.235 0.012 0.007 0.025 0.433 0.028 0.189 0.007 0.013 0.050 
146  BAFF477    (0)    7 :  0.212 0.081 0.009 0.066 0.007 0.124 0.095 0.016 0.018 0.371 
147  BAFF411    (0)   12 :  0.010 0.241 0.050 0.028 0.075 0.160 0.072 0.011 0.324 0.028 
148  BAFF486    (7)    7 :  0.111 0.008 0.006 0.057 0.005 0.197 0.009 0.005 0.012 0.589 
149  BAFF412    (7)   12 :  0.026 0.035 0.021 0.134 0.634 0.053 0.018 0.049 0.011 0.019 
150  BAFF258    (0)    1 :  0.041 0.152 0.055 0.167 0.026 0.228 0.018 0.231 0.014 0.069 
151  BAFF392    (0)    2 :  0.006 0.005 0.092 0.205 0.005 0.074 0.008 0.557 0.022 0.026 
152  BAFF217    (0)    3 :  0.044 0.009 0.026 0.054 0.019 0.170 0.047 0.014 0.481 0.137 
153  BAFF016    (0)    4 :  0.692 0.005 0.024 0.066 0.032 0.010 0.037 0.005 0.044 0.085 
154  BAFF246    (0)    4 :  0.338 0.009 0.033 0.239 0.021 0.110 0.015 0.031 0.146 0.059 
155  BAFF381    (0)   13 :  0.089 0.009 0.011 0.082 0.035 0.219 0.202 0.029 0.030 0.294 
156  BAFF078    (0)    6 :  0.040 0.005 0.296 0.096 0.070 0.029 0.256 0.044 0.017 0.147 
157  BAFF481    (0)    6 :  0.058 0.022 0.010 0.132 0.036 0.222 0.194 0.028 0.113 0.186 
158  BAFF436    (0)    7 :  0.238 0.055 0.039 0.173 0.045 0.135 0.038 0.194 0.051 0.033 
159  BAFF191    (0)    8 :  0.051 0.009 0.010 0.281 0.018 0.120 0.021 0.042 0.390 0.058 
160  BAFF382    (0)    9 :  0.072 0.006 0.041 0.064 0.065 0.160 0.051 0.178 0.063 0.301 
161  BAFF178    (0)   10 :  0.055 0.007 0.006 0.483 0.053 0.055 0.018 0.235 0.074 0.015 
162  BAFF159    (7)   11 :  0.777 0.008 0.009 0.023 0.014 0.027 0.011 0.007 0.006 0.117 
163  BAFF365    (7)   11 :  0.048 0.158 0.027 0.090 0.017 0.147 0.207 0.015 0.022 0.268 
164  BAFF007    (0)   12 :  0.167 0.039 0.051 0.089 0.022 0.223 0.155 0.040 0.044 0.169 
165  BAFF304    (7)   12 :  0.035 0.010 0.059 0.083 0.058 0.080 0.428 0.021 0.011 0.216 
166  BAFF487    (0)    7 :  0.056 0.017 0.055 0.163 0.031 0.415 0.014 0.096 0.049 0.104 
167  BAFF415    (0)   12 :  0.039 0.065 0.017 0.035 0.537 0.053 0.123 0.046 0.010 0.075 
168  BAFF488    (0)    7 :  0.087 0.554 0.012 0.052 0.013 0.119 0.036 0.008 0.045 0.074 
169  BAFF417    (0)   12 :  0.030 0.013 0.014 0.083 0.322 0.044 0.392 0.019 0.022 0.061 
170  BAFF489    (0)    7 :  0.098 0.007 0.042 0.109 0.037 0.219 0.162 0.054 0.012 0.259 
171  BAFF426    (0)   12 :  0.012 0.017 0.007 0.030 0.817 0.016 0.017 0.051 0.012 0.020 
172  BAFF490    (7)    7 :  0.295 0.021 0.075 0.102 0.011 0.151 0.018 0.029 0.012 0.287 
173  BAFF491    (0)    7 :  0.056 0.038 0.033 0.148 0.008 0.229 0.028 0.101 0.032 0.327 
174  BAFF492    (0)    7 :  0.098 0.007 0.009 0.062 0.014 0.193 0.018 0.022 0.030 0.546 
175  BAFF493    (0)    7 :  0.034 0.423 0.012 0.113 0.033 0.157 0.026 0.120 0.018 0.064 
176  BAFF506    (0)    7 :  0.046 0.093 0.012 0.230 0.012 0.276 0.010 0.045 0.034 0.242 
177  BAFF393    (0)    2 :  0.110 0.022 0.195 0.057 0.012 0.162 0.127 0.011 0.024 0.280 
178  BAFF218    (0)    3 :  0.115 0.032 0.015 0.078 0.023 0.226 0.084 0.117 0.180 0.130 
179  BAFF254    (0)    4 :  0.041 0.028 0.264 0.060 0.011 0.111 0.116 0.013 0.011 0.345 
180  BAFF385    (0)   13 :  0.039 0.017 0.016 0.212 0.034 0.243 0.052 0.192 0.023 0.172 
181  BAFF076    (0)    6 :  0.008 0.008 0.014 0.436 0.011 0.012 0.008 0.482 0.014 0.008 
182  BAFF482    (0)    6 :  0.155 0.010 0.013 0.089 0.073 0.191 0.168 0.083 0.014 0.204 
183  BAFF437    (0)    7 :  0.116 0.021 0.005 0.083 0.010 0.025 0.393 0.035 0.009 0.302 
184  BAFF192    (0)    8 :  0.045 0.015 0.120 0.355 0.013 0.148 0.051 0.176 0.035 0.043 
185  BAFF383    (0)    9 :  0.011 0.667 0.005 0.024 0.010 0.021 0.118 0.086 0.013 0.044 
186  BAFF180    (0)   10 :  0.083 0.009 0.008 0.241 0.114 0.060 0.013 0.130 0.299 0.043 
187  BAFF048    (7)   12 :  0.239 0.058 0.221 0.154 0.012 0.184 0.065 0.030 0.006 0.031 
188  BAFF306    (0)   12 :  0.054 0.009 0.015 0.051 0.027 0.075 0.612 0.036 0.057 0.063 
189  BAFF394    (0)    2 :  0.237 0.055 0.115 0.142 0.019 0.071 0.116 0.050 0.114 0.082 
190  BAFF219    (0)    3 :  0.245 0.008 0.013 0.101 0.013 0.083 0.122 0.038 0.047 0.330 
191  BAFF388    (0)    4 :  0.029 0.183 0.009 0.282 0.249 0.134 0.011 0.067 0.012 0.023 
192  BAFF386    (7)   13 :  0.037 0.016 0.044 0.268 0.015 0.135 0.058 0.338 0.020 0.070 
193  BAFF084    (0)    6 :  0.074 0.012 0.434 0.040 0.010 0.148 0.026 0.010 0.012 0.232 
194  BAFF483    (0)    6 :  0.038 0.024 0.007 0.491 0.060 0.191 0.050 0.074 0.026 0.039 
195  BAFF438   (15)    7 :  0.037 0.016 0.102 0.096 0.035 0.135 0.213 0.117 0.024 0.225 
196  BAFF193    (0)    8 :  0.047 0.263 0.014 0.096 0.017 0.280 0.019 0.062 0.052 0.150 
197  BAFF183    (0)   10 :  0.408 0.041 0.023 0.121 0.027 0.230 0.031 0.025 0.018 0.076 
198  BAFF153    (0)   12 :  0.019 0.007 0.013 0.029 0.020 0.014 0.780 0.009 0.005 0.102 
199  BAFF307    (0)   12 :  0.038 0.010 0.071 0.065 0.021 0.118 0.492 0.017 0.015 0.153 
200  BAFF397    (0)    2 :  0.198 0.007 0.012 0.083 0.010 0.047 0.177 0.005 0.017 0.444 
201  BAFF220    (0)    3 :  0.012 0.011 0.059 0.042 0.010 0.019 0.007 0.817 0.005 0.017 
202  BAFF095    (0)    6 :  0.015 0.041 0.006 0.509 0.015 0.046 0.021 0.311 0.021 0.015 
203  BAFF494    (0)    6 :  0.062 0.006 0.029 0.073 0.029 0.167 0.015 0.547 0.021 0.050 
204  BAFF439    (0)    7 :  0.031 0.009 0.010 0.112 0.264 0.138 0.133 0.011 0.116 0.176 
205  BAFF182    (0)   10 :  0.063 0.027 0.060 0.205 0.122 0.048 0.047 0.383 0.023 0.022 
206  BAFF054    (0)   12 :  0.007 0.006 0.010 0.013 0.914 0.013 0.014 0.007 0.007 0.009 
207  BAFF308    (0)   12 :  0.029 0.012 0.018 0.091 0.015 0.084 0.510 0.017 0.008 0.215 
208  BAFF266    (0)    1 :  0.132 0.116 0.070 0.048 0.037 0.438 0.018 0.015 0.009 0.118 
209  BAFF398    (7)    2 :  0.006 0.010 0.005 0.070 0.005 0.052 0.006 0.829 0.005 0.012 
210  BAFF221    (0)    3 :  0.012 0.317 0.414 0.026 0.028 0.012 0.033 0.138 0.007 0.014 
211  BAFF090    (0)    6 :  0.047 0.013 0.060 0.176 0.094 0.210 0.126 0.136 0.018 0.122 
212  BAFF495    (0)    6 :  0.162 0.007 0.007 0.025 0.014 0.023 0.017 0.009 0.705 0.030 
213  BAFF459    (0)    7 :  0.612 0.007 0.077 0.038 0.011 0.056 0.029 0.010 0.044 0.117 
214  BAFF197    (0)    8 :  0.079 0.012 0.014 0.085 0.068 0.105 0.258 0.017 0.115 0.247 
215  BAFF188    (0)   10 :  0.032 0.014 0.078 0.083 0.034 0.063 0.474 0.056 0.020 0.146 
216  BAFF051    (0)   12 :  0.060 0.023 0.012 0.117 0.312 0.294 0.032 0.037 0.019 0.094 
217  BAFF309    (0)   12 :  0.075 0.009 0.018 0.072 0.012 0.269 0.053 0.079 0.018 0.394 
218  BAFF269    (0)    1 :  0.071 0.027 0.008 0.084 0.009 0.402 0.089 0.011 0.077 0.221 
219  BAFF077    (0)    6 :  0.809 0.008 0.019 0.006 0.011 0.011 0.007 0.005 0.034 0.089 
220  BAFF496    (0)    6 :  0.012 0.013 0.004 0.009 0.008 0.010 0.007 0.006 0.911 0.020 
221  BAFF443    (0)    7 :  0.140 0.038 0.011 0.076 0.096 0.356 0.084 0.031 0.019 0.148 
222  BAFF198    (0)    8 :  0.085 0.007 0.014 0.223 0.024 0.317 0.021 0.143 0.107 0.059 
223  BAFF053    (0)   12 :  0.011 0.016 0.012 0.093 0.031 0.038 0.535 0.013 0.037 0.215 
224  BAFF310    (0)   12 :  0.068 0.007 0.026 0.038 0.580 0.049 0.114 0.016 0.009 0.093 
225  BAFF282    (0)    1 :  0.094 0.582 0.011 0.051 0.014 0.152 0.028 0.025 0.021 0.022 
226  BAFF497    (0)    6 :  0.672 0.010 0.008 0.026 0.014 0.089 0.013 0.014 0.055 0.098 
227  BAFF466    (0)    7 :  0.118 0.015 0.109 0.096 0.036 0.283 0.130 0.069 0.020 0.124 
228  BAFF200    (7)    8 :  0.031 0.011 0.028 0.492 0.033 0.106 0.035 0.115 0.017 0.131 
229  BAFF240    (0)   10 :  0.037 0.014 0.589 0.080 0.010 0.077 0.034 0.065 0.011 0.084 
230  BAFF055    (0)   12 :  0.014 0.015 0.010 0.039 0.707 0.054 0.094 0.024 0.007 0.036 
231  BAFF311    (7)   12 :  0.016 0.041 0.034 0.263 0.007 0.059 0.052 0.505 0.006 0.017 


Estimated Allele Frequencies in each cluster
First column gives estimated ancestral frequencies


Locus 1 : btern01 
9 alleles
0.0% missing data
   1   (0.136) 0.192 0.121 0.062 0.162 0.033 0.132 0.190 0.077 0.178 0.164 
   2   (0.018) 0.007 0.026 0.003 0.005 0.003 0.016 0.003 0.004 0.003 0.005 
   3   (0.162) 0.250 0.060 0.167 0.115 0.085 0.148 0.198 0.197 0.203 0.214 
   4   (0.217) 0.119 0.197 0.275 0.237 0.173 0.243 0.185 0.156 0.339 0.176 
   5   (0.285) 0.291 0.458 0.389 0.256 0.337 0.315 0.344 0.137 0.086 0.354 
   6   (0.074) 0.084 0.032 0.023 0.078 0.343 0.054 0.049 0.049 0.045 0.042 
   7   (0.053) 0.014 0.082 0.068 0.095 0.018 0.045 0.016 0.341 0.011 0.017 
   8   (0.016) 0.004 0.016 0.002 0.004 0.002 0.011 0.004 0.003 0.030 0.006 
   9   (0.039) 0.038 0.007 0.010 0.048 0.007 0.037 0.010 0.036 0.106 0.022 

Locus 2 : bt28 
5 alleles
0.0% missing data
   1   (0.668) 0.675 0.772 0.679 0.640 0.716 0.645 0.763 0.524 0.757 0.707 
   2   (0.152) 0.104 0.175 0.050 0.209 0.099 0.150 0.115 0.125 0.172 0.119 
   3   (0.144) 0.088 0.036 0.264 0.140 0.180 0.181 0.114 0.345 0.063 0.143 
   4   (0.025) 0.129 0.005 0.006 0.009 0.004 0.019 0.006 0.004 0.006 0.029 
   5   (0.011) 0.004 0.011 0.001 0.003 0.002 0.006 0.002 0.002 0.002 0.002 

Locus 3 : b96 
8 alleles
0.9% missing data
   1   (0.337) 0.326 0.369 0.200 0.410 0.315 0.311 0.431 0.305 0.190 0.357 
   2   (0.478) 0.575 0.409 0.590 0.487 0.510 0.558 0.348 0.570 0.774 0.525 
   3   (0.043) 0.021 0.011 0.052 0.024 0.049 0.038 0.087 0.029 0.009 0.043 
   4   (0.014) 0.004 0.003 0.123 0.003 0.002 0.010 0.003 0.002 0.002 0.004 
   5   (0.051) 0.045 0.028 0.010 0.029 0.032 0.037 0.053 0.051 0.011 0.027 
   6   (0.026) 0.006 0.102 0.006 0.020 0.005 0.014 0.017 0.030 0.004 0.007 
   7   (0.037) 0.020 0.076 0.019 0.019 0.007 0.025 0.057 0.010 0.009 0.034 
   8   (0.013) 0.003 0.003 0.002 0.006 0.079 0.007 0.003 0.003 0.002 0.003 

Locus 4 : bt30 
12 alleles
0.9% missing data
   1   (0.117) 0.074 0.289 0.027 0.128 0.112 0.135 0.075 0.213 0.023 0.079 
   2   (0.283) 0.225 0.280 0.142 0.295 0.288 0.307 0.292 0.271 0.435 0.394 
   3   (0.077) 0.146 0.018 0.053 0.059 0.025 0.114 0.039 0.031 0.069 0.185 
   4   (0.186) 0.302 0.094 0.125 0.225 0.237 0.209 0.214 0.178 0.117 0.145 
   5   (0.013) 0.003 0.003 0.002 0.016 0.003 0.009 0.003 0.005 0.002 0.004 
   6   (0.104) 0.146 0.118 0.029 0.157 0.052 0.082 0.065 0.220 0.066 0.061 
   7   (0.034) 0.014 0.022 0.018 0.020 0.021 0.025 0.033 0.023 0.012 0.025 
   8   (0.052) 0.020 0.047 0.090 0.018 0.068 0.035 0.068 0.010 0.009 0.041 
   9   (0.095) 0.061 0.050 0.509 0.045 0.188 0.061 0.188 0.038 0.251 0.053 
  10   (0.011) 0.002 0.074 0.001 0.002 0.002 0.006 0.002 0.002 0.002 0.002 
  11   (0.017) 0.004 0.003 0.002 0.030 0.003 0.011 0.017 0.007 0.004 0.007 
  12   (0.011) 0.003 0.002 0.002 0.003 0.002 0.007 0.003 0.002 0.011 0.004 

Locus 5 : btms0081 
3 alleles
0.9% missing data
   1   (0.504) 0.630 0.596 0.748 0.526 0.295 0.544 0.386 0.672 0.217 0.525 
   2   (0.344) 0.269 0.207 0.204 0.320 0.488 0.337 0.462 0.231 0.544 0.375 
   3   (0.151) 0.101 0.197 0.048 0.154 0.217 0.118 0.152 0.097 0.240 0.100 

Locus 6 : btms0066 
24 alleles
0.0% missing data
   1   (0.250) 0.162 0.385 0.099 0.283 0.386 0.293 0.334 0.381 0.214 0.318 
   2   (0.017) 0.004 0.057 0.003 0.005 0.003 0.012 0.003 0.003 0.027 0.004 
   3   (0.034) 0.015 0.006 0.008 0.021 0.009 0.032 0.144 0.019 0.010 0.030 
   4   (0.154) 0.312 0.053 0.029 0.233 0.122 0.212 0.106 0.111 0.435 0.172 
   5   (0.104) 0.106 0.024 0.025 0.110 0.096 0.119 0.188 0.039 0.056 0.189 
   6   (0.051) 0.021 0.010 0.189 0.090 0.016 0.037 0.033 0.225 0.035 0.024 
   7   (0.018) 0.004 0.016 0.002 0.029 0.003 0.012 0.004 0.042 0.003 0.006 
   8   (0.056) 0.124 0.081 0.023 0.028 0.035 0.038 0.024 0.014 0.041 0.046 
   9   (0.020) 0.007 0.003 0.379 0.014 0.006 0.014 0.015 0.007 0.003 0.017 
  10   (0.031) 0.017 0.159 0.025 0.011 0.005 0.033 0.007 0.007 0.006 0.027 
  11   (0.024) 0.008 0.149 0.004 0.008 0.015 0.016 0.006 0.008 0.020 0.005 
  12   (0.036) 0.130 0.007 0.006 0.017 0.014 0.027 0.021 0.008 0.106 0.048 
  13   (0.024) 0.007 0.005 0.016 0.013 0.015 0.023 0.015 0.040 0.005 0.015 
  14   (0.018) 0.004 0.003 0.086 0.007 0.047 0.011 0.004 0.003 0.003 0.005 
  15   (0.020) 0.017 0.004 0.003 0.010 0.003 0.019 0.012 0.003 0.006 0.040 
  16   (0.029) 0.020 0.006 0.027 0.036 0.099 0.026 0.013 0.015 0.007 0.009 
  17   (0.024) 0.009 0.010 0.054 0.015 0.038 0.015 0.020 0.031 0.004 0.015 
  18   (0.010) 0.002 0.002 0.001 0.002 0.035 0.005 0.002 0.002 0.001 0.002 
  19   (0.016) 0.003 0.003 0.002 0.008 0.004 0.009 0.032 0.003 0.002 0.008 
  20   (0.017) 0.015 0.006 0.007 0.035 0.009 0.011 0.005 0.010 0.007 0.007 
  21   (0.016) 0.004 0.004 0.007 0.017 0.004 0.013 0.004 0.018 0.003 0.006 
  22   (0.008) 0.002 0.002 0.002 0.004 0.001 0.007 0.002 0.007 0.001 0.002 
  23   (0.010) 0.002 0.002 0.001 0.002 0.033 0.005 0.003 0.002 0.001 0.002 
  24   (0.011) 0.004 0.004 0.003 0.003 0.002 0.008 0.002 0.002 0.002 0.004 

Locus 7 : btms0083 
31 alleles
3.0% missing data
   1   (0.007) 0.001 0.254 0.006 0.002 0.001 0.005 0.002 0.005 0.001 0.002 
   2   (0.025) 0.006 0.109 0.007 0.008 0.004 0.021 0.030 0.005 0.004 0.030 
   3   (0.039) 0.024 0.007 0.149 0.027 0.011 0.028 0.014 0.088 0.006 0.016 
   4   (0.041) 0.019 0.061 0.026 0.034 0.010 0.055 0.022 0.055 0.010 0.027 
   5   (0.189) 0.155 0.235 0.099 0.314 0.260 0.213 0.230 0.311 0.167 0.221 
   6   (0.020) 0.020 0.004 0.005 0.030 0.004 0.024 0.005 0.008 0.004 0.011 
   7   (0.065) 0.056 0.017 0.058 0.058 0.151 0.062 0.096 0.059 0.016 0.129 
   8   (0.035) 0.027 0.016 0.008 0.030 0.013 0.028 0.117 0.009 0.009 0.079 
   9   (0.032) 0.029 0.007 0.007 0.045 0.006 0.035 0.041 0.040 0.029 0.023 
  10   (0.031) 0.009 0.009 0.006 0.100 0.015 0.022 0.020 0.049 0.008 0.010 
  11   (0.067) 0.106 0.016 0.464 0.055 0.012 0.072 0.039 0.021 0.069 0.086 
  12   (0.017) 0.006 0.038 0.003 0.007 0.003 0.016 0.004 0.008 0.006 0.006 
  13   (0.054) 0.121 0.010 0.017 0.049 0.072 0.040 0.083 0.020 0.035 0.045 
  14   (0.028) 0.123 0.006 0.005 0.025 0.005 0.056 0.017 0.009 0.008 0.101 
  15   (0.023) 0.088 0.013 0.005 0.022 0.005 0.016 0.011 0.013 0.021 0.011 
  16   (0.024) 0.012 0.028 0.014 0.032 0.005 0.044 0.006 0.079 0.008 0.016 
  17   (0.028) 0.009 0.033 0.014 0.016 0.005 0.022 0.011 0.009 0.443 0.011 
  18   (0.056) 0.028 0.037 0.012 0.055 0.121 0.061 0.031 0.030 0.026 0.051 
  19   (0.021) 0.006 0.007 0.004 0.007 0.120 0.018 0.006 0.004 0.009 0.007 
  20   (0.024) 0.009 0.004 0.006 0.008 0.056 0.014 0.120 0.005 0.004 0.019 
  21   (0.013) 0.003 0.033 0.002 0.003 0.002 0.008 0.003 0.002 0.002 0.003 
  22   (0.011) 0.002 0.013 0.002 0.003 0.002 0.008 0.003 0.002 0.023 0.003 
  23   (0.019) 0.008 0.015 0.003 0.006 0.003 0.012 0.006 0.004 0.008 0.013 
  24   (0.008) 0.002 0.002 0.001 0.002 0.013 0.004 0.002 0.001 0.001 0.002 
  25   (0.035) 0.012 0.007 0.006 0.018 0.007 0.038 0.037 0.138 0.007 0.029 
  26   (0.010) 0.094 0.002 0.001 0.004 0.002 0.006 0.004 0.002 0.010 0.012 
  27   (0.026) 0.008 0.005 0.006 0.018 0.045 0.025 0.025 0.007 0.053 0.016 
  28   (0.016) 0.006 0.004 0.058 0.010 0.003 0.021 0.004 0.009 0.009 0.009 
  29   (0.014) 0.005 0.004 0.003 0.006 0.002 0.017 0.003 0.004 0.003 0.007 
  30   (0.010) 0.002 0.002 0.002 0.004 0.038 0.006 0.007 0.002 0.001 0.003 
  31   (0.010) 0.003 0.002 0.001 0.003 0.001 0.006 0.003 0.002 0.003 0.005 

Locus 8 : b126 
16 alleles
0.0% missing data
   1   (0.040) 0.041 0.046 0.008 0.041 0.012 0.026 0.027 0.060 0.008 0.024 
   2   (0.053) 0.032 0.141 0.010 0.032 0.009 0.041 0.044 0.015 0.071 0.057 
   3   (0.322) 0.252 0.164 0.663 0.331 0.397 0.371 0.327 0.280 0.525 0.373 
   4   (0.026) 0.095 0.006 0.004 0.013 0.006 0.029 0.009 0.017 0.027 0.016 
   5   (0.075) 0.042 0.020 0.020 0.137 0.046 0.117 0.032 0.117 0.047 0.108 
   6   (0.062) 0.104 0.013 0.010 0.038 0.149 0.054 0.172 0.018 0.014 0.111 
   7   (0.109) 0.132 0.021 0.199 0.172 0.148 0.089 0.163 0.120 0.038 0.082 
   8   (0.028) 0.057 0.006 0.004 0.010 0.082 0.018 0.014 0.006 0.012 0.013 
   9   (0.011) 0.002 0.002 0.001 0.023 0.002 0.006 0.002 0.032 0.001 0.002 
  10   (0.039) 0.015 0.028 0.013 0.066 0.044 0.044 0.012 0.088 0.014 0.017 
  11   (0.092) 0.133 0.430 0.047 0.056 0.021 0.112 0.106 0.034 0.029 0.083 
  12   (0.029) 0.010 0.022 0.004 0.011 0.029 0.022 0.031 0.006 0.005 0.047 
  13   (0.060) 0.025 0.092 0.008 0.026 0.045 0.040 0.034 0.149 0.177 0.041 
  14   (0.024) 0.051 0.005 0.004 0.019 0.005 0.015 0.007 0.006 0.027 0.012 
  15   (0.015) 0.003 0.003 0.002 0.020 0.003 0.009 0.017 0.005 0.003 0.006 
  16   (0.015) 0.006 0.003 0.005 0.006 0.002 0.008 0.004 0.047 0.002 0.007 

Locus 9 : btms0062 
34 alleles
0.0% missing data
   1   (0.029) 0.028 0.086 0.022 0.043 0.007 0.050 0.009 0.019 0.006 0.020 
   2   (0.053) 0.065 0.108 0.025 0.057 0.013 0.045 0.022 0.038 0.258 0.024 
   3   (0.087) 0.054 0.081 0.036 0.081 0.056 0.099 0.268 0.027 0.066 0.115 
   4   (0.097) 0.157 0.050 0.212 0.198 0.204 0.108 0.039 0.158 0.022 0.090 
   5   (0.045) 0.035 0.014 0.058 0.069 0.011 0.085 0.071 0.027 0.010 0.180 
   6   (0.027) 0.015 0.007 0.013 0.013 0.005 0.026 0.035 0.017 0.018 0.028 
   7   (0.013) 0.005 0.002 0.002 0.006 0.002 0.011 0.007 0.003 0.002 0.012 
   8   (0.021) 0.031 0.005 0.003 0.017 0.004 0.014 0.044 0.005 0.010 0.057 
   9   (0.044) 0.165 0.020 0.040 0.037 0.021 0.036 0.015 0.019 0.022 0.045 
  10   (0.053) 0.053 0.038 0.009 0.071 0.061 0.058 0.022 0.067 0.014 0.077 
  11   (0.064) 0.066 0.015 0.352 0.063 0.035 0.069 0.044 0.244 0.019 0.043 
  12   (0.040) 0.013 0.008 0.012 0.054 0.029 0.037 0.036 0.057 0.376 0.018 
  13   (0.047) 0.040 0.027 0.015 0.065 0.018 0.034 0.058 0.135 0.010 0.028 
  14   (0.039) 0.070 0.009 0.008 0.017 0.290 0.040 0.051 0.013 0.010 0.025 
  15   (0.017) 0.005 0.003 0.003 0.016 0.004 0.011 0.092 0.004 0.004 0.032 
  16   (0.017) 0.005 0.003 0.090 0.007 0.009 0.011 0.014 0.005 0.003 0.009 
  17   (0.019) 0.005 0.168 0.003 0.011 0.003 0.013 0.004 0.007 0.011 0.005 
  18   (0.012) 0.003 0.002 0.005 0.012 0.002 0.008 0.004 0.035 0.004 0.004 
  19   (0.044) 0.035 0.089 0.006 0.028 0.095 0.036 0.015 0.011 0.066 0.028 
  20   (0.010) 0.002 0.038 0.001 0.002 0.002 0.006 0.002 0.002 0.001 0.002 
  21   (0.035) 0.046 0.047 0.006 0.017 0.006 0.032 0.015 0.022 0.030 0.027 
  22   (0.018) 0.004 0.116 0.002 0.006 0.003 0.011 0.018 0.004 0.002 0.012 
  23   (0.013) 0.003 0.027 0.002 0.004 0.002 0.010 0.003 0.003 0.002 0.004 
  24   (0.022) 0.034 0.005 0.004 0.011 0.009 0.020 0.006 0.004 0.007 0.035 
  25   (0.011) 0.006 0.007 0.001 0.004 0.002 0.013 0.002 0.003 0.002 0.005 
  26   (0.030) 0.026 0.008 0.018 0.044 0.035 0.053 0.017 0.047 0.006 0.025 
  27   (0.016) 0.005 0.003 0.030 0.019 0.007 0.011 0.031 0.008 0.002 0.017 
  28   (0.012) 0.003 0.002 0.002 0.003 0.002 0.007 0.030 0.002 0.002 0.004 
  29   (0.011) 0.003 0.004 0.013 0.004 0.002 0.013 0.003 0.002 0.006 0.004 
  30   (0.011) 0.002 0.002 0.001 0.002 0.033 0.005 0.002 0.002 0.003 0.002 
  31   (0.013) 0.005 0.002 0.002 0.004 0.002 0.009 0.013 0.003 0.002 0.011 
  32   (0.011) 0.003 0.002 0.004 0.008 0.002 0.007 0.003 0.005 0.002 0.003 
  33   (0.011) 0.003 0.002 0.001 0.003 0.002 0.006 0.003 0.002 0.003 0.005 
  34   (0.009) 0.004 0.001 0.002 0.003 0.022 0.006 0.005 0.002 0.001 0.005 

Locus 10 : btern02 
25 alleles
4.8% missing data
   1   (0.090) 0.214 0.140 0.273 0.089 0.037 0.086 0.180 0.063 0.129 0.063 
   2   (0.009) 0.002 0.017 0.001 0.002 0.001 0.005 0.002 0.002 0.002 0.002 
   3   (0.085) 0.101 0.026 0.032 0.136 0.024 0.089 0.104 0.079 0.133 0.132 
   4   (0.050) 0.033 0.013 0.008 0.086 0.098 0.040 0.022 0.174 0.086 0.028 
   5   (0.027) 0.013 0.011 0.036 0.018 0.006 0.032 0.012 0.028 0.015 0.022 
   6   (0.043) 0.030 0.013 0.083 0.054 0.019 0.086 0.028 0.026 0.016 0.112 
   7   (0.029) 0.009 0.005 0.004 0.037 0.149 0.019 0.019 0.016 0.010 0.017 
   8   (0.037) 0.019 0.116 0.016 0.021 0.007 0.035 0.040 0.012 0.012 0.036 
   9   (0.079) 0.038 0.060 0.034 0.103 0.043 0.066 0.203 0.110 0.035 0.078 
  10   (0.029) 0.029 0.006 0.005 0.021 0.005 0.043 0.008 0.012 0.147 0.088 
  11   (0.064) 0.071 0.016 0.015 0.051 0.063 0.062 0.106 0.021 0.080 0.079 
  12   (0.035) 0.014 0.145 0.017 0.014 0.006 0.029 0.017 0.011 0.119 0.017 
  13   (0.048) 0.052 0.058 0.012 0.041 0.055 0.038 0.022 0.089 0.017 0.031 
  14   (0.049) 0.073 0.186 0.017 0.047 0.129 0.033 0.019 0.029 0.020 0.020 
  15   (0.009) 0.002 0.001 0.235 0.002 0.001 0.005 0.002 0.001 0.001 0.002 
  16   (0.050) 0.089 0.047 0.011 0.028 0.047 0.053 0.026 0.013 0.016 0.044 
  17   (0.027) 0.021 0.005 0.021 0.022 0.049 0.040 0.010 0.025 0.008 0.022 
  18   (0.052) 0.081 0.011 0.010 0.054 0.172 0.051 0.024 0.018 0.053 0.037 
  19   (0.036) 0.016 0.007 0.061 0.055 0.009 0.043 0.061 0.095 0.019 0.045 
  20   (0.038) 0.035 0.043 0.006 0.025 0.008 0.040 0.028 0.131 0.012 0.041 
  21   (0.027) 0.017 0.035 0.005 0.011 0.009 0.022 0.014 0.006 0.030 0.021 
  22   (0.013) 0.004 0.011 0.002 0.004 0.005 0.008 0.004 0.003 0.013 0.006 
  23   (0.032) 0.020 0.020 0.011 0.044 0.006 0.028 0.027 0.018 0.016 0.025 
  24   (0.030) 0.013 0.006 0.082 0.025 0.047 0.033 0.016 0.009 0.007 0.030 
  25   (0.011) 0.004 0.002 0.002 0.009 0.004 0.012 0.003 0.011 0.004 0.003 

Locus 11 : btms0086 
3 alleles
0.0% missing data
   1   (0.841) 0.900 0.776 0.974 0.827 0.927 0.835 0.906 0.752 0.787 0.846 
   2   (0.138) 0.095 0.211 0.023 0.167 0.066 0.150 0.053 0.244 0.208 0.131 
   3   (0.021) 0.005 0.014 0.003 0.007 0.007 0.015 0.041 0.004 0.005 0.023 

Locus 12 : bl13 
3 alleles
0.0% missing data
   1   (0.069) 0.025 0.245 0.015 0.063 0.345 0.056 0.023 0.023 0.018 0.027 
   2   (0.832) 0.868 0.737 0.652 0.840 0.595 0.869 0.848 0.876 0.958 0.877 
   3   (0.099) 0.107 0.018 0.333 0.097 0.060 0.075 0.129 0.101 0.024 0.096 

Locus 13 : btms0059 
9 alleles
0.0% missing data
   1   (0.343) 0.319 0.350 0.468 0.376 0.287 0.350 0.557 0.321 0.148 0.400 
   2   (0.106) 0.308 0.109 0.271 0.069 0.018 0.105 0.058 0.028 0.283 0.113 
   3   (0.064) 0.034 0.134 0.022 0.049 0.109 0.047 0.055 0.020 0.021 0.038 
   4   (0.057) 0.026 0.044 0.010 0.080 0.021 0.049 0.026 0.071 0.017 0.035 
   5   (0.082) 0.059 0.034 0.030 0.064 0.040 0.099 0.075 0.027 0.051 0.144 
   6   (0.301) 0.181 0.318 0.187 0.338 0.518 0.305 0.209 0.518 0.462 0.241 
   7   (0.015) 0.050 0.003 0.005 0.006 0.002 0.010 0.004 0.003 0.012 0.008 
   8   (0.022) 0.013 0.006 0.004 0.013 0.004 0.026 0.014 0.010 0.004 0.018 
   9   (0.010) 0.009 0.002 0.002 0.004 0.002 0.008 0.002 0.002 0.002 0.003 

Values of parameters used in structure:
