

----------------------------------------------------
STRUCTURE by Pritchard, Stephens and Donnelly (2000)
     and Falush, Stephens and Pritchard (2003)
       Code by Pritchard, Falush and Hubisz
             Version 2.3.4 (Jul 2012)
----------------------------------------------------



Command line arguments:   bin/structure -m "/Users/johnmola/Desktop/rpbbfeb27/rpbbstructure/rpbb20k100k/mainparams" -e "/Users/johnmola/Desktop/rpbbfeb27/rpbbstructure/rpbb20k100k/extraparams" 
Input File:    /Users/johnmola/Desktop/rpbbfeb27/rpbbstructure/project_data

Run parameters:
   231 individuals
   13 loci
   8 populations assumed
   20000 Burn-in period
   100000 Reps


--------------------------------------------
Proportion of membership of each pre-defined
 population in each of the 8 clusters

Given    Inferred Clusters                                          Number of
 Pop       1      2      3      4      5      6      7      8      Individuals

  1:     0.055  0.046  0.036  0.762  0.014  0.035  0.036  0.016       21
  2:     0.190  0.161  0.101  0.021  0.017  0.286  0.081  0.144        7
  3:     0.185  0.182  0.063  0.070  0.027  0.191  0.188  0.095        7
  4:     0.193  0.184  0.158  0.052  0.070  0.069  0.203  0.070        8
  5:     0.236  0.198  0.302  0.042  0.025  0.065  0.121  0.012        4
  6:     0.189  0.187  0.063  0.033  0.092  0.229  0.137  0.070       35
  7:     0.238  0.240  0.107  0.064  0.031  0.169  0.110  0.040       40
  8:     0.140  0.141  0.099  0.045  0.089  0.174  0.243  0.069       19
  9:     0.159  0.175  0.065  0.242  0.029  0.046  0.245  0.038        4
 10:     0.062  0.095  0.135  0.022  0.168  0.217  0.112  0.189       11
 11:     0.118  0.079  0.058  0.136  0.014  0.021  0.020  0.555        8
 12:     0.077  0.079  0.312  0.038  0.309  0.086  0.038  0.061       60
 13:     0.117  0.179  0.072  0.037  0.021  0.140  0.406  0.029        7
--------------------------------------------

Allele-freq. divergence among pops (Net nucleotide distance),
computed using point estimates of P.

      1       2       3       4       5       6       7       8      
 1      -    0.0011  0.0162  0.0276  0.0319  0.0219  0.0213  0.0323  
 2   0.0011     -    0.0175  0.0272  0.0308  0.0199  0.0214  0.0320  
 3   0.0162  0.0175     -    0.0335  0.0319  0.0340  0.0358  0.0409  
 4   0.0276  0.0272  0.0335     -    0.0436  0.0374  0.0481  0.0591  
 5   0.0319  0.0308  0.0319  0.0436     -    0.0409  0.0424  0.0524  
 6   0.0219  0.0199  0.0340  0.0374  0.0409     -    0.0380  0.0475  
 7   0.0213  0.0214  0.0358  0.0481  0.0424  0.0380     -    0.0527  
 8   0.0323  0.0320  0.0409  0.0591  0.0524  0.0475  0.0527     -    

Average distances (expected heterozygosity) between individuals in same cluster:
cluster  1  : 0.6870 
cluster  2  : 0.6838 
cluster  3  : 0.6746 
cluster  4  : 0.6846 
cluster  5  : 0.6755 
cluster  6  : 0.6849 
cluster  7  : 0.6579 
cluster  8  : 0.6373 

--------------------------------------------
Estimated Ln Prob of Data   = -9948.5
Mean value of ln likelihood = -9308.7
Variance of ln likelihood   = 1279.6
Mean value of alpha         = 0.0522

Mean value of Fst_1         = 0.0590
Mean value of Fst_2         = 0.0623
Mean value of Fst_3         = 0.0573
Mean value of Fst_4         = 0.0905
Mean value of Fst_5         = 0.0975
Mean value of Fst_6         = 0.0798
Mean value of Fst_7         = 0.1051
Mean value of Fst_8         = 0.1792


Inferred ancestry of individuals:
        Label (%Miss) Pop:  Inferred clusters
  1  BAFF014    (0)    1 :  0.021 0.021 0.011 0.908 0.006 0.011 0.015 0.008 
  2  BAFF379    (0)    2 :  0.253 0.246 0.263 0.014 0.014 0.056 0.098 0.058 
  3  BAFF212    (0)    3 :  0.270 0.296 0.032 0.023 0.058 0.248 0.054 0.018 
  4  BAFF018    (0)    4 :  0.257 0.304 0.301 0.009 0.019 0.019 0.009 0.082 
  5  BAFF247    (0)    4 :  0.271 0.236 0.379 0.007 0.015 0.057 0.022 0.012 
  6  BAFF024    (0)    5 :  0.300 0.152 0.028 0.022 0.044 0.154 0.289 0.010 
  7  BAFF088    (0)    6 :  0.046 0.053 0.035 0.009 0.031 0.781 0.020 0.024 
  8  BAFF429    (0)    6 :  0.214 0.258 0.140 0.017 0.013 0.086 0.225 0.047 
  9  BAFF087    (7)    7 :  0.007 0.009 0.006 0.007 0.007 0.953 0.006 0.006 
 10  BAFF225    (0)    7 :  0.166 0.122 0.021 0.035 0.016 0.374 0.255 0.010 
 11  BAFF195    (0)    8 :  0.164 0.132 0.101 0.040 0.015 0.092 0.050 0.406 
 12  BAFF238    (0)    9 :  0.070 0.064 0.027 0.080 0.033 0.029 0.679 0.018 
 13  BAFF019    (0)   10 :  0.023 0.039 0.019 0.020 0.814 0.044 0.011 0.030 
 14  BAFF175    (0)   10 :  0.064 0.094 0.295 0.011 0.054 0.176 0.232 0.074 
 15  BAFF156    (0)   11 :  0.005 0.006 0.008 0.004 0.006 0.005 0.005 0.962 
 16  BAFF301    (0)   11 :  0.034 0.032 0.017 0.831 0.023 0.017 0.035 0.010 
 17  BAFF141    (0)   12 :  0.080 0.152 0.602 0.138 0.006 0.008 0.006 0.010 
 18  BAFF302    (0)   12 :  0.515 0.326 0.025 0.020 0.038 0.020 0.042 0.014 
 19  BAFF290    (0)    1 :  0.029 0.031 0.061 0.793 0.012 0.014 0.052 0.007 
 20  BAFF498    (0)    6 :  0.305 0.247 0.023 0.188 0.060 0.054 0.072 0.051 
 21  BAFF455    (0)    7 :  0.021 0.040 0.032 0.021 0.021 0.710 0.094 0.060 
 22  BAFF203    (7)    8 :  0.035 0.046 0.035 0.008 0.012 0.820 0.027 0.018 
 23  BAFF056    (0)   12 :  0.032 0.054 0.014 0.017 0.842 0.009 0.028 0.005 
 24  BAFF327    (0)   12 :  0.031 0.029 0.694 0.053 0.114 0.038 0.014 0.026 
 25  BAFF255    (0)    1 :  0.014 0.012 0.011 0.931 0.007 0.009 0.011 0.005 
 26  BAFF256    (0)    1 :  0.007 0.007 0.006 0.944 0.011 0.010 0.011 0.005 
 27  BAFF257    (0)    1 :  0.006 0.006 0.006 0.957 0.005 0.007 0.008 0.004 
 28  BAFF260    (0)    1 :  0.009 0.008 0.008 0.935 0.007 0.016 0.013 0.004 
 29  BAFF259    (0)    1 :  0.009 0.008 0.009 0.936 0.015 0.008 0.008 0.008 
 30  BAFF261    (0)    1 :  0.014 0.013 0.011 0.932 0.007 0.009 0.007 0.008 
 31  BAFF274    (0)    1 :  0.048 0.041 0.018 0.821 0.014 0.030 0.017 0.011 
 32  BAFF262    (0)    1 :  0.012 0.012 0.025 0.895 0.009 0.032 0.007 0.008 
 33  BAFF294    (0)    1 :  0.012 0.010 0.008 0.914 0.008 0.034 0.007 0.007 
 34  BAFF292    (0)    1 :  0.030 0.023 0.024 0.659 0.010 0.009 0.227 0.020 
 35  BAFF296    (0)    1 :  0.032 0.024 0.015 0.700 0.017 0.008 0.187 0.016 
 36  BAFF295    (0)    1 :  0.022 0.020 0.059 0.806 0.012 0.024 0.046 0.011 
 37  BAFF298    (0)    1 :  0.029 0.026 0.016 0.877 0.019 0.011 0.013 0.008 
 38  BAFF299    (0)    1 :  0.007 0.007 0.007 0.920 0.029 0.011 0.006 0.012 
 39  BAFF375    (0)   13 :  0.009 0.009 0.008 0.011 0.008 0.010 0.939 0.006 
 40  BAFF376    (0)   13 :  0.039 0.035 0.016 0.012 0.025 0.052 0.812 0.009 
 41  BAFF377    (0)   13 :  0.011 0.010 0.007 0.012 0.007 0.008 0.937 0.007 
 42  BAFF022    (0)    5 :  0.227 0.147 0.444 0.086 0.010 0.020 0.049 0.016 
 43  BAFF021    (0)    5 :  0.127 0.060 0.701 0.039 0.014 0.031 0.021 0.008 
 44  BAFF499    (0)    6 :  0.044 0.057 0.041 0.008 0.768 0.014 0.033 0.033 
 45  BAFF204    (0)    8 :  0.363 0.407 0.086 0.009 0.049 0.025 0.050 0.010 
 46  BAFF068    (0)   12 :  0.023 0.021 0.022 0.072 0.835 0.008 0.010 0.009 
 47  BAFF336    (0)   12 :  0.095 0.084 0.059 0.013 0.567 0.035 0.017 0.131 
 48  BAFF447    (0)    7 :  0.504 0.374 0.028 0.007 0.013 0.024 0.025 0.025 
 49  BAFF457    (0)    7 :  0.526 0.269 0.045 0.026 0.009 0.011 0.084 0.029 
 50  BAFF448    (0)    7 :  0.188 0.252 0.033 0.053 0.007 0.420 0.023 0.023 
 51  BAFF465    (0)    7 :  0.023 0.039 0.015 0.013 0.011 0.871 0.013 0.013 
 52  BAFF194    (0)    8 :  0.472 0.283 0.028 0.023 0.011 0.028 0.140 0.014 
 53  BAFF199    (0)    8 :  0.338 0.391 0.107 0.016 0.017 0.015 0.039 0.078 
 54  BAFF500    (0)    6 :  0.202 0.342 0.011 0.189 0.082 0.110 0.055 0.008 
 55  BAFF206    (0)    8 :  0.029 0.024 0.542 0.043 0.059 0.096 0.196 0.012 
 56  BAFF069    (0)   12 :  0.013 0.020 0.017 0.009 0.876 0.014 0.032 0.018 
 57  BAFF330    (0)   12 :  0.088 0.085 0.067 0.018 0.032 0.596 0.024 0.089 
 58  BAFF239    (0)   10 :  0.008 0.093 0.184 0.017 0.253 0.015 0.013 0.417 
 59  BAFF241    (0)   10 :  0.016 0.105 0.079 0.026 0.360 0.012 0.011 0.392 
 60  BAFF157    (0)   11 :  0.007 0.007 0.006 0.004 0.006 0.006 0.006 0.958 
 61  BAFF161    (0)   11 :  0.006 0.006 0.005 0.004 0.006 0.006 0.005 0.963 
 62  BAFF160    (0)   11 :  0.007 0.006 0.007 0.004 0.005 0.007 0.005 0.957 
 63  BAFF008    (0)   12 :  0.075 0.087 0.041 0.036 0.150 0.564 0.033 0.014 
 64  BAFF013    (0)   12 :  0.027 0.027 0.065 0.012 0.014 0.810 0.025 0.021 
 65  BAFF407    (0)   12 :  0.013 0.017 0.021 0.009 0.899 0.012 0.015 0.013 
 66  BAFF503    (0)    6 :  0.026 0.060 0.010 0.006 0.766 0.071 0.020 0.041 
 67  BAFF449    (0)    7 :  0.015 0.022 0.593 0.010 0.022 0.313 0.012 0.011 
 68  BAFF207    (0)    8 :  0.035 0.032 0.019 0.014 0.427 0.032 0.436 0.005 
 69  BAFF070    (0)   12 :  0.011 0.013 0.034 0.009 0.895 0.014 0.013 0.010 
 70  BAFF335    (0)   12 :  0.014 0.013 0.916 0.008 0.019 0.012 0.007 0.012 
 71  BAFF507    (0)    6 :  0.473 0.309 0.013 0.036 0.008 0.013 0.130 0.017 
 72  BAFF450    (0)    7 :  0.174 0.141 0.035 0.129 0.045 0.026 0.371 0.079 
 73  BAFF209    (7)    8 :  0.046 0.044 0.110 0.029 0.023 0.212 0.378 0.157 
 74  BAFF072    (0)   12 :  0.037 0.087 0.402 0.014 0.049 0.023 0.018 0.370 
 75  BAFF339    (0)   12 :  0.076 0.080 0.067 0.011 0.269 0.011 0.476 0.010 
 76  BAFF508    (0)    6 :  0.235 0.229 0.039 0.056 0.021 0.013 0.028 0.378 
 77  BAFF451    (0)    7 :  0.431 0.277 0.110 0.011 0.029 0.062 0.066 0.014 
 78  BAFF210    (0)    8 :  0.080 0.085 0.016 0.075 0.434 0.091 0.212 0.008 
 79  BAFF139    (0)   12 :  0.386 0.188 0.211 0.050 0.013 0.026 0.094 0.032 
 80  BAFF341    (0)   12 :  0.187 0.331 0.100 0.017 0.014 0.047 0.136 0.168 
 81  BAFF509    (0)    6 :  0.042 0.035 0.086 0.071 0.044 0.649 0.063 0.011 
 82  BAFF453    (0)    7 :  0.027 0.032 0.041 0.008 0.061 0.037 0.778 0.016 
 83  BAFF389    (0)    8 :  0.012 0.015 0.018 0.014 0.006 0.016 0.655 0.265 
 84  BAFF163    (0)   12 :  0.006 0.008 0.005 0.004 0.941 0.010 0.019 0.008 
 85  BAFF344    (7)   12 :  0.030 0.036 0.615 0.009 0.185 0.024 0.054 0.046 
 86  BAFF510    (0)    6 :  0.343 0.201 0.048 0.011 0.033 0.241 0.075 0.047 
 87  BAFF456    (0)    7 :  0.480 0.258 0.061 0.016 0.035 0.011 0.129 0.011 
 88  BAFF390    (0)    8 :  0.023 0.039 0.006 0.006 0.005 0.006 0.903 0.012 
 89  BAFF142    (0)   12 :  0.064 0.165 0.351 0.289 0.041 0.012 0.010 0.068 
 90  BAFF363    (7)   12 :  0.009 0.011 0.020 0.007 0.915 0.009 0.007 0.023 
 91  BAFF517    (0)    6 :  0.365 0.181 0.070 0.008 0.030 0.021 0.311 0.013 
 92  BAFF458    (0)    7 :  0.305 0.495 0.037 0.040 0.027 0.057 0.025 0.014 
 93  BAFF391    (0)    8 :  0.176 0.118 0.122 0.155 0.349 0.028 0.041 0.011 
 94  BAFF149    (0)   12 :  0.038 0.034 0.761 0.011 0.027 0.010 0.087 0.031 
 95  BAFF366    (7)   12 :  0.093 0.052 0.776 0.008 0.015 0.006 0.031 0.018 
 96  BAFF512    (0)    6 :  0.351 0.319 0.017 0.124 0.037 0.071 0.059 0.022 
 97  BAFF460    (0)    7 :  0.172 0.153 0.584 0.017 0.015 0.011 0.033 0.013 
 98  BAFF138    (0)   12 :  0.017 0.020 0.894 0.014 0.014 0.007 0.012 0.022 
 99  BAFF374    (0)   12 :  0.015 0.013 0.022 0.039 0.294 0.542 0.024 0.051 
100  BAFF015    (0)    1 :  0.018 0.021 0.013 0.907 0.010 0.011 0.010 0.010 
101  BAFF380    (0)    2 :  0.170 0.215 0.061 0.014 0.050 0.148 0.022 0.319 
102  BAFF216    (0)    3 :  0.328 0.364 0.025 0.034 0.025 0.088 0.119 0.016 
103  BAFF017    (0)    4 :  0.267 0.250 0.005 0.022 0.019 0.008 0.423 0.007 
104  BAFF245    (0)    4 :  0.152 0.110 0.353 0.135 0.036 0.102 0.100 0.012 
105  BAFF378    (7)   13 :  0.295 0.451 0.019 0.169 0.011 0.016 0.028 0.012 
106  BAFF023    (0)    5 :  0.288 0.430 0.033 0.023 0.032 0.056 0.124 0.014 
107  BAFF079    (0)    6 :  0.275 0.187 0.155 0.037 0.055 0.089 0.175 0.028 
108  BAFF435    (0)    6 :  0.383 0.511 0.019 0.008 0.017 0.018 0.031 0.014 
109  BAFF174    (7)    7 :  0.031 0.058 0.018 0.007 0.023 0.025 0.824 0.015 
110  BAFF226    (0)    7 :  0.500 0.311 0.104 0.012 0.009 0.010 0.040 0.014 
111  BAFF190    (0)    8 :  0.080 0.152 0.104 0.017 0.087 0.492 0.019 0.049 
112  BAFF243    (0)    9 :  0.252 0.256 0.089 0.060 0.006 0.028 0.246 0.063 
113  BAFF177    (0)   10 :  0.033 0.039 0.073 0.035 0.008 0.640 0.147 0.026 
114  BAFF364    (7)   11 :  0.158 0.135 0.017 0.012 0.030 0.096 0.029 0.523 
115  BAFF305    (0)   12 :  0.021 0.021 0.865 0.021 0.022 0.011 0.024 0.016 
116  BAFF513    (0)    6 :  0.129 0.137 0.023 0.055 0.020 0.542 0.067 0.027 
117  BAFF462    (0)    7 :  0.094 0.199 0.015 0.417 0.048 0.177 0.014 0.036 
118  BAFF143    (0)   12 :  0.055 0.059 0.678 0.007 0.060 0.049 0.053 0.040 
119  BAFF403    (0)   12 :  0.008 0.009 0.008 0.007 0.942 0.008 0.008 0.010 
120  BAFF514    (0)    6 :  0.050 0.089 0.029 0.007 0.174 0.591 0.039 0.020 
121  BAFF463    (0)    7 :  0.006 0.006 0.005 0.005 0.004 0.954 0.006 0.012 
122  BAFF137    (0)   12 :  0.017 0.023 0.815 0.010 0.008 0.103 0.010 0.013 
123  BAFF404    (0)   12 :  0.013 0.012 0.009 0.012 0.916 0.009 0.008 0.020 
124  BAFF515    (0)    6 :  0.220 0.197 0.119 0.020 0.039 0.309 0.060 0.036 
125  BAFF144    (0)   12 :  0.122 0.235 0.099 0.013 0.090 0.178 0.021 0.243 
126  BAFF405    (7)   12 :  0.080 0.087 0.557 0.040 0.026 0.046 0.012 0.152 
127  BAFF518    (0)    6 :  0.078 0.105 0.343 0.011 0.359 0.013 0.053 0.038 
128  BAFF467    (0)    7 :  0.283 0.484 0.024 0.016 0.032 0.078 0.062 0.019 
129  BAFF145    (0)   12 :  0.088 0.093 0.297 0.070 0.012 0.028 0.025 0.388 
130  BAFF406    (0)   12 :  0.050 0.038 0.077 0.009 0.372 0.064 0.027 0.364 
131  BAFF519    (0)    6 :  0.096 0.059 0.059 0.012 0.011 0.040 0.710 0.012 
132  BAFF471    (0)    7 :  0.168 0.190 0.327 0.076 0.022 0.144 0.046 0.027 
133  BAFF136    (0)   12 :  0.010 0.010 0.150 0.005 0.724 0.041 0.051 0.009 
134  BAFF520    (7)    6 :  0.312 0.386 0.034 0.028 0.052 0.057 0.114 0.016 
135  BAFF472    (0)    7 :  0.193 0.248 0.051 0.026 0.023 0.244 0.079 0.135 
136  BAFF165    (0)   12 :  0.095 0.072 0.693 0.047 0.038 0.023 0.022 0.011 
137  BAFF408    (0)   12 :  0.055 0.064 0.654 0.038 0.081 0.017 0.026 0.064 
138  BAFF522    (0)    6 :  0.035 0.071 0.048 0.030 0.066 0.704 0.028 0.019 
139  BAFF475    (0)    7 :  0.373 0.194 0.051 0.008 0.046 0.045 0.261 0.023 
140  BAFF140    (0)   12 :  0.060 0.054 0.511 0.018 0.029 0.216 0.045 0.066 
141  BAFF409    (0)   12 :  0.013 0.013 0.016 0.105 0.769 0.055 0.017 0.013 
142  BAFF523    (0)    6 :  0.122 0.195 0.014 0.014 0.009 0.516 0.025 0.104 
143  BAFF476    (0)    7 :  0.378 0.255 0.048 0.008 0.033 0.012 0.100 0.165 
144  BAFF147    (0)   12 :  0.030 0.029 0.692 0.015 0.156 0.043 0.018 0.017 
145  BAFF410    (0)   12 :  0.085 0.061 0.262 0.016 0.515 0.008 0.041 0.011 
146  BAFF477    (0)    7 :  0.378 0.285 0.186 0.083 0.007 0.015 0.035 0.012 
147  BAFF411    (0)   12 :  0.047 0.069 0.063 0.509 0.089 0.014 0.146 0.062 
148  BAFF486    (7)    7 :  0.410 0.537 0.010 0.007 0.006 0.005 0.018 0.008 
149  BAFF412    (7)   12 :  0.042 0.025 0.024 0.042 0.727 0.086 0.034 0.020 
150  BAFF258    (0)    1 :  0.141 0.171 0.019 0.187 0.027 0.368 0.015 0.071 
151  BAFF392    (0)    2 :  0.008 0.020 0.007 0.005 0.006 0.773 0.023 0.157 
152  BAFF217    (0)    3 :  0.097 0.091 0.051 0.011 0.018 0.011 0.695 0.026 
153  BAFF016    (0)    4 :  0.267 0.140 0.078 0.005 0.046 0.010 0.358 0.095 
154  BAFF246    (0)    4 :  0.093 0.073 0.022 0.010 0.022 0.072 0.680 0.029 
155  BAFF381    (0)   13 :  0.237 0.265 0.337 0.011 0.035 0.031 0.066 0.018 
156  BAFF078    (0)    6 :  0.016 0.093 0.242 0.007 0.044 0.019 0.016 0.563 
157  BAFF481    (0)    6 :  0.275 0.346 0.146 0.026 0.037 0.036 0.118 0.016 
158  BAFF436    (0)    7 :  0.150 0.191 0.053 0.082 0.047 0.374 0.061 0.043 
159  BAFF191    (0)    8 :  0.078 0.072 0.027 0.010 0.019 0.088 0.694 0.011 
160  BAFF382    (0)    9 :  0.293 0.366 0.059 0.007 0.065 0.102 0.042 0.066 
161  BAFF178    (0)   10 :  0.031 0.028 0.022 0.010 0.058 0.665 0.179 0.007 
162  BAFF159    (7)   11 :  0.587 0.329 0.015 0.009 0.017 0.010 0.025 0.008 
163  BAFF365    (7)   11 :  0.141 0.110 0.388 0.219 0.018 0.018 0.050 0.056 
164  BAFF007    (0)   12 :  0.305 0.201 0.184 0.058 0.030 0.047 0.088 0.087 
165  BAFF304    (7)   12 :  0.126 0.112 0.551 0.012 0.078 0.013 0.016 0.091 
166  BAFF487    (0)    7 :  0.236 0.457 0.011 0.022 0.040 0.102 0.063 0.069 
167  BAFF415    (0)   12 :  0.067 0.043 0.213 0.059 0.555 0.030 0.014 0.019 
168  BAFF488    (0)    7 :  0.152 0.101 0.054 0.597 0.015 0.012 0.056 0.012 
169  BAFF417    (0)   12 :  0.073 0.065 0.404 0.017 0.359 0.034 0.028 0.020 
170  BAFF489    (0)    7 :  0.247 0.274 0.279 0.009 0.039 0.056 0.025 0.070 
171  BAFF426    (0)   12 :  0.014 0.019 0.015 0.018 0.883 0.023 0.014 0.014 
172  BAFF490    (7)    7 :  0.484 0.284 0.018 0.020 0.012 0.049 0.037 0.096 
173  BAFF491    (0)    7 :  0.314 0.393 0.026 0.040 0.009 0.149 0.032 0.036 
174  BAFF492    (0)    7 :  0.378 0.505 0.016 0.007 0.014 0.015 0.051 0.015 
175  BAFF493    (0)    7 :  0.118 0.188 0.026 0.464 0.034 0.122 0.032 0.016 
176  BAFF506    (0)    7 :  0.248 0.444 0.014 0.114 0.017 0.089 0.051 0.023 
177  BAFF393    (0)    2 :  0.327 0.276 0.075 0.026 0.011 0.012 0.030 0.243 
178  BAFF218    (0)    3 :  0.215 0.170 0.087 0.061 0.025 0.070 0.356 0.017 
179  BAFF254    (0)    4 :  0.196 0.294 0.109 0.044 0.012 0.020 0.013 0.312 
180  BAFF385    (0)   13 :  0.163 0.367 0.043 0.024 0.040 0.271 0.036 0.055 
181  BAFF076    (0)    6 :  0.009 0.010 0.009 0.009 0.012 0.928 0.010 0.014 
182  BAFF482    (0)    6 :  0.312 0.372 0.092 0.008 0.081 0.104 0.016 0.015 
183  BAFF437    (0)    7 :  0.184 0.113 0.628 0.020 0.011 0.023 0.014 0.006 
184  BAFF192    (0)    8 :  0.060 0.057 0.063 0.017 0.015 0.521 0.126 0.141 
185  BAFF383    (0)    9 :  0.022 0.016 0.086 0.824 0.011 0.025 0.011 0.006 
186  BAFF180    (0)   10 :  0.067 0.051 0.012 0.008 0.097 0.223 0.532 0.010 
187  BAFF048    (7)   12 :  0.185 0.213 0.038 0.060 0.016 0.053 0.011 0.424 
188  BAFF306    (0)   12 :  0.081 0.079 0.641 0.011 0.030 0.049 0.092 0.017 
189  BAFF394    (0)    2 :  0.089 0.079 0.122 0.068 0.020 0.072 0.337 0.214 
190  BAFF219    (0)    3 :  0.359 0.321 0.174 0.009 0.013 0.033 0.077 0.015 
191  BAFF388    (0)    4 :  0.040 0.066 0.012 0.187 0.393 0.265 0.023 0.014 
192  BAFF386    (7)   13 :  0.067 0.114 0.071 0.020 0.019 0.592 0.023 0.094 
193  BAFF084    (0)    6 :  0.267 0.197 0.022 0.011 0.010 0.011 0.020 0.463 
194  BAFF483    (0)    6 :  0.107 0.072 0.165 0.033 0.134 0.363 0.114 0.010 
195  BAFF438   (15)    7 :  0.155 0.230 0.272 0.017 0.034 0.067 0.031 0.195 
196  BAFF193    (0)    8 :  0.207 0.282 0.022 0.349 0.019 0.066 0.038 0.017 
197  BAFF183    (0)   10 :  0.303 0.383 0.031 0.058 0.038 0.012 0.044 0.131 
198  BAFF153    (0)   12 :  0.011 0.011 0.924 0.007 0.013 0.012 0.007 0.015 
199  BAFF307    (0)   12 :  0.126 0.180 0.517 0.012 0.020 0.020 0.027 0.097 
200  BAFF397    (0)    2 :  0.471 0.273 0.170 0.008 0.010 0.005 0.053 0.010 
201  BAFF220    (0)    3 :  0.018 0.013 0.008 0.010 0.013 0.837 0.006 0.095 
202  BAFF095    (0)    6 :  0.016 0.020 0.016 0.042 0.017 0.862 0.020 0.008 
203  BAFF494    (0)    6 :  0.127 0.194 0.013 0.006 0.028 0.576 0.028 0.028 
204  BAFF439    (0)    7 :  0.077 0.139 0.187 0.010 0.252 0.014 0.302 0.019 
205  BAFF182    (0)   10 :  0.033 0.041 0.065 0.029 0.125 0.539 0.026 0.141 
206  BAFF054    (0)   12 :  0.008 0.008 0.021 0.006 0.932 0.008 0.007 0.010 
207  BAFF308    (0)   12 :  0.063 0.072 0.785 0.013 0.018 0.018 0.012 0.019 
208  BAFF266    (0)    1 :  0.346 0.334 0.030 0.121 0.045 0.022 0.019 0.084 
209  BAFF398    (7)    2 :  0.013 0.017 0.005 0.013 0.005 0.937 0.005 0.006 
210  BAFF221    (0)    3 :  0.008 0.016 0.062 0.345 0.038 0.047 0.008 0.476 
211  BAFF090    (0)    6 :  0.118 0.276 0.086 0.016 0.129 0.083 0.018 0.275 
212  BAFF495    (0)    6 :  0.040 0.059 0.010 0.008 0.011 0.010 0.855 0.008 
213  BAFF459    (0)    7 :  0.437 0.248 0.038 0.007 0.012 0.012 0.192 0.054 
214  BAFF197    (0)    8 :  0.176 0.107 0.419 0.014 0.076 0.017 0.176 0.016 
215  BAFF188    (0)   10 :  0.033 0.056 0.665 0.014 0.033 0.015 0.023 0.161 
216  BAFF051    (0)   12 :  0.189 0.259 0.044 0.023 0.389 0.051 0.030 0.014 
217  BAFF309    (0)   12 :  0.365 0.473 0.031 0.011 0.014 0.062 0.029 0.015 
218  BAFF269    (0)    1 :  0.287 0.144 0.374 0.069 0.010 0.040 0.062 0.013 
219  BAFF077    (0)    6 :  0.518 0.293 0.007 0.010 0.010 0.005 0.136 0.021 
220  BAFF496    (0)    6 :  0.022 0.021 0.008 0.011 0.008 0.008 0.918 0.005 
221  BAFF443    (0)    7 :  0.262 0.345 0.122 0.069 0.104 0.051 0.027 0.022 
222  BAFF198    (0)    8 :  0.128 0.182 0.020 0.008 0.033 0.224 0.365 0.041 
223  BAFF053    (0)   12 :  0.022 0.035 0.819 0.019 0.036 0.009 0.042 0.018 
224  BAFF310    (0)   12 :  0.089 0.033 0.071 0.007 0.753 0.007 0.020 0.019 
225  BAFF282    (0)    1 :  0.054 0.033 0.027 0.782 0.017 0.050 0.022 0.015 
226  BAFF497    (0)    6 :  0.453 0.349 0.016 0.010 0.013 0.012 0.136 0.011 
227  BAFF466    (0)    7 :  0.233 0.444 0.064 0.014 0.039 0.049 0.023 0.133 
228  BAFF200    (7)    8 :  0.151 0.217 0.044 0.012 0.044 0.434 0.067 0.030 
229  BAFF240    (0)   10 :  0.074 0.116 0.036 0.014 0.010 0.045 0.016 0.688 
230  BAFF055    (0)   12 :  0.018 0.020 0.153 0.018 0.740 0.029 0.010 0.012 
231  BAFF311    (7)   12 :  0.014 0.013 0.040 0.034 0.008 0.820 0.013 0.057 


Estimated Allele Frequencies in each cluster
First column gives estimated ancestral frequencies


Locus 1 : btern01 
9 alleles
0.0% missing data
   1   (0.139) 0.163 0.139 0.165 0.117 0.034 0.139 0.199 0.095 
   2   (0.018) 0.010 0.012 0.004 0.025 0.004 0.004 0.003 0.003 
   3   (0.170) 0.223 0.188 0.201 0.069 0.096 0.135 0.194 0.156 
   4   (0.208) 0.172 0.205 0.188 0.203 0.167 0.184 0.318 0.238 
   5   (0.284) 0.329 0.349 0.342 0.433 0.346 0.148 0.103 0.366 
   6   (0.077) 0.047 0.049 0.062 0.034 0.324 0.047 0.080 0.056 
   7   (0.049) 0.016 0.019 0.018 0.084 0.020 0.281 0.014 0.070 
   8   (0.017) 0.007 0.005 0.008 0.028 0.003 0.003 0.010 0.003 
   9   (0.038) 0.032 0.034 0.010 0.007 0.007 0.058 0.079 0.013 

Locus 2 : bt28 
5 alleles
0.0% missing data
   1   (0.666) 0.672 0.641 0.739 0.775 0.712 0.569 0.738 0.674 
   2   (0.153) 0.115 0.145 0.147 0.164 0.098 0.175 0.163 0.068 
   3   (0.146) 0.136 0.164 0.101 0.041 0.184 0.250 0.086 0.251 
   4   (0.024) 0.074 0.046 0.010 0.006 0.004 0.004 0.011 0.006 
   5   (0.011) 0.003 0.003 0.003 0.014 0.002 0.002 0.002 0.002 

Locus 3 : b96 
8 alleles
0.9% missing data
   1   (0.326) 0.319 0.295 0.464 0.356 0.320 0.357 0.289 0.203 
   2   (0.486) 0.567 0.600 0.326 0.446 0.510 0.520 0.659 0.611 
   3   (0.046) 0.038 0.038 0.058 0.011 0.047 0.027 0.012 0.059 
   4   (0.016) 0.006 0.006 0.003 0.004 0.003 0.003 0.003 0.090 
   5   (0.050) 0.037 0.030 0.058 0.026 0.032 0.045 0.014 0.010 
   6   (0.027) 0.007 0.006 0.014 0.089 0.005 0.037 0.005 0.007 
   7   (0.037) 0.022 0.020 0.073 0.066 0.007 0.008 0.016 0.018 
   8   (0.014) 0.003 0.003 0.003 0.003 0.076 0.003 0.002 0.002 

Locus 4 : bt30 
12 alleles
0.9% missing data
   1   (0.112) 0.099 0.124 0.066 0.265 0.108 0.183 0.030 0.060 
   2   (0.284) 0.319 0.334 0.287 0.288 0.300 0.269 0.347 0.180 
   3   (0.068) 0.165 0.159 0.035 0.016 0.022 0.024 0.117 0.050 
   4   (0.188) 0.192 0.200 0.223 0.110 0.240 0.216 0.153 0.197 
   5   (0.014) 0.007 0.006 0.004 0.004 0.003 0.016 0.004 0.002 
   6   (0.100) 0.097 0.069 0.070 0.105 0.051 0.213 0.147 0.033 
   7   (0.032) 0.016 0.020 0.038 0.021 0.016 0.010 0.017 0.047 
   8   (0.053) 0.032 0.023 0.079 0.044 0.062 0.010 0.011 0.066 
   9   (0.108) 0.065 0.054 0.159 0.076 0.190 0.041 0.153 0.359 
  10   (0.012) 0.003 0.002 0.003 0.066 0.002 0.002 0.002 0.002 
  11   (0.018) 0.005 0.005 0.034 0.004 0.004 0.014 0.005 0.002 
  12   (0.011) 0.004 0.004 0.003 0.002 0.002 0.002 0.013 0.002 

Locus 5 : btms0081 
3 alleles
0.9% missing data
   1   (0.498) 0.577 0.571 0.400 0.582 0.314 0.647 0.338 0.625 
   2   (0.354) 0.337 0.328 0.437 0.224 0.488 0.259 0.439 0.259 
   3   (0.149) 0.085 0.101 0.163 0.194 0.197 0.094 0.223 0.115 

Locus 6 : btms0066 
24 alleles
0.0% missing data
   1   (0.270) 0.264 0.288 0.305 0.390 0.389 0.353 0.211 0.140 
   2   (0.017) 0.006 0.005 0.004 0.063 0.003 0.003 0.013 0.003 
   3   (0.034) 0.025 0.031 0.114 0.006 0.010 0.019 0.012 0.011 
   4   (0.152) 0.245 0.259 0.109 0.056 0.127 0.170 0.382 0.044 
   5   (0.093) 0.131 0.127 0.193 0.027 0.098 0.040 0.117 0.029 
   6   (0.049) 0.020 0.023 0.047 0.010 0.015 0.192 0.044 0.160 
   7   (0.019) 0.007 0.008 0.004 0.017 0.003 0.049 0.003 0.003 
   8   (0.054) 0.067 0.047 0.032 0.079 0.035 0.016 0.055 0.030 
   9   (0.022) 0.011 0.014 0.016 0.004 0.006 0.009 0.005 0.296 
  10   (0.028) 0.032 0.024 0.007 0.141 0.005 0.006 0.006 0.025 
  11   (0.018) 0.006 0.006 0.005 0.147 0.012 0.007 0.007 0.003 
  12   (0.040) 0.078 0.057 0.027 0.008 0.017 0.008 0.085 0.008 
  13   (0.028) 0.016 0.018 0.017 0.006 0.017 0.024 0.006 0.020 
  14   (0.018) 0.005 0.006 0.005 0.003 0.045 0.004 0.003 0.068 
  15   (0.018) 0.035 0.020 0.022 0.004 0.003 0.003 0.005 0.003 
  16   (0.029) 0.014 0.017 0.015 0.007 0.101 0.024 0.008 0.042 
  17   (0.017) 0.007 0.014 0.021 0.008 0.027 0.004 0.004 0.088 
  18   (0.011) 0.002 0.002 0.002 0.002 0.033 0.002 0.002 0.002 
  19   (0.013) 0.003 0.003 0.036 0.002 0.003 0.003 0.002 0.002 
  20   (0.022) 0.008 0.009 0.006 0.007 0.014 0.026 0.023 0.008 
  21   (0.016) 0.007 0.008 0.004 0.005 0.004 0.025 0.003 0.008 
  22   (0.009) 0.004 0.004 0.002 0.002 0.001 0.008 0.002 0.003 
  23   (0.011) 0.003 0.002 0.004 0.002 0.031 0.002 0.002 0.001 
  24   (0.010) 0.006 0.006 0.002 0.003 0.002 0.002 0.002 0.003 

Locus 7 : btms0083 
31 alleles
3.0% missing data
   1   (0.009) 0.002 0.002 0.002 0.221 0.001 0.002 0.001 0.007 
   2   (0.022) 0.011 0.015 0.029 0.103 0.004 0.005 0.004 0.008 
   3   (0.028) 0.019 0.016 0.011 0.006 0.010 0.071 0.007 0.116 
   4   (0.040) 0.035 0.051 0.020 0.055 0.012 0.034 0.017 0.032 
   5   (0.196) 0.210 0.215 0.229 0.217 0.271 0.355 0.160 0.128 
   6   (0.020) 0.021 0.027 0.006 0.005 0.004 0.016 0.005 0.012 
   7   (0.064) 0.066 0.091 0.084 0.019 0.140 0.022 0.029 0.158 
   8   (0.034) 0.042 0.031 0.140 0.015 0.013 0.008 0.012 0.011 
   9   (0.037) 0.035 0.038 0.037 0.008 0.007 0.043 0.036 0.009 
  10   (0.023) 0.009 0.008 0.015 0.007 0.021 0.121 0.011 0.005 
  11   (0.055) 0.105 0.076 0.037 0.015 0.011 0.015 0.115 0.335 
  12   (0.019) 0.008 0.011 0.004 0.036 0.004 0.006 0.013 0.003 
  13   (0.052) 0.053 0.040 0.082 0.011 0.069 0.021 0.102 0.022 
  14   (0.035) 0.115 0.109 0.017 0.007 0.007 0.009 0.017 0.008 
  15   (0.028) 0.035 0.029 0.012 0.020 0.006 0.023 0.035 0.006 
  16   (0.029) 0.027 0.028 0.007 0.032 0.006 0.067 0.008 0.022 
  17   (0.027) 0.011 0.012 0.015 0.065 0.005 0.008 0.271 0.011 
  18   (0.057) 0.040 0.054 0.042 0.037 0.114 0.042 0.034 0.016 
  19   (0.022) 0.009 0.011 0.006 0.010 0.115 0.004 0.006 0.004 
  20   (0.025) 0.010 0.010 0.096 0.005 0.055 0.006 0.005 0.005 
  21   (0.011) 0.003 0.002 0.002 0.032 0.002 0.002 0.002 0.001 
  22   (0.010) 0.003 0.003 0.002 0.024 0.002 0.002 0.007 0.002 
  23   (0.014) 0.012 0.007 0.011 0.017 0.002 0.003 0.005 0.003 
  24   (0.012) 0.003 0.003 0.003 0.003 0.015 0.002 0.002 0.002 
  25   (0.031) 0.027 0.033 0.032 0.006 0.007 0.083 0.007 0.006 
  26   (0.015) 0.043 0.024 0.004 0.003 0.003 0.004 0.021 0.003 
  27   (0.029) 0.012 0.015 0.026 0.005 0.050 0.008 0.051 0.007 
  28   (0.022) 0.016 0.015 0.006 0.006 0.005 0.008 0.010 0.051 
  29   (0.010) 0.009 0.014 0.002 0.004 0.002 0.003 0.003 0.003 
  30   (0.013) 0.003 0.003 0.011 0.002 0.036 0.003 0.002 0.002 
  31   (0.011) 0.006 0.004 0.007 0.003 0.002 0.002 0.002 0.002 

Locus 8 : b126 
16 alleles
0.0% missing data
   1   (0.044) 0.032 0.023 0.037 0.043 0.013 0.062 0.017 0.009 
   2   (0.049) 0.041 0.031 0.059 0.130 0.008 0.013 0.075 0.012 
   3   (0.308) 0.338 0.367 0.343 0.195 0.378 0.263 0.422 0.633 
   4   (0.031) 0.044 0.047 0.010 0.008 0.007 0.014 0.044 0.005 
   5   (0.070) 0.089 0.113 0.033 0.022 0.044 0.127 0.098 0.023 
   6   (0.065) 0.102 0.080 0.145 0.015 0.155 0.015 0.021 0.013 
   7   (0.109) 0.085 0.091 0.141 0.022 0.148 0.187 0.076 0.186 
   8   (0.031) 0.031 0.021 0.014 0.007 0.076 0.007 0.025 0.005 
   9   (0.012) 0.003 0.003 0.003 0.002 0.002 0.042 0.002 0.002 
  10   (0.043) 0.020 0.023 0.015 0.026 0.057 0.098 0.027 0.019 
  11   (0.089) 0.115 0.119 0.091 0.389 0.022 0.032 0.032 0.066 
  12   (0.031) 0.021 0.024 0.030 0.029 0.030 0.006 0.006 0.005 
  13   (0.066) 0.039 0.032 0.035 0.102 0.049 0.089 0.114 0.011 
  14   (0.023) 0.029 0.019 0.009 0.005 0.006 0.009 0.035 0.004 
  15   (0.013) 0.003 0.003 0.030 0.002 0.002 0.008 0.003 0.002 
  16   (0.016) 0.009 0.007 0.004 0.003 0.003 0.028 0.003 0.007 

Locus 9 : btms0062 
34 alleles
0.0% missing data
   1   (0.032) 0.031 0.046 0.008 0.079 0.010 0.031 0.008 0.037 
   2   (0.042) 0.032 0.033 0.019 0.102 0.012 0.040 0.232 0.021 
   3   (0.092) 0.089 0.086 0.232 0.105 0.059 0.033 0.068 0.057 
   4   (0.106) 0.145 0.123 0.050 0.054 0.215 0.226 0.037 0.163 
   5   (0.049) 0.099 0.131 0.072 0.019 0.012 0.040 0.015 0.063 
   6   (0.028) 0.025 0.024 0.032 0.007 0.006 0.012 0.026 0.011 
   7   (0.012) 0.010 0.011 0.007 0.002 0.002 0.003 0.004 0.002 
   8   (0.024) 0.044 0.029 0.050 0.007 0.005 0.005 0.013 0.004 
   9   (0.042) 0.086 0.055 0.015 0.020 0.022 0.027 0.059 0.047 
  10   (0.050) 0.066 0.061 0.028 0.040 0.058 0.068 0.048 0.011 
  11   (0.066) 0.058 0.075 0.049 0.018 0.040 0.150 0.032 0.280 
  12   (0.040) 0.019 0.020 0.038 0.008 0.030 0.070 0.266 0.017 
  13   (0.045) 0.036 0.028 0.063 0.026 0.018 0.125 0.012 0.016 
  14   (0.043) 0.045 0.048 0.042 0.011 0.275 0.011 0.018 0.009 
  15   (0.020) 0.006 0.006 0.110 0.004 0.004 0.005 0.006 0.004 
  16   (0.018) 0.006 0.008 0.017 0.004 0.008 0.003 0.003 0.072 
  17   (0.019) 0.007 0.006 0.004 0.157 0.003 0.012 0.006 0.003 
  18   (0.009) 0.002 0.003 0.003 0.002 0.002 0.032 0.005 0.006 
  19   (0.043) 0.034 0.033 0.015 0.080 0.094 0.015 0.063 0.007 
  20   (0.009) 0.002 0.002 0.002 0.033 0.001 0.002 0.001 0.001 
  21   (0.031) 0.040 0.036 0.012 0.054 0.006 0.017 0.020 0.006 
  22   (0.019) 0.006 0.007 0.018 0.103 0.004 0.003 0.003 0.003 
  23   (0.012) 0.005 0.005 0.003 0.025 0.002 0.002 0.002 0.002 
  24   (0.017) 0.038 0.025 0.005 0.004 0.008 0.004 0.012 0.003 
  25   (0.012) 0.009 0.013 0.003 0.008 0.003 0.003 0.003 0.002 
  26   (0.025) 0.024 0.049 0.013 0.009 0.028 0.026 0.010 0.082 
  27   (0.021) 0.007 0.010 0.033 0.004 0.006 0.013 0.004 0.047 
  28   (0.009) 0.002 0.002 0.025 0.002 0.001 0.001 0.001 0.001 
  29   (0.015) 0.008 0.007 0.004 0.005 0.003 0.003 0.008 0.012 
  30   (0.009) 0.002 0.002 0.002 0.001 0.031 0.002 0.002 0.001 
  31   (0.014) 0.008 0.008 0.014 0.003 0.002 0.003 0.003 0.002 
  32   (0.010) 0.003 0.003 0.003 0.002 0.002 0.008 0.003 0.004 
  33   (0.009) 0.005 0.004 0.006 0.003 0.001 0.002 0.002 0.001 
  34   (0.010) 0.005 0.003 0.003 0.002 0.026 0.002 0.002 0.002 

Locus 10 : btern02 
25 alleles
4.8% missing data
   1   (0.098) 0.114 0.109 0.145 0.131 0.042 0.074 0.121 0.253 
   2   (0.010) 0.002 0.002 0.002 0.016 0.002 0.002 0.002 0.001 
   3   (0.080) 0.119 0.106 0.087 0.026 0.026 0.143 0.125 0.036 
   4   (0.051) 0.035 0.038 0.027 0.014 0.099 0.159 0.071 0.010 
   5   (0.028) 0.029 0.030 0.013 0.014 0.007 0.024 0.009 0.027 
   6   (0.043) 0.077 0.106 0.023 0.016 0.020 0.027 0.021 0.087 
   7   (0.030) 0.013 0.013 0.026 0.006 0.141 0.031 0.017 0.005 
   8   (0.037) 0.032 0.038 0.035 0.101 0.007 0.011 0.015 0.016 
   9   (0.070) 0.042 0.059 0.192 0.079 0.037 0.108 0.021 0.076 
  10   (0.034) 0.065 0.066 0.012 0.007 0.006 0.012 0.097 0.008 
  11   (0.056) 0.069 0.050 0.120 0.015 0.060 0.020 0.108 0.015 
  12   (0.037) 0.021 0.024 0.020 0.134 0.007 0.012 0.071 0.014 
  13   (0.046) 0.046 0.039 0.023 0.052 0.058 0.068 0.026 0.015 
  14   (0.053) 0.039 0.037 0.027 0.164 0.126 0.034 0.036 0.033 
  15   (0.012) 0.003 0.002 0.003 0.002 0.002 0.002 0.002 0.165 
  16   (0.045) 0.071 0.061 0.025 0.049 0.051 0.013 0.018 0.009 
  17   (0.027) 0.031 0.036 0.008 0.006 0.061 0.016 0.009 0.014 
  18   (0.044) 0.038 0.039 0.027 0.010 0.159 0.019 0.129 0.012 
  19   (0.041) 0.024 0.036 0.070 0.008 0.010 0.074 0.023 0.097 
  20   (0.042) 0.041 0.035 0.033 0.053 0.009 0.083 0.020 0.007 
  21   (0.023) 0.022 0.017 0.012 0.049 0.009 0.005 0.013 0.005 
  22   (0.014) 0.006 0.005 0.005 0.017 0.007 0.003 0.006 0.002 
  23   (0.033) 0.027 0.020 0.043 0.019 0.007 0.033 0.025 0.011 
  24   (0.031) 0.029 0.028 0.017 0.007 0.045 0.015 0.007 0.077 
  25   (0.015) 0.006 0.006 0.004 0.003 0.005 0.015 0.008 0.003 

Locus 11 : btms0086 
3 alleles
0.0% missing data
   1   (0.843) 0.860 0.837 0.910 0.782 0.924 0.753 0.823 0.970 
   2   (0.136) 0.132 0.153 0.051 0.199 0.069 0.243 0.172 0.027 
   3   (0.021) 0.007 0.010 0.039 0.019 0.007 0.004 0.004 0.003 

Locus 12 : bl13 
3 alleles
0.0% missing data
   1   (0.072) 0.036 0.033 0.028 0.219 0.331 0.033 0.038 0.024 
   2   (0.827) 0.868 0.888 0.851 0.761 0.609 0.854 0.906 0.711 
   3   (0.102) 0.097 0.079 0.121 0.020 0.061 0.113 0.056 0.266 

Locus 13 : btms0059 
9 alleles
0.0% missing data
   1   (0.344) 0.345 0.347 0.528 0.357 0.298 0.339 0.205 0.439 
   2   (0.108) 0.194 0.153 0.064 0.118 0.019 0.032 0.242 0.205 
   3   (0.063) 0.034 0.026 0.056 0.123 0.119 0.031 0.035 0.026 
   4   (0.055) 0.035 0.033 0.041 0.046 0.021 0.100 0.026 0.012 
   5   (0.082) 0.110 0.113 0.079 0.035 0.043 0.031 0.070 0.034 
   6   (0.298) 0.238 0.277 0.207 0.309 0.491 0.451 0.391 0.270 
   7   (0.016) 0.020 0.018 0.004 0.003 0.003 0.003 0.024 0.004 
   8   (0.024) 0.019 0.026 0.017 0.006 0.004 0.011 0.005 0.006 
   9   (0.011) 0.006 0.007 0.003 0.003 0.002 0.002 0.002 0.004 

Values of parameters used in structure:
DATAFILE=/Users/johnmola/Desktop/rpbbfeb27/rpbbstructure/project_data,	OUTFILE=/Users/johnmola/Desktop/rpbbfeb27/rpbbstructure/rpbb20k100k/Results/rpbb20k100k_run_73,	NUMINDS=231,	NUMLOCI=13,	MISSING=-9,	LABEL=1,	POPDATA=1,	POPFLAG=0,	PHENOTYPE=0,	EXTRACOLS=0,	MAXPOPS=8,	BURNIN=20000,	NUMREPS=100000,	USEPOPINFO=0,	INFERALPHA=1,	INFERLAMBDA=0,	POPSPECIFICLAMBDA=0,	POPALPHAS=0,	COMPUTEPROB=1,	NOADMIX=0,	ADMBURNIN=2500,	UPDATEFREQ=1,	PRINTLIKES=0,	INTERMEDSAVE=0,	PRINTKLD=0,	PRINTNET=0,	PRINTLAMBDA=0,	ANCESTDIST=0,	NUMBOXES=1000,	ANCESTPINT=0.90000,	GENSBACK=2,	MIGRPRIOR=0.05000,	PRINTQHAT=0,	PRINTQSUM=0,	ALPHA=1.0000,	FREQSCORR=1,	FPRIORMEAN=0.0100,	FPRIORSD=0.0500,	ONEFST=0,	LAMBDA=1.0000,	UNIFPRIORALPHA=1,	ALPHAMAX=10.0000,	ALPHAPRIORA=1.0000,	ALPHAPRIORB=2.0000,	ALPHAPROPSD=0.0250,	STARTATPOPINFO=0,	RANDOMIZE=1,	LINKAGE=0,	METROFREQ=10,	REPORTHITRATE=0,	MARKOVPHASE=-1,	PHASED=0,	PLOIDY=2,	PHASEINFO=0	LOCPRIOR=0, 	LOCPRIORINIT=1.000000, 	LOCDATA=0, 	LOCISPOP=0, 	LOCPRIORSTEP=0.100000, 	MAXLOCPRIOR=20.000000, 	SEED=1677521840,	
[STRAT parameters]:    NUMSIMSTATS=1000,	PHENOTYPECOL=-9,	POOLFREQ=10,	LOCUSxONLY=0,	EMERROR=0.00100,	MISSINGPHENO=-9,	