

----------------------------------------------------
STRUCTURE by Pritchard, Stephens and Donnelly (2000)
     and Falush, Stephens and Pritchard (2003)
       Code by Pritchard, Falush and Hubisz
             Version 2.3.4 (Jul 2012)
----------------------------------------------------



Command line arguments:   bin/structure -m "/Users/johnmola/Desktop/rpbbfeb27/rpbbstructure/rpbb20k100k/mainparams" -e "/Users/johnmola/Desktop/rpbbfeb27/rpbbstructure/rpbb20k100k/extraparams" 
Input File:    /Users/johnmola/Desktop/rpbbfeb27/rpbbstructure/project_data

Run parameters:
   231 individuals
   13 loci
   5 populations assumed
   20000 Burn-in period
   100000 Reps


--------------------------------------------
Proportion of membership of each pre-defined
 population in each of the 5 clusters

Given    Inferred Clusters                     Number of
 Pop       1      2      3      4      5      Individuals

  1:     0.027  0.043  0.852  0.018  0.060       21
  2:     0.343  0.380  0.026  0.020  0.231        7
  3:     0.057  0.328  0.110  0.060  0.446        7
  4:     0.331  0.121  0.085  0.056  0.407        8
  5:     0.152  0.183  0.272  0.053  0.340        4
  6:     0.176  0.343  0.053  0.123  0.305       35
  7:     0.191  0.288  0.108  0.072  0.341       40
  8:     0.159  0.272  0.081  0.137  0.351       19
  9:     0.157  0.059  0.289  0.053  0.442        4
 10:     0.160  0.337  0.063  0.359  0.082       11
 11:     0.604  0.029  0.165  0.017  0.184        8
 12:     0.278  0.131  0.066  0.442  0.084       60
 13:     0.144  0.227  0.078  0.053  0.499        7
--------------------------------------------

Allele-freq. divergence among pops (Net nucleotide distance),
computed using point estimates of P.

      1       2       3       4       5      
 1      -    0.0185  0.0238  0.0195  0.0142  
 2   0.0185     -    0.0225  0.0239  0.0179  
 3   0.0238  0.0225     -    0.0292  0.0242  
 4   0.0195  0.0239  0.0292     -    0.0239  
 5   0.0142  0.0179  0.0242  0.0239     -    

Average distances (expected heterozygosity) between individuals in same cluster:
cluster  1  : 0.6741 
cluster  2  : 0.6945 
cluster  3  : 0.6885 
cluster  4  : 0.6866 
cluster  5  : 0.6859 

--------------------------------------------
Estimated Ln Prob of Data   = -10068.7
Mean value of ln likelihood = -9656.3
Variance of ln likelihood   = 824.8
Mean value of alpha         = 0.0544

Mean value of Fst_1         = 0.0567
Mean value of Fst_2         = 0.0474
Mean value of Fst_3         = 0.0594
Mean value of Fst_4         = 0.0642
Mean value of Fst_5         = 0.0469


Inferred ancestry of individuals:
        Label (%Miss) Pop:  Inferred clusters
  1  BAFF014    (0)    1 :  0.007 0.012 0.961 0.006 0.013 
  2  BAFF379    (0)    2 :  0.831 0.038 0.017 0.019 0.095 
  3  BAFF212    (0)    3 :  0.068 0.742 0.035 0.079 0.075 
  4  BAFF018    (0)    4 :  0.916 0.020 0.011 0.018 0.034 
  5  BAFF247    (0)    4 :  0.456 0.087 0.014 0.034 0.408 
  6  BAFF024    (0)    5 :  0.022 0.309 0.025 0.050 0.595 
  7  BAFF088    (0)    6 :  0.052 0.874 0.013 0.034 0.026 
  8  BAFF429    (0)    6 :  0.096 0.558 0.023 0.024 0.298 
  9  BAFF087    (7)    7 :  0.007 0.969 0.010 0.007 0.007 
 10  BAFF225    (0)    7 :  0.041 0.437 0.053 0.027 0.442 
 11  BAFF195    (0)    8 :  0.729 0.075 0.034 0.014 0.148 
 12  BAFF238    (0)    9 :  0.063 0.061 0.172 0.042 0.662 
 13  BAFF019    (0)   10 :  0.030 0.086 0.043 0.825 0.015 
 14  BAFF175    (0)   10 :  0.168 0.271 0.015 0.373 0.173 
 15  BAFF156    (0)   11 :  0.976 0.006 0.005 0.007 0.006 
 16  BAFF301    (0)   11 :  0.015 0.024 0.914 0.021 0.026 
 17  BAFF141    (0)   12 :  0.247 0.015 0.681 0.042 0.016 
 18  BAFF302    (0)   12 :  0.042 0.022 0.027 0.049 0.860 
 19  BAFF290    (0)    1 :  0.018 0.017 0.927 0.015 0.023 
 20  BAFF498    (0)    6 :  0.196 0.142 0.320 0.079 0.263 
 21  BAFF455    (0)    7 :  0.053 0.771 0.033 0.052 0.091 
 22  BAFF203    (7)    8 :  0.032 0.907 0.012 0.015 0.034 
 23  BAFF056    (0)   12 :  0.012 0.014 0.023 0.928 0.023 
 24  BAFF327    (0)   12 :  0.368 0.040 0.097 0.451 0.043 
 25  BAFF255    (0)    1 :  0.009 0.009 0.961 0.008 0.012 
 26  BAFF256    (0)    1 :  0.007 0.012 0.962 0.012 0.008 
 27  BAFF257    (0)    1 :  0.006 0.008 0.973 0.006 0.007 
 28  BAFF260    (0)    1 :  0.006 0.014 0.958 0.008 0.013 
 29  BAFF259    (0)    1 :  0.010 0.009 0.958 0.015 0.008 
 30  BAFF261    (0)    1 :  0.009 0.010 0.963 0.009 0.009 
 31  BAFF274    (0)    1 :  0.026 0.023 0.895 0.016 0.040 
 32  BAFF262    (0)    1 :  0.010 0.023 0.945 0.011 0.011 
 33  BAFF294    (0)    1 :  0.007 0.023 0.955 0.008 0.008 
 34  BAFF292    (0)    1 :  0.017 0.010 0.839 0.011 0.122 
 35  BAFF296    (0)    1 :  0.019 0.009 0.865 0.015 0.091 
 36  BAFF295    (0)    1 :  0.011 0.019 0.921 0.013 0.037 
 37  BAFF298    (0)    1 :  0.013 0.014 0.938 0.016 0.019 
 38  BAFF299    (0)    1 :  0.008 0.012 0.954 0.018 0.007 
 39  BAFF375    (0)   13 :  0.024 0.017 0.024 0.012 0.924 
 40  BAFF376    (0)   13 :  0.026 0.064 0.024 0.037 0.849 
 41  BAFF377    (0)   13 :  0.022 0.011 0.019 0.011 0.937 
 42  BAFF022    (0)    5 :  0.095 0.078 0.564 0.018 0.246 
 43  BAFF021    (0)    5 :  0.122 0.153 0.437 0.074 0.213 
 44  BAFF499    (0)    6 :  0.035 0.016 0.010 0.878 0.060 
 45  BAFF204    (0)    8 :  0.233 0.049 0.013 0.078 0.626 
 46  BAFF068    (0)   12 :  0.019 0.009 0.051 0.907 0.014 
 47  BAFF336    (0)   12 :  0.460 0.058 0.017 0.436 0.029 
 48  BAFF447    (0)    7 :  0.123 0.041 0.011 0.019 0.806 
 49  BAFF457    (0)    7 :  0.072 0.011 0.030 0.011 0.876 
 50  BAFF448    (0)    7 :  0.269 0.483 0.097 0.011 0.140 
 51  BAFF465    (0)    7 :  0.048 0.880 0.016 0.018 0.038 
 52  BAFF194    (0)    8 :  0.024 0.059 0.038 0.014 0.865 
 53  BAFF199    (0)    8 :  0.640 0.042 0.031 0.028 0.259 
 54  BAFF500    (0)    6 :  0.036 0.221 0.449 0.124 0.170 
 55  BAFF206    (0)    8 :  0.071 0.375 0.042 0.171 0.341 
 56  BAFF069    (0)   12 :  0.022 0.017 0.011 0.937 0.013 
 57  BAFF330    (0)   12 :  0.133 0.804 0.019 0.026 0.018 
 58  BAFF239    (0)   10 :  0.094 0.021 0.064 0.812 0.010 
 59  BAFF241    (0)   10 :  0.017 0.015 0.089 0.871 0.009 
 60  BAFF157    (0)   11 :  0.962 0.010 0.006 0.009 0.012 
 61  BAFF161    (0)   11 :  0.970 0.008 0.005 0.008 0.008 
 62  BAFF160    (0)   11 :  0.967 0.010 0.006 0.008 0.009 
 63  BAFF008    (0)   12 :  0.051 0.703 0.055 0.148 0.043 
 64  BAFF013    (0)   12 :  0.057 0.886 0.014 0.016 0.026 
 65  BAFF407    (0)   12 :  0.022 0.019 0.012 0.938 0.009 
 66  BAFF503    (0)    6 :  0.042 0.295 0.008 0.645 0.011 
 67  BAFF449    (0)    7 :  0.028 0.872 0.015 0.075 0.010 
 68  BAFF207    (0)    8 :  0.011 0.099 0.023 0.725 0.142 
 69  BAFF070    (0)   12 :  0.015 0.014 0.010 0.948 0.013 
 70  BAFF335    (0)   12 :  0.506 0.032 0.018 0.429 0.015 
 71  BAFF507    (0)    6 :  0.021 0.019 0.062 0.010 0.888 
 72  BAFF450    (0)    7 :  0.432 0.048 0.221 0.058 0.241 
 73  BAFF209    (7)    8 :  0.071 0.268 0.055 0.052 0.554 
 74  BAFF072    (0)   12 :  0.883 0.020 0.010 0.073 0.014 
 75  BAFF339    (0)   12 :  0.053 0.022 0.016 0.774 0.135 
 76  BAFF508    (0)    6 :  0.899 0.012 0.054 0.013 0.022 
 77  BAFF451    (0)    7 :  0.026 0.071 0.013 0.027 0.863 
 78  BAFF210    (0)    8 :  0.027 0.204 0.102 0.468 0.199 
 79  BAFF139    (0)   12 :  0.087 0.028 0.073 0.020 0.792 
 80  BAFF341    (0)   12 :  0.609 0.124 0.034 0.042 0.191 
 81  BAFF509    (0)    6 :  0.013 0.882 0.037 0.034 0.034 
 82  BAFF453    (0)    7 :  0.039 0.291 0.011 0.393 0.265 
 83  BAFF389    (0)    8 :  0.123 0.034 0.091 0.010 0.742 
 84  BAFF163    (0)   12 :  0.008 0.029 0.004 0.952 0.007 
 85  BAFF344    (7)   12 :  0.277 0.037 0.011 0.615 0.060 
 86  BAFF510    (0)    6 :  0.220 0.257 0.013 0.052 0.458 
 87  BAFF456    (0)    7 :  0.030 0.013 0.021 0.036 0.901 
 88  BAFF390    (0)    8 :  0.010 0.085 0.011 0.010 0.885 
 89  BAFF142    (0)   12 :  0.172 0.016 0.684 0.107 0.021 
 90  BAFF363    (7)   12 :  0.029 0.014 0.008 0.941 0.007 
 91  BAFF517    (0)    6 :  0.032 0.017 0.008 0.029 0.913 
 92  BAFF458    (0)    7 :  0.150 0.543 0.149 0.064 0.094 
 93  BAFF391    (0)    8 :  0.186 0.037 0.337 0.374 0.066 
 94  BAFF149    (0)   12 :  0.599 0.014 0.015 0.313 0.058 
 95  BAFF366    (7)   12 :  0.317 0.011 0.016 0.288 0.369 
 96  BAFF512    (0)    6 :  0.186 0.246 0.210 0.071 0.286 
 97  BAFF460    (0)    7 :  0.572 0.013 0.021 0.083 0.311 
 98  BAFF138    (0)   12 :  0.501 0.013 0.054 0.412 0.019 
 99  BAFF374    (0)   12 :  0.032 0.695 0.036 0.217 0.020 
100  BAFF015    (0)    1 :  0.007 0.016 0.954 0.015 0.008 
101  BAFF380    (0)    2 :  0.300 0.612 0.019 0.047 0.022 
102  BAFF216    (0)    3 :  0.028 0.390 0.064 0.039 0.479 
103  BAFF017    (0)    4 :  0.008 0.026 0.047 0.027 0.891 
104  BAFF245    (0)    4 :  0.062 0.153 0.352 0.043 0.390 
105  BAFF378    (7)   13 :  0.232 0.098 0.344 0.024 0.302 
106  BAFF023    (0)    5 :  0.371 0.192 0.062 0.070 0.305 
107  BAFF079    (0)    6 :  0.042 0.251 0.045 0.045 0.616 
108  BAFF435    (0)    6 :  0.406 0.112 0.020 0.056 0.406 
109  BAFF174    (7)    7 :  0.040 0.414 0.012 0.112 0.422 
110  BAFF226    (0)    7 :  0.092 0.015 0.024 0.013 0.856 
111  BAFF190    (0)    8 :  0.104 0.773 0.021 0.084 0.018 
112  BAFF243    (0)    9 :  0.126 0.037 0.045 0.012 0.779 
113  BAFF177    (0)   10 :  0.030 0.873 0.028 0.013 0.057 
114  BAFF364    (7)   11 :  0.797 0.123 0.016 0.023 0.041 
115  BAFF305    (0)   12 :  0.491 0.034 0.048 0.366 0.061 
116  BAFF513    (0)    6 :  0.015 0.859 0.060 0.019 0.048 
117  BAFF462    (0)    7 :  0.029 0.228 0.668 0.056 0.019 
118  BAFF143    (0)   12 :  0.450 0.034 0.009 0.364 0.144 
119  BAFF403    (0)   12 :  0.010 0.011 0.008 0.964 0.008 
120  BAFF514    (0)    6 :  0.018 0.703 0.011 0.250 0.018 
121  BAFF463    (0)    7 :  0.008 0.967 0.008 0.006 0.011 
122  BAFF137    (0)   12 :  0.166 0.654 0.016 0.145 0.019 
123  BAFF404    (0)   12 :  0.018 0.010 0.015 0.946 0.011 
124  BAFF515    (0)    6 :  0.144 0.560 0.026 0.048 0.222 
125  BAFF144    (0)   12 :  0.502 0.376 0.018 0.080 0.025 
126  BAFF405    (7)   12 :  0.619 0.094 0.053 0.211 0.024 
127  BAFF518    (0)    6 :  0.067 0.013 0.022 0.869 0.030 
128  BAFF467    (0)    7 :  0.089 0.432 0.041 0.044 0.394 
129  BAFF145    (0)   12 :  0.836 0.035 0.071 0.019 0.040 
130  BAFF406    (0)   12 :  0.682 0.047 0.009 0.244 0.017 
131  BAFF519    (0)    6 :  0.112 0.115 0.016 0.023 0.735 
132  BAFF471    (0)    7 :  0.302 0.342 0.098 0.069 0.190 
133  BAFF136    (0)   12 :  0.026 0.044 0.006 0.903 0.021 
134  BAFF520    (7)    6 :  0.102 0.266 0.080 0.123 0.428 
135  BAFF472    (0)    7 :  0.337 0.437 0.057 0.054 0.115 
136  BAFF165    (0)   12 :  0.068 0.020 0.098 0.223 0.592 
137  BAFF408    (0)   12 :  0.567 0.020 0.064 0.331 0.018 
138  BAFF522    (0)    6 :  0.020 0.900 0.029 0.033 0.018 
139  BAFF475    (0)    7 :  0.079 0.054 0.011 0.036 0.820 
140  BAFF140    (0)   12 :  0.364 0.325 0.026 0.207 0.078 
141  BAFF409    (0)   12 :  0.013 0.050 0.105 0.819 0.013 
142  BAFF523    (0)    6 :  0.085 0.871 0.013 0.009 0.022 
143  BAFF476    (0)    7 :  0.322 0.015 0.012 0.027 0.624 
144  BAFF147    (0)   12 :  0.225 0.152 0.021 0.573 0.029 
145  BAFF410    (0)   12 :  0.029 0.011 0.021 0.894 0.046 
146  BAFF477    (0)    7 :  0.113 0.023 0.198 0.015 0.650 
147  BAFF411    (0)   12 :  0.155 0.019 0.627 0.169 0.030 
148  BAFF486    (7)    7 :  0.408 0.011 0.013 0.011 0.558 
149  BAFF412    (7)   12 :  0.020 0.107 0.071 0.767 0.034 
150  BAFF258    (0)    1 :  0.058 0.498 0.373 0.028 0.043 
151  BAFF392    (0)    2 :  0.010 0.969 0.006 0.007 0.008 
152  BAFF217    (0)    3 :  0.056 0.017 0.017 0.021 0.889 
153  BAFF016    (0)    4 :  0.231 0.019 0.006 0.066 0.677 
154  BAFF246    (0)    4 :  0.053 0.095 0.012 0.029 0.812 
155  BAFF381    (0)   13 :  0.354 0.056 0.020 0.161 0.409 
156  BAFF078    (0)    6 :  0.894 0.016 0.007 0.074 0.009 
157  BAFF481    (0)    6 :  0.365 0.162 0.060 0.122 0.291 
158  BAFF436    (0)    7 :  0.047 0.686 0.101 0.081 0.086 
159  BAFF191    (0)    8 :  0.014 0.279 0.015 0.019 0.673 
160  BAFF382    (0)    9 :  0.422 0.117 0.012 0.138 0.310 
161  BAFF178    (0)   10 :  0.011 0.880 0.010 0.049 0.050 
162  BAFF159    (7)   11 :  0.032 0.025 0.020 0.026 0.897 
163  BAFF365    (7)   11 :  0.116 0.025 0.350 0.036 0.473 
164  BAFF007    (0)   12 :  0.638 0.043 0.127 0.042 0.151 
165  BAFF304    (7)   12 :  0.795 0.016 0.019 0.138 0.032 
166  BAFF487    (0)    7 :  0.261 0.505 0.056 0.040 0.137 
167  BAFF415    (0)   12 :  0.065 0.041 0.062 0.773 0.059 
168  BAFF488    (0)    7 :  0.020 0.026 0.805 0.018 0.131 
169  BAFF417    (0)   12 :  0.298 0.045 0.018 0.602 0.037 
170  BAFF489    (0)    7 :  0.631 0.143 0.015 0.074 0.137 
171  BAFF426    (0)   12 :  0.010 0.023 0.021 0.932 0.014 
172  BAFF490    (7)    7 :  0.318 0.141 0.029 0.015 0.497 
173  BAFF491    (0)    7 :  0.282 0.447 0.094 0.012 0.166 
174  BAFF492    (0)    7 :  0.356 0.061 0.015 0.030 0.538 
175  BAFF493    (0)    7 :  0.047 0.194 0.686 0.034 0.039 
176  BAFF506    (0)    7 :  0.103 0.565 0.261 0.023 0.048 
177  BAFF393    (0)    2 :  0.866 0.021 0.026 0.014 0.072 
178  BAFF218    (0)    3 :  0.049 0.068 0.061 0.024 0.798 
179  BAFF254    (0)    4 :  0.903 0.020 0.047 0.014 0.016 
180  BAFF385    (0)   13 :  0.303 0.478 0.088 0.099 0.033 
181  BAFF076    (0)    6 :  0.013 0.951 0.014 0.013 0.009 
182  BAFF482    (0)    6 :  0.428 0.182 0.014 0.106 0.271 
183  BAFF437    (0)    7 :  0.048 0.042 0.095 0.053 0.762 
184  BAFF192    (0)    8 :  0.448 0.429 0.027 0.017 0.078 
185  BAFF383    (0)    9 :  0.015 0.021 0.927 0.019 0.018 
186  BAFF180    (0)   10 :  0.021 0.627 0.010 0.169 0.174 
187  BAFF048    (7)   12 :  0.372 0.393 0.168 0.021 0.047 
188  BAFF306    (0)   12 :  0.597 0.092 0.013 0.175 0.122 
189  BAFF394    (0)    2 :  0.170 0.072 0.070 0.026 0.662 
190  BAFF219    (0)    3 :  0.045 0.055 0.014 0.031 0.854 
191  BAFF388    (0)    4 :  0.017 0.550 0.193 0.215 0.026 
192  BAFF386    (7)   13 :  0.051 0.863 0.026 0.026 0.035 
193  BAFF084    (0)    6 :  0.927 0.013 0.013 0.010 0.038 
194  BAFF483    (0)    6 :  0.052 0.627 0.045 0.123 0.153 
195  BAFF438   (15)    7 :  0.827 0.051 0.020 0.064 0.037 
196  BAFF193    (0)    8 :  0.092 0.149 0.633 0.024 0.101 
197  BAFF183    (0)   10 :  0.087 0.144 0.339 0.132 0.298 
198  BAFF153    (0)   12 :  0.546 0.015 0.010 0.415 0.014 
199  BAFF307    (0)   12 :  0.855 0.031 0.016 0.073 0.025 
200  BAFF397    (0)    2 :  0.215 0.006 0.012 0.019 0.747 
201  BAFF220    (0)    3 :  0.024 0.941 0.011 0.009 0.015 
202  BAFF095    (0)    6 :  0.012 0.917 0.048 0.012 0.011 
203  BAFF494    (0)    6 :  0.164 0.690 0.008 0.031 0.106 
204  BAFF439    (0)    7 :  0.077 0.033 0.017 0.775 0.099 
205  BAFF182    (0)   10 :  0.072 0.695 0.029 0.166 0.038 
206  BAFF054    (0)   12 :  0.009 0.009 0.007 0.966 0.008 
207  BAFF308    (0)   12 :  0.633 0.055 0.031 0.240 0.041 
208  BAFF266    (0)    1 :  0.284 0.064 0.368 0.106 0.178 
209  BAFF398    (7)    2 :  0.007 0.942 0.035 0.006 0.009 
210  BAFF221    (0)    3 :  0.125 0.084 0.565 0.214 0.012 
211  BAFF090    (0)    6 :  0.414 0.201 0.063 0.290 0.033 
212  BAFF495    (0)    6 :  0.013 0.015 0.011 0.013 0.949 
213  BAFF459    (0)    7 :  0.030 0.021 0.010 0.012 0.927 
214  BAFF197    (0)    8 :  0.050 0.026 0.020 0.356 0.548 
215  BAFF188    (0)   10 :  0.350 0.029 0.055 0.521 0.046 
216  BAFF051    (0)   12 :  0.038 0.122 0.029 0.742 0.068 
217  BAFF309    (0)   12 :  0.385 0.285 0.029 0.023 0.278 
218  BAFF269    (0)    1 :  0.028 0.062 0.308 0.025 0.578 
219  BAFF077    (0)    6 :  0.015 0.011 0.012 0.013 0.949 
220  BAFF496    (0)    6 :  0.011 0.017 0.015 0.013 0.945 
221  BAFF443    (0)    7 :  0.187 0.124 0.240 0.291 0.159 
222  BAFF198    (0)    8 :  0.053 0.488 0.019 0.099 0.340 
223  BAFF053    (0)   12 :  0.431 0.015 0.030 0.472 0.053 
224  BAFF310    (0)   12 :  0.182 0.018 0.028 0.750 0.022 
225  BAFF282    (0)    1 :  0.014 0.034 0.915 0.014 0.023 
226  BAFF497    (0)    6 :  0.012 0.021 0.013 0.018 0.936 
227  BAFF466    (0)    7 :  0.684 0.116 0.020 0.043 0.138 
228  BAFF200    (7)    8 :  0.108 0.785 0.016 0.041 0.050 
229  BAFF240    (0)   10 :  0.880 0.065 0.013 0.014 0.028 
230  BAFF055    (0)   12 :  0.026 0.027 0.025 0.907 0.015 
231  BAFF311    (7)   12 :  0.015 0.939 0.023 0.009 0.014 


Estimated Allele Frequencies in each cluster
First column gives estimated ancestral frequencies


Locus 1 : btern01 
9 alleles
0.0% missing data
   1   (0.142) 0.139 0.156 0.127 0.077 0.165 
   2   (0.017) 0.004 0.005 0.027 0.004 0.005 
   3   (0.153) 0.193 0.112 0.079 0.121 0.253 
   4   (0.211) 0.254 0.198 0.206 0.181 0.191 
   5   (0.291) 0.342 0.218 0.408 0.332 0.252 
   6   (0.078) 0.031 0.060 0.039 0.253 0.062 
   7   (0.057) 0.021 0.191 0.078 0.022 0.015 
   8   (0.015) 0.003 0.003 0.028 0.003 0.008 
   9   (0.035) 0.013 0.057 0.008 0.007 0.050 

Locus 2 : bt28 
5 alleles
0.0% missing data
   1   (0.669) 0.702 0.583 0.746 0.724 0.711 
   2   (0.148) 0.077 0.198 0.167 0.115 0.127 
   3   (0.147) 0.210 0.211 0.064 0.154 0.089 
   4   (0.024) 0.009 0.005 0.011 0.005 0.071 
   5   (0.012) 0.002 0.002 0.013 0.002 0.002 

Locus 3 : b96 
8 alleles
0.9% missing data
   1   (0.323) 0.298 0.360 0.353 0.361 0.314 
   2   (0.486) 0.515 0.531 0.481 0.464 0.590 
   3   (0.042) 0.083 0.028 0.012 0.042 0.015 
   4   (0.017) 0.034 0.003 0.006 0.003 0.004 
   5   (0.049) 0.027 0.036 0.023 0.047 0.033 
   6   (0.029) 0.008 0.029 0.067 0.008 0.005 
   7   (0.041) 0.033 0.010 0.053 0.023 0.037 
   8   (0.015) 0.002 0.004 0.004 0.051 0.003 

Locus 4 : bt30 
12 alleles
0.9% missing data
   1   (0.117) 0.063 0.160 0.233 0.110 0.062 
   2   (0.276) 0.310 0.283 0.296 0.250 0.336 
   3   (0.076) 0.106 0.044 0.027 0.045 0.151 
   4   (0.185) 0.196 0.229 0.153 0.229 0.157 
   5   (0.013) 0.002 0.017 0.003 0.003 0.003 
   6   (0.101) 0.045 0.171 0.091 0.056 0.127 
   7   (0.032) 0.016 0.011 0.023 0.043 0.019 
   8   (0.049) 0.056 0.012 0.037 0.067 0.029 
   9   (0.110) 0.197 0.041 0.084 0.186 0.101 
  10   (0.014) 0.002 0.002 0.049 0.002 0.002 
  11   (0.017) 0.004 0.028 0.004 0.007 0.005 
  12   (0.011) 0.002 0.002 0.002 0.002 0.009 

Locus 5 : btms0081 
3 alleles
0.9% missing data
   1   (0.500) 0.529 0.584 0.602 0.323 0.486 
   2   (0.343) 0.367 0.293 0.218 0.456 0.395 
   3   (0.157) 0.104 0.123 0.180 0.221 0.118 

Locus 6 : btms0066 
24 alleles
0.0% missing data
   1   (0.256) 0.294 0.311 0.369 0.339 0.212 
   2   (0.017) 0.005 0.003 0.052 0.003 0.005 
   3   (0.032) 0.083 0.020 0.007 0.031 0.015 
   4   (0.149) 0.092 0.250 0.077 0.161 0.273 
   5   (0.100) 0.128 0.055 0.079 0.118 0.137 
   6   (0.057) 0.059 0.140 0.016 0.029 0.042 
   7   (0.022) 0.005 0.034 0.016 0.004 0.004 
   8   (0.048) 0.030 0.015 0.067 0.031 0.079 
   9   (0.020) 0.131 0.006 0.004 0.005 0.004 
  10   (0.033) 0.027 0.009 0.115 0.006 0.017 
  11   (0.021) 0.004 0.008 0.111 0.012 0.004 
  12   (0.029) 0.009 0.007 0.010 0.018 0.116 
  13   (0.024) 0.032 0.016 0.006 0.014 0.006 
  14   (0.021) 0.031 0.006 0.004 0.029 0.004 
  15   (0.020) 0.007 0.004 0.009 0.005 0.040 
  16   (0.032) 0.016 0.041 0.009 0.066 0.007 
  17   (0.023) 0.013 0.006 0.018 0.057 0.006 
  18   (0.012) 0.002 0.002 0.002 0.022 0.002 
  19   (0.016) 0.012 0.009 0.003 0.013 0.003 
  20   (0.022) 0.006 0.025 0.007 0.008 0.016 
  21   (0.016) 0.006 0.020 0.007 0.003 0.003 
  22   (0.011) 0.002 0.009 0.002 0.002 0.002 
  23   (0.011) 0.002 0.002 0.002 0.022 0.002 
  24   (0.011) 0.004 0.002 0.006 0.003 0.003 

Locus 7 : btms0083 
31 alleles
3.0% missing data
   1   (0.016) 0.003 0.003 0.163 0.003 0.003 
   2   (0.021) 0.020 0.005 0.094 0.006 0.004 
   3   (0.030) 0.057 0.052 0.007 0.008 0.009 
   4   (0.039) 0.050 0.038 0.046 0.013 0.017 
   5   (0.193) 0.232 0.318 0.232 0.240 0.145 
   6   (0.018) 0.007 0.033 0.009 0.005 0.006 
   7   (0.061) 0.100 0.022 0.038 0.142 0.059 
   8   (0.047) 0.053 0.018 0.027 0.042 0.058 
   9   (0.031) 0.020 0.060 0.008 0.009 0.032 
  10   (0.027) 0.008 0.089 0.009 0.017 0.008 
  11   (0.052) 0.149 0.029 0.021 0.011 0.133 
  12   (0.016) 0.003 0.006 0.035 0.004 0.008 
  13   (0.047) 0.047 0.022 0.011 0.079 0.085 
  14   (0.031) 0.037 0.016 0.009 0.007 0.111 
  15   (0.031) 0.011 0.025 0.022 0.008 0.040 
  16   (0.029) 0.012 0.062 0.037 0.006 0.011 
  17   (0.034) 0.009 0.019 0.065 0.008 0.125 
  18   (0.049) 0.026 0.057 0.042 0.104 0.018 
  19   (0.021) 0.005 0.005 0.012 0.084 0.004 
  20   (0.025) 0.040 0.007 0.006 0.071 0.010 
  21   (0.010) 0.002 0.002 0.025 0.002 0.002 
  22   (0.013) 0.003 0.002 0.022 0.003 0.003 
  23   (0.016) 0.003 0.004 0.019 0.003 0.014 
  24   (0.012) 0.002 0.002 0.003 0.011 0.002 
  25   (0.033) 0.033 0.061 0.008 0.014 0.016 
  26   (0.016) 0.004 0.005 0.003 0.003 0.047 
  27   (0.026) 0.017 0.017 0.006 0.059 0.011 
  28   (0.018) 0.037 0.008 0.006 0.004 0.006 
  29   (0.014) 0.007 0.008 0.007 0.003 0.006 
  30   (0.013) 0.003 0.003 0.003 0.030 0.002 
  31   (0.013) 0.002 0.003 0.006 0.002 0.007 

Locus 8 : b126 
16 alleles
0.0% missing data
   1   (0.042) 0.011 0.055 0.039 0.015 0.030 
   2   (0.044) 0.016 0.016 0.119 0.010 0.076 
   3   (0.308) 0.465 0.292 0.236 0.415 0.347 
   4   (0.032) 0.016 0.017 0.014 0.009 0.053 
   5   (0.076) 0.060 0.141 0.036 0.060 0.060 
   6   (0.068) 0.090 0.023 0.024 0.144 0.088 
   7   (0.101) 0.168 0.160 0.024 0.128 0.077 
   8   (0.030) 0.011 0.009 0.008 0.059 0.030 
   9   (0.013) 0.002 0.027 0.002 0.002 0.002 
  10   (0.042) 0.008 0.088 0.026 0.033 0.021 
  11   (0.093) 0.105 0.046 0.332 0.039 0.073 
  12   (0.032) 0.014 0.008 0.044 0.026 0.014 
  13   (0.069) 0.024 0.064 0.084 0.048 0.075 
  14   (0.020) 0.004 0.011 0.005 0.004 0.041 
  15   (0.015) 0.004 0.021 0.003 0.005 0.004 
  16   (0.017) 0.003 0.020 0.003 0.003 0.009 

Locus 9 : btms0062 
34 alleles
0.0% missing data
   1   (0.029) 0.017 0.059 0.067 0.007 0.009 
   2   (0.048) 0.032 0.038 0.091 0.015 0.115 
   3   (0.080) 0.167 0.045 0.112 0.104 0.059 
   4   (0.098) 0.106 0.192 0.059 0.153 0.104 
   5   (0.052) 0.125 0.061 0.044 0.022 0.050 
   6   (0.027) 0.033 0.010 0.010 0.008 0.029 
   7   (0.013) 0.009 0.004 0.003 0.003 0.008 
   8   (0.022) 0.012 0.007 0.009 0.007 0.064 
   9   (0.038) 0.050 0.032 0.019 0.014 0.077 
  10   (0.051) 0.019 0.061 0.051 0.053 0.064 
  11   (0.065) 0.117 0.127 0.026 0.056 0.049 
  12   (0.049) 0.018 0.085 0.014 0.049 0.102 
  13   (0.046) 0.025 0.097 0.031 0.024 0.034 
  14   (0.042) 0.030 0.016 0.015 0.204 0.039 
  15   (0.020) 0.041 0.010 0.005 0.040 0.008 
  16   (0.017) 0.033 0.003 0.004 0.016 0.003 
  17   (0.017) 0.003 0.010 0.117 0.003 0.004 
  18   (0.013) 0.003 0.022 0.003 0.002 0.006 
  19   (0.044) 0.012 0.021 0.072 0.078 0.040 
  20   (0.010) 0.002 0.002 0.025 0.002 0.002 
  21   (0.031) 0.015 0.021 0.046 0.006 0.037 
  22   (0.018) 0.005 0.003 0.085 0.005 0.006 
  23   (0.012) 0.002 0.003 0.022 0.002 0.002 
  24   (0.019) 0.006 0.005 0.005 0.007 0.042 
  25   (0.014) 0.004 0.005 0.013 0.003 0.006 
  26   (0.033) 0.026 0.033 0.026 0.050 0.013 
  27   (0.017) 0.040 0.011 0.004 0.010 0.003 
  28   (0.012) 0.011 0.002 0.003 0.010 0.002 
  29   (0.012) 0.014 0.002 0.005 0.002 0.004 
  30   (0.011) 0.002 0.002 0.002 0.022 0.002 
  31   (0.010) 0.010 0.002 0.002 0.003 0.007 
  32   (0.009) 0.005 0.005 0.002 0.002 0.002 
  33   (0.008) 0.002 0.002 0.005 0.002 0.006 
  34   (0.010) 0.005 0.002 0.002 0.018 0.002 

Locus 10 : btern02 
25 alleles
4.8% missing data
   1   (0.107) 0.131 0.099 0.129 0.081 0.138 
   2   (0.011) 0.002 0.002 0.013 0.002 0.002 
   3   (0.069) 0.128 0.105 0.026 0.027 0.121 
   4   (0.049) 0.012 0.129 0.017 0.079 0.045 
   5   (0.028) 0.034 0.023 0.015 0.008 0.017 
   6   (0.047) 0.109 0.051 0.029 0.018 0.034 
   7   (0.030) 0.008 0.028 0.006 0.111 0.012 
   8   (0.037) 0.040 0.021 0.082 0.010 0.019 
   9   (0.074) 0.089 0.102 0.106 0.087 0.029 
  10   (0.026) 0.035 0.013 0.008 0.007 0.092 
  11   (0.056) 0.055 0.023 0.028 0.100 0.090 
  12   (0.038) 0.022 0.013 0.107 0.011 0.043 
  13   (0.046) 0.010 0.061 0.046 0.040 0.052 
  14   (0.055) 0.012 0.039 0.132 0.099 0.044 
  15   (0.014) 0.058 0.003 0.003 0.002 0.002 
  16   (0.048) 0.027 0.021 0.053 0.046 0.055 
  17   (0.028) 0.024 0.030 0.009 0.040 0.016 
  18   (0.045) 0.020 0.029 0.015 0.145 0.063 
  19   (0.037) 0.077 0.079 0.008 0.017 0.013 
  20   (0.041) 0.010 0.055 0.054 0.010 0.054 
  21   (0.024) 0.014 0.006 0.049 0.010 0.014 
  22   (0.014) 0.004 0.003 0.018 0.006 0.003 
  23   (0.033) 0.015 0.032 0.038 0.007 0.030 
  24   (0.029) 0.063 0.021 0.007 0.031 0.007 
  25   (0.013) 0.003 0.014 0.003 0.005 0.005 

Locus 11 : btms0086 
3 alleles
0.0% missing data
   1   (0.832) 0.913 0.790 0.792 0.911 0.848 
   2   (0.145) 0.074 0.205 0.175 0.072 0.148 
   3   (0.023) 0.013 0.004 0.033 0.016 0.004 

Locus 12 : bl13 
3 alleles
0.0% missing data
   1   (0.082) 0.027 0.047 0.171 0.235 0.029 
   2   (0.821) 0.804 0.853 0.808 0.697 0.880 
   3   (0.097) 0.169 0.100 0.021 0.068 0.092 

Locus 13 : btms0059 
9 alleles
0.0% missing data
   1   (0.338) 0.435 0.346 0.390 0.342 0.292 
   2   (0.106) 0.117 0.063 0.126 0.026 0.249 
   3   (0.065) 0.057 0.037 0.100 0.085 0.021 
   4   (0.053) 0.020 0.082 0.046 0.023 0.033 
   5   (0.077) 0.090 0.044 0.036 0.064 0.096 
   6   (0.310) 0.254 0.402 0.283 0.449 0.264 
   7   (0.015) 0.005 0.003 0.004 0.003 0.030 
   8   (0.024) 0.019 0.018 0.009 0.006 0.010 
   9   (0.012) 0.003 0.003 0.006 0.003 0.004 

Values of parameters used in structure:
DATAFILE=/Users/johnmola/Desktop/rpbbfeb27/rpbbstructure/project_data,	OUTFILE=/Users/johnmola/Desktop/rpbbfeb27/rpbbstructure/rpbb20k100k/Results/rpbb20k100k_run_43,	NUMINDS=231,	NUMLOCI=13,	MISSING=-9,	LABEL=1,	POPDATA=1,	POPFLAG=0,	PHENOTYPE=0,	EXTRACOLS=0,	MAXPOPS=5,	BURNIN=20000,	NUMREPS=100000,	USEPOPINFO=0,	INFERALPHA=1,	INFERLAMBDA=0,	POPSPECIFICLAMBDA=0,	POPALPHAS=0,	COMPUTEPROB=1,	NOADMIX=0,	ADMBURNIN=2500,	UPDATEFREQ=1,	PRINTLIKES=0,	INTERMEDSAVE=0,	PRINTKLD=0,	PRINTNET=0,	PRINTLAMBDA=0,	ANCESTDIST=0,	NUMBOXES=1000,	ANCESTPINT=0.90000,	GENSBACK=2,	MIGRPRIOR=0.05000,	PRINTQHAT=0,	PRINTQSUM=0,	ALPHA=1.0000,	FREQSCORR=1,	FPRIORMEAN=0.0100,	FPRIORSD=0.0500,	ONEFST=0,	LAMBDA=1.0000,	UNIFPRIORALPHA=1,	ALPHAMAX=10.0000,	ALPHAPRIORA=1.0000,	ALPHAPRIORB=2.0000,	ALPHAPROPSD=0.0250,	STARTATPOPINFO=0,	RANDOMIZE=1,	LINKAGE=0,	METROFREQ=10,	REPORTHITRATE=0,	MARKOVPHASE=-1,	PHASED=0,	PLOIDY=2,	PHASEINFO=0	LOCPRIOR=0, 	LOCPRIORINIT=1.000000, 	LOCDATA=0, 	LOCISPOP=0, 	LOCPRIORSTEP=0.100000, 	MAXLOCPRIOR=20.000000, 	SEED=1677519530,	
[STRAT parameters]:    NUMSIMSTATS=1000,	PHENOTYPECOL=-9,	POOLFREQ=10,	LOCUSxONLY=0,	EMERROR=0.00100,	MISSINGPHENO=-9,	