

----------------------------------------------------
STRUCTURE by Pritchard, Stephens and Donnelly (2000)
     and Falush, Stephens and Pritchard (2003)
       Code by Pritchard, Falush and Hubisz
             Version 2.3.4 (Jul 2012)
----------------------------------------------------



Command line arguments:   bin/structure -m "/Users/johnmola/Desktop/rpbbfeb27/rpbbstructure/rpbb20k100k/mainparams" -e "/Users/johnmola/Desktop/rpbbfeb27/rpbbstructure/rpbb20k100k/extraparams" 
Input File:    /Users/johnmola/Desktop/rpbbfeb27/rpbbstructure/project_data

Run parameters:
   231 individuals
   13 loci
   7 populations assumed
   20000 Burn-in period
   100000 Reps


--------------------------------------------
Proportion of membership of each pre-defined
 population in each of the 7 clusters

Given    Inferred Clusters                                   Number of
 Pop       1      2      3      4      5      6      7      Individuals

  1:     0.791  0.020  0.052  0.043  0.041  0.015  0.038       21
  2:     0.019  0.203  0.228  0.106  0.310  0.016  0.117        7
  3:     0.084  0.073  0.233  0.076  0.221  0.033  0.279        7
  4:     0.056  0.150  0.172  0.181  0.074  0.072  0.295        8
  5:     0.065  0.023  0.252  0.369  0.089  0.028  0.174        4
  6:     0.038  0.106  0.216  0.070  0.253  0.104  0.212       35
  7:     0.077  0.065  0.348  0.120  0.188  0.042  0.159       40
  8:     0.055  0.082  0.176  0.118  0.199  0.105  0.264       19
  9:     0.250  0.041  0.246  0.068  0.047  0.035  0.314        4
 10:     0.030  0.155  0.057  0.145  0.242  0.220  0.151       11
 11:     0.136  0.590  0.103  0.075  0.019  0.015  0.062        8
 12:     0.041  0.089  0.092  0.325  0.093  0.319  0.042       60
 13:     0.050  0.036  0.235  0.073  0.166  0.025  0.414        7
--------------------------------------------

Allele-freq. divergence among pops (Net nucleotide distance),
computed using point estimates of P.

      1       2       3       4       5       6       7      
 1      -    0.0443  0.0267  0.0304  0.0333  0.0408  0.0373  
 2   0.0443     -    0.0251  0.0296  0.0359  0.0438  0.0314  
 3   0.0267  0.0251     -    0.0192  0.0198  0.0322  0.0158  
 4   0.0304  0.0296  0.0192     -    0.0315  0.0311  0.0279  
 5   0.0333  0.0359  0.0198  0.0315     -    0.0380  0.0289  
 6   0.0408  0.0438  0.0322  0.0311  0.0380     -    0.0370  
 7   0.0373  0.0314  0.0158  0.0279  0.0289  0.0370     -    

Average distances (expected heterozygosity) between individuals in same cluster:
cluster  1  : 0.6864 
cluster  2  : 0.6537 
cluster  3  : 0.6793 
cluster  4  : 0.6745 
cluster  5  : 0.6852 
cluster  6  : 0.6758 
cluster  7  : 0.6764 

--------------------------------------------
Estimated Ln Prob of Data   = -9958.6
Mean value of ln likelihood = -9406.1
Variance of ln likelihood   = 1105.1
Mean value of alpha         = 0.0556

Mean value of Fst_1         = 0.0800
Mean value of Fst_2         = 0.1290
Mean value of Fst_3         = 0.0511
Mean value of Fst_4         = 0.0528
Mean value of Fst_5         = 0.0735
Mean value of Fst_6         = 0.0949
Mean value of Fst_7         = 0.0788


Inferred ancestry of individuals:
        Label (%Miss) Pop:  Inferred clusters
  1  BAFF014    (0)    1 :  0.931 0.011 0.013 0.011 0.011 0.006 0.016 
  2  BAFF379    (0)    2 :  0.017 0.149 0.454 0.241 0.052 0.012 0.074 
  3  BAFF212    (0)    3 :  0.029 0.039 0.477 0.030 0.316 0.064 0.046 
  4  BAFF018    (0)    4 :  0.010 0.243 0.345 0.343 0.026 0.022 0.012 
  5  BAFF247    (0)    4 :  0.009 0.022 0.458 0.436 0.045 0.013 0.016 
  6  BAFF024    (0)    5 :  0.024 0.033 0.092 0.032 0.240 0.054 0.525 
  7  BAFF088    (0)    6 :  0.011 0.048 0.075 0.037 0.769 0.036 0.025 
  8  BAFF429    (0)    6 :  0.021 0.049 0.142 0.140 0.140 0.014 0.493 
  9  BAFF087    (7)    7 :  0.009 0.006 0.009 0.006 0.956 0.007 0.007 
 10  BAFF225    (0)    7 :  0.037 0.013 0.354 0.023 0.357 0.019 0.199 
 11  BAFF195    (0)    8 :  0.049 0.564 0.080 0.093 0.092 0.011 0.109 
 12  BAFF238    (0)    9 :  0.118 0.025 0.143 0.046 0.041 0.037 0.591 
 13  BAFF019    (0)   10 :  0.023 0.034 0.018 0.024 0.058 0.827 0.017 
 14  BAFF175    (0)   10 :  0.014 0.046 0.096 0.333 0.199 0.069 0.244 
 15  BAFF156    (0)   11 :  0.005 0.963 0.006 0.008 0.006 0.006 0.005 
 16  BAFF301    (0)   11 :  0.854 0.013 0.025 0.019 0.019 0.024 0.045 
 17  BAFF141    (0)   12 :  0.143 0.018 0.127 0.691 0.009 0.006 0.006 
 18  BAFF302    (0)   12 :  0.030 0.059 0.405 0.039 0.025 0.058 0.384 
 19  BAFF290    (0)    1 :  0.816 0.009 0.037 0.074 0.023 0.013 0.029 
 20  BAFF498    (0)    6 :  0.198 0.111 0.422 0.028 0.079 0.065 0.097 
 21  BAFF455    (0)    7 :  0.024 0.030 0.033 0.050 0.704 0.032 0.127 
 22  BAFF203    (7)    8 :  0.010 0.015 0.043 0.040 0.860 0.012 0.021 
 23  BAFF056    (0)   12 :  0.018 0.007 0.104 0.016 0.009 0.829 0.017 
 24  BAFF327    (0)   12 :  0.056 0.040 0.023 0.701 0.032 0.130 0.018 
 25  BAFF255    (0)    1 :  0.941 0.007 0.014 0.011 0.009 0.007 0.010 
 26  BAFF256    (0)    1 :  0.948 0.005 0.008 0.007 0.011 0.012 0.009 
 27  BAFF257    (0)    1 :  0.962 0.005 0.007 0.006 0.007 0.006 0.007 
 28  BAFF260    (0)    1 :  0.943 0.005 0.009 0.008 0.016 0.008 0.012 
 29  BAFF259    (0)    1 :  0.941 0.009 0.008 0.009 0.008 0.015 0.009 
 30  BAFF261    (0)    1 :  0.942 0.008 0.013 0.011 0.010 0.009 0.008 
 31  BAFF274    (0)    1 :  0.842 0.014 0.056 0.022 0.032 0.015 0.021 
 32  BAFF262    (0)    1 :  0.904 0.010 0.010 0.025 0.034 0.008 0.009 
 33  BAFF294    (0)    1 :  0.929 0.007 0.008 0.010 0.030 0.008 0.008 
 34  BAFF292    (0)    1 :  0.758 0.016 0.013 0.021 0.009 0.010 0.174 
 35  BAFF296    (0)    1 :  0.810 0.014 0.018 0.014 0.009 0.015 0.120 
 36  BAFF295    (0)    1 :  0.845 0.011 0.019 0.053 0.023 0.012 0.037 
 37  BAFF298    (0)    1 :  0.896 0.013 0.026 0.018 0.012 0.018 0.018 
 38  BAFF299    (0)    1 :  0.930 0.010 0.006 0.007 0.012 0.028 0.007 
 39  BAFF375    (0)   13 :  0.019 0.008 0.015 0.009 0.014 0.010 0.925 
 40  BAFF376    (0)   13 :  0.017 0.010 0.028 0.017 0.048 0.028 0.852 
 41  BAFF377    (0)   13 :  0.018 0.009 0.015 0.009 0.010 0.009 0.930 
 42  BAFF022    (0)    5 :  0.158 0.034 0.100 0.573 0.032 0.012 0.092 
 43  BAFF021    (0)    5 :  0.051 0.010 0.031 0.836 0.036 0.013 0.023 
 44  BAFF499    (0)    6 :  0.009 0.035 0.035 0.050 0.015 0.780 0.075 
 45  BAFF204    (0)    8 :  0.009 0.017 0.769 0.066 0.022 0.039 0.078 
 46  BAFF068    (0)   12 :  0.073 0.013 0.031 0.025 0.008 0.840 0.012 
 47  BAFF336    (0)   12 :  0.014 0.247 0.095 0.054 0.037 0.536 0.016 
 48  BAFF447    (0)    7 :  0.008 0.026 0.800 0.033 0.024 0.013 0.096 
 49  BAFF457    (0)    7 :  0.031 0.036 0.602 0.047 0.013 0.010 0.260 
 50  BAFF448    (0)    7 :  0.073 0.044 0.382 0.040 0.418 0.008 0.033 
 51  BAFF465    (0)    7 :  0.015 0.019 0.048 0.019 0.867 0.012 0.020 
 52  BAFF194    (0)    8 :  0.036 0.079 0.201 0.049 0.060 0.013 0.562 
 53  BAFF199    (0)    8 :  0.020 0.165 0.524 0.146 0.022 0.020 0.102 
 54  BAFF500    (0)    6 :  0.252 0.011 0.425 0.012 0.110 0.086 0.104 
 55  BAFF206    (0)    8 :  0.056 0.016 0.028 0.628 0.093 0.063 0.116 
 56  BAFF069    (0)   12 :  0.010 0.022 0.014 0.014 0.015 0.908 0.016 
 57  BAFF330    (0)   12 :  0.019 0.165 0.073 0.061 0.633 0.028 0.020 
 58  BAFF239    (0)   10 :  0.023 0.210 0.015 0.201 0.021 0.443 0.088 
 59  BAFF241    (0)   10 :  0.031 0.185 0.014 0.056 0.013 0.610 0.090 
 60  BAFF157    (0)   11 :  0.005 0.961 0.006 0.007 0.007 0.006 0.008 
 61  BAFF161    (0)   11 :  0.005 0.965 0.006 0.005 0.006 0.006 0.006 
 62  BAFF160    (0)   11 :  0.005 0.959 0.007 0.008 0.009 0.006 0.007 
 63  BAFF008    (0)   12 :  0.041 0.018 0.161 0.037 0.584 0.139 0.020 
 64  BAFF013    (0)   12 :  0.012 0.029 0.025 0.083 0.812 0.015 0.024 
 65  BAFF407    (0)   12 :  0.010 0.019 0.014 0.022 0.014 0.911 0.011 
 66  BAFF503    (0)    6 :  0.006 0.031 0.017 0.011 0.081 0.843 0.012 
 67  BAFF449    (0)    7 :  0.011 0.011 0.018 0.578 0.341 0.025 0.014 
 68  BAFF207    (0)    8 :  0.015 0.006 0.059 0.028 0.045 0.676 0.171 
 69  BAFF070    (0)   12 :  0.010 0.009 0.014 0.030 0.015 0.907 0.016 
 70  BAFF335    (0)   12 :  0.009 0.015 0.014 0.917 0.013 0.023 0.009 
 71  BAFF507    (0)    6 :  0.053 0.089 0.154 0.015 0.015 0.009 0.664 
 72  BAFF450    (0)    7 :  0.212 0.200 0.209 0.044 0.035 0.047 0.252 
 73  BAFF209    (7)    8 :  0.034 0.075 0.030 0.148 0.214 0.029 0.471 
 74  BAFF072    (0)   12 :  0.012 0.366 0.033 0.479 0.020 0.044 0.045 
 75  BAFF339    (0)   12 :  0.015 0.023 0.208 0.087 0.015 0.433 0.220 
 76  BAFF508    (0)    6 :  0.059 0.662 0.193 0.037 0.014 0.016 0.018 
 77  BAFF451    (0)    7 :  0.011 0.021 0.455 0.151 0.085 0.029 0.249 
 78  BAFF210    (0)    8 :  0.090 0.011 0.153 0.017 0.105 0.440 0.184 
 79  BAFF139    (0)   12 :  0.066 0.050 0.368 0.233 0.036 0.014 0.234 
 80  BAFF341    (0)   12 :  0.020 0.151 0.472 0.132 0.067 0.024 0.133 
 81  BAFF509    (0)    6 :  0.061 0.010 0.032 0.087 0.684 0.043 0.083 
 82  BAFF453    (0)    7 :  0.010 0.016 0.059 0.064 0.083 0.132 0.635 
 83  BAFF389    (0)    8 :  0.030 0.154 0.009 0.018 0.016 0.007 0.767 
 84  BAFF163    (0)   12 :  0.004 0.015 0.006 0.005 0.011 0.949 0.009 
 85  BAFF344    (7)   12 :  0.011 0.049 0.030 0.569 0.031 0.229 0.081 
 86  BAFF510    (0)    6 :  0.013 0.162 0.173 0.062 0.293 0.037 0.260 
 87  BAFF456    (0)    7 :  0.020 0.020 0.461 0.075 0.011 0.044 0.369 
 88  BAFF390    (0)    8 :  0.006 0.009 0.007 0.007 0.007 0.006 0.958 
 89  BAFF142    (0)   12 :  0.279 0.052 0.114 0.469 0.012 0.059 0.015 
 90  BAFF363    (7)   12 :  0.007 0.034 0.010 0.017 0.012 0.910 0.009 
 91  BAFF517    (0)    6 :  0.009 0.062 0.204 0.116 0.023 0.034 0.552 
 92  BAFF458    (0)    7 :  0.053 0.045 0.648 0.041 0.132 0.043 0.038 
 93  BAFF391    (0)    8 :  0.227 0.020 0.209 0.155 0.036 0.320 0.033 
 94  BAFF149    (0)   12 :  0.012 0.035 0.048 0.827 0.012 0.029 0.036 
 95  BAFF366    (7)   12 :  0.010 0.021 0.038 0.861 0.007 0.015 0.047 
 96  BAFF512    (0)    6 :  0.148 0.032 0.570 0.017 0.111 0.035 0.087 
 97  BAFF460    (0)    7 :  0.018 0.021 0.278 0.622 0.012 0.015 0.035 
 98  BAFF138    (0)   12 :  0.018 0.021 0.012 0.909 0.007 0.017 0.014 
 99  BAFF374    (0)   12 :  0.040 0.054 0.013 0.021 0.558 0.287 0.026 
100  BAFF015    (0)    1 :  0.929 0.011 0.012 0.012 0.011 0.013 0.011 
101  BAFF380    (0)    2 :  0.016 0.602 0.077 0.047 0.182 0.044 0.033 
102  BAFF216    (0)    3 :  0.046 0.022 0.307 0.030 0.134 0.031 0.430 
103  BAFF017    (0)    4 :  0.018 0.035 0.082 0.005 0.008 0.023 0.828 
104  BAFF245    (0)    4 :  0.147 0.015 0.094 0.463 0.132 0.037 0.112 
105  BAFF378    (7)   13 :  0.227 0.026 0.656 0.017 0.021 0.011 0.042 
106  BAFF023    (0)    5 :  0.026 0.016 0.785 0.035 0.049 0.031 0.058 
107  BAFF079    (0)    6 :  0.041 0.042 0.083 0.194 0.135 0.049 0.457 
108  BAFF435    (0)    6 :  0.009 0.032 0.860 0.025 0.024 0.022 0.028 
109  BAFF174    (7)    7 :  0.008 0.022 0.040 0.027 0.052 0.044 0.807 
110  BAFF226    (0)    7 :  0.017 0.026 0.665 0.110 0.010 0.009 0.163 
111  BAFF190    (0)    8 :  0.019 0.052 0.075 0.118 0.622 0.096 0.018 
112  BAFF243    (0)    9 :  0.060 0.081 0.136 0.079 0.023 0.007 0.615 
113  BAFF177    (0)   10 :  0.032 0.026 0.024 0.070 0.670 0.009 0.169 
114  BAFF364    (7)   11 :  0.014 0.714 0.144 0.014 0.073 0.020 0.021 
115  BAFF305    (0)   12 :  0.025 0.015 0.017 0.881 0.015 0.017 0.029 
116  BAFF513    (0)    6 :  0.054 0.026 0.096 0.023 0.698 0.021 0.083 
117  BAFF462    (0)    7 :  0.466 0.058 0.151 0.015 0.210 0.080 0.020 
118  BAFF143    (0)   12 :  0.008 0.061 0.064 0.678 0.050 0.070 0.068 
119  BAFF403    (0)   12 :  0.007 0.011 0.009 0.008 0.009 0.947 0.009 
120  BAFF514    (0)    6 :  0.008 0.020 0.055 0.027 0.601 0.252 0.037 
121  BAFF463    (0)    7 :  0.006 0.008 0.008 0.006 0.957 0.005 0.010 
122  BAFF137    (0)   12 :  0.011 0.011 0.015 0.834 0.109 0.009 0.011 
123  BAFF404    (0)   12 :  0.014 0.025 0.012 0.010 0.009 0.921 0.010 
124  BAFF515    (0)    6 :  0.027 0.069 0.199 0.118 0.396 0.036 0.156 
125  BAFF144    (0)   12 :  0.013 0.447 0.139 0.065 0.249 0.063 0.024 
126  BAFF405    (7)   12 :  0.035 0.300 0.043 0.519 0.069 0.021 0.013 
127  BAFF518    (0)    6 :  0.013 0.026 0.111 0.283 0.014 0.522 0.031 
128  BAFF467    (0)    7 :  0.023 0.025 0.527 0.030 0.110 0.042 0.243 
129  BAFF145    (0)   12 :  0.074 0.483 0.076 0.299 0.026 0.012 0.030 
130  BAFF406    (0)   12 :  0.009 0.519 0.029 0.050 0.046 0.315 0.032 
131  BAFF519    (0)    6 :  0.015 0.021 0.280 0.080 0.057 0.015 0.532 
132  BAFF471    (0)    7 :  0.088 0.049 0.194 0.361 0.193 0.030 0.085 
133  BAFF136    (0)   12 :  0.006 0.010 0.009 0.149 0.044 0.728 0.054 
134  BAFF520    (7)    6 :  0.032 0.033 0.591 0.041 0.109 0.076 0.117 
135  BAFF472    (0)    7 :  0.033 0.172 0.263 0.056 0.336 0.037 0.103 
136  BAFF165    (0)   12 :  0.040 0.009 0.051 0.798 0.020 0.052 0.031 
137  BAFF408    (0)   12 :  0.035 0.111 0.043 0.677 0.019 0.088 0.026 
138  BAFF522    (0)    6 :  0.033 0.026 0.027 0.059 0.789 0.039 0.027 
139  BAFF475    (0)    7 :  0.009 0.045 0.257 0.071 0.057 0.051 0.510 
140  BAFF140    (0)   12 :  0.020 0.080 0.031 0.496 0.256 0.033 0.085 
141  BAFF409    (0)   12 :  0.103 0.011 0.014 0.017 0.060 0.780 0.014 
142  BAFF523    (0)    6 :  0.016 0.119 0.158 0.014 0.652 0.009 0.033 
143  BAFF476    (0)    7 :  0.010 0.243 0.228 0.044 0.014 0.033 0.428 
144  BAFF147    (0)   12 :  0.016 0.022 0.020 0.708 0.054 0.154 0.026 
145  BAFF410    (0)   12 :  0.018 0.019 0.032 0.209 0.011 0.651 0.060 
146  BAFF477    (0)    7 :  0.087 0.020 0.597 0.205 0.013 0.007 0.069 
147  BAFF411    (0)   12 :  0.593 0.082 0.085 0.064 0.014 0.111 0.052 
148  BAFF486    (7)    7 :  0.008 0.010 0.946 0.010 0.006 0.006 0.015 
149  BAFF412    (7)   12 :  0.053 0.022 0.029 0.024 0.076 0.773 0.023 
150  BAFF258    (0)    1 :  0.224 0.059 0.159 0.019 0.492 0.024 0.023 
151  BAFF392    (0)    2 :  0.005 0.031 0.011 0.008 0.919 0.006 0.020 
152  BAFF217    (0)    3 :  0.014 0.043 0.117 0.075 0.012 0.019 0.718 
153  BAFF016    (0)    4 :  0.006 0.218 0.031 0.051 0.011 0.044 0.638 
154  BAFF246    (0)    4 :  0.010 0.073 0.095 0.023 0.062 0.023 0.714 
155  BAFF381    (0)   13 :  0.012 0.016 0.494 0.336 0.028 0.035 0.078 
156  BAFF078    (0)    6 :  0.007 0.516 0.014 0.338 0.019 0.052 0.054 
157  BAFF481    (0)    6 :  0.033 0.024 0.577 0.167 0.047 0.046 0.107 
158  BAFF436    (0)    7 :  0.107 0.073 0.050 0.057 0.503 0.050 0.161 
159  BAFF191    (0)    8 :  0.011 0.014 0.054 0.048 0.140 0.024 0.708 
160  BAFF382    (0)    9 :  0.009 0.049 0.676 0.050 0.094 0.081 0.042 
161  BAFF178    (0)   10 :  0.010 0.011 0.017 0.020 0.686 0.056 0.200 
162  BAFF159    (7)   11 :  0.014 0.083 0.482 0.029 0.017 0.037 0.337 
163  BAFF365    (7)   11 :  0.188 0.058 0.148 0.506 0.017 0.018 0.065 
164  BAFF007    (0)   12 :  0.077 0.223 0.357 0.193 0.045 0.030 0.076 
165  BAFF304    (7)   12 :  0.013 0.148 0.099 0.623 0.014 0.082 0.022 
166  BAFF487    (0)    7 :  0.032 0.156 0.575 0.013 0.124 0.044 0.055 
167  BAFF415    (0)   12 :  0.076 0.027 0.046 0.256 0.037 0.534 0.024 
168  BAFF488    (0)    7 :  0.682 0.019 0.095 0.088 0.014 0.014 0.087 
169  BAFF417    (0)   12 :  0.017 0.027 0.087 0.418 0.041 0.389 0.022 
170  BAFF489    (0)    7 :  0.009 0.105 0.487 0.268 0.065 0.038 0.028 
171  BAFF426    (0)   12 :  0.018 0.009 0.015 0.017 0.021 0.901 0.019 
172  BAFF490    (7)    7 :  0.023 0.217 0.540 0.019 0.069 0.012 0.121 
173  BAFF491    (0)    7 :  0.047 0.090 0.559 0.032 0.218 0.009 0.045 
174  BAFF492    (0)    7 :  0.008 0.017 0.871 0.018 0.020 0.018 0.048 
175  BAFF493    (0)    7 :  0.544 0.026 0.178 0.034 0.145 0.041 0.033 
176  BAFF506    (0)    7 :  0.168 0.082 0.550 0.017 0.116 0.025 0.041 
177  BAFF393    (0)    2 :  0.028 0.463 0.374 0.066 0.014 0.011 0.044 
178  BAFF218    (0)    3 :  0.065 0.024 0.306 0.098 0.086 0.024 0.397 
179  BAFF254    (0)    4 :  0.046 0.575 0.214 0.115 0.021 0.014 0.014 
180  BAFF385    (0)   13 :  0.039 0.124 0.357 0.053 0.324 0.063 0.041 
181  BAFF076    (0)    6 :  0.010 0.014 0.010 0.009 0.936 0.012 0.009 
182  BAFF482    (0)    6 :  0.010 0.022 0.726 0.081 0.074 0.063 0.025 
183  BAFF437    (0)    7 :  0.024 0.007 0.107 0.799 0.028 0.012 0.023 
184  BAFF192    (0)    8 :  0.022 0.222 0.066 0.077 0.488 0.014 0.110 
185  BAFF383    (0)    9 :  0.812 0.008 0.029 0.099 0.030 0.013 0.009 
186  BAFF180    (0)   10 :  0.009 0.017 0.055 0.013 0.313 0.140 0.454 
187  BAFF048    (7)   12 :  0.055 0.770 0.046 0.029 0.067 0.014 0.019 
188  BAFF306    (0)   12 :  0.013 0.026 0.129 0.673 0.052 0.031 0.076 
189  BAFF394    (0)    2 :  0.048 0.145 0.053 0.149 0.053 0.024 0.528 
190  BAFF219    (0)    3 :  0.009 0.017 0.403 0.220 0.027 0.013 0.310 
191  BAFF388    (0)    4 :  0.204 0.017 0.055 0.014 0.289 0.397 0.024 
192  BAFF386    (7)   13 :  0.021 0.062 0.080 0.067 0.718 0.020 0.032 
193  BAFF084    (0)    6 :  0.011 0.749 0.182 0.016 0.011 0.010 0.021 
194  BAFF483    (0)    6 :  0.038 0.017 0.136 0.192 0.361 0.132 0.124 
195  BAFF438   (15)    7 :  0.019 0.237 0.245 0.303 0.080 0.051 0.066 
196  BAFF193    (0)    8 :  0.378 0.026 0.425 0.026 0.085 0.021 0.038 
197  BAFF183    (0)   10 :  0.122 0.219 0.238 0.060 0.035 0.082 0.243 
198  BAFF153    (0)   12 :  0.008 0.021 0.010 0.928 0.011 0.014 0.008 
199  BAFF307    (0)   12 :  0.013 0.191 0.178 0.544 0.028 0.026 0.021 
200  BAFF397    (0)    2 :  0.009 0.022 0.608 0.226 0.006 0.013 0.117 
201  BAFF220    (0)    3 :  0.009 0.057 0.014 0.009 0.892 0.010 0.008 
202  BAFF095    (0)    6 :  0.039 0.010 0.017 0.017 0.881 0.015 0.021 
203  BAFF494    (0)    6 :  0.007 0.047 0.278 0.014 0.576 0.031 0.046 
204  BAFF439    (0)    7 :  0.011 0.020 0.204 0.193 0.014 0.428 0.130 
205  BAFF182    (0)   10 :  0.029 0.132 0.022 0.055 0.582 0.119 0.062 
206  BAFF054    (0)   12 :  0.007 0.009 0.010 0.018 0.009 0.941 0.007 
207  BAFF308    (0)   12 :  0.019 0.032 0.098 0.802 0.020 0.016 0.013 
208  BAFF266    (0)    1 :  0.171 0.154 0.513 0.034 0.027 0.055 0.046 
209  BAFF398    (7)    2 :  0.014 0.007 0.020 0.006 0.941 0.006 0.005 
210  BAFF221    (0)    3 :  0.416 0.310 0.010 0.073 0.080 0.071 0.041 
211  BAFF090    (0)    6 :  0.024 0.385 0.129 0.079 0.108 0.202 0.073 
212  BAFF495    (0)    6 :  0.009 0.012 0.074 0.010 0.010 0.010 0.875 
213  BAFF459    (0)    7 :  0.009 0.096 0.188 0.043 0.016 0.014 0.634 
214  BAFF197    (0)    8 :  0.018 0.015 0.202 0.503 0.022 0.080 0.160 
215  BAFF188    (0)   10 :  0.017 0.091 0.034 0.720 0.020 0.057 0.062 
216  BAFF051    (0)   12 :  0.026 0.015 0.376 0.041 0.061 0.442 0.039 
217  BAFF309    (0)   12 :  0.012 0.029 0.791 0.034 0.087 0.016 0.031 
218  BAFF269    (0)    1 :  0.119 0.016 0.134 0.502 0.033 0.010 0.185 
219  BAFF077    (0)    6 :  0.012 0.168 0.156 0.009 0.006 0.013 0.636 
220  BAFF496    (0)    6 :  0.015 0.007 0.071 0.010 0.010 0.011 0.877 
221  BAFF443    (0)    7 :  0.092 0.035 0.523 0.126 0.050 0.125 0.050 
222  BAFF198    (0)    8 :  0.011 0.047 0.181 0.032 0.315 0.065 0.349 
223  BAFF053    (0)   12 :  0.022 0.019 0.025 0.839 0.010 0.039 0.046 
224  BAFF310    (0)   12 :  0.009 0.021 0.027 0.069 0.010 0.852 0.012 
225  BAFF282    (0)    1 :  0.832 0.022 0.019 0.031 0.051 0.016 0.030 
226  BAFF497    (0)    6 :  0.012 0.031 0.303 0.024 0.016 0.016 0.599 
227  BAFF466    (0)    7 :  0.016 0.244 0.529 0.068 0.049 0.036 0.059 
228  BAFF200    (7)    8 :  0.014 0.058 0.227 0.046 0.542 0.055 0.057 
229  BAFF240    (0)   10 :  0.014 0.739 0.091 0.046 0.070 0.010 0.030 
230  BAFF055    (0)   12 :  0.022 0.012 0.022 0.171 0.032 0.730 0.011 
231  BAFF311    (7)   12 :  0.027 0.020 0.009 0.037 0.884 0.008 0.015 


Estimated Allele Frequencies in each cluster
First column gives estimated ancestral frequencies


Locus 1 : btern01 
9 alleles
0.0% missing data
   1   (0.141) 0.115 0.151 0.135 0.167 0.143 0.038 0.182 
   2   (0.018) 0.026 0.004 0.013 0.004 0.004 0.004 0.004 
   3   (0.164) 0.072 0.149 0.213 0.198 0.130 0.093 0.226 
   4   (0.215) 0.208 0.239 0.224 0.192 0.185 0.181 0.227 
   5   (0.289) 0.425 0.362 0.341 0.346 0.164 0.332 0.175 
   6   (0.071) 0.033 0.035 0.028 0.056 0.047 0.324 0.089 
   7   (0.050) 0.083 0.041 0.017 0.019 0.265 0.019 0.014 
   8   (0.016) 0.030 0.003 0.004 0.008 0.003 0.002 0.008 
   9   (0.035) 0.007 0.018 0.025 0.009 0.059 0.006 0.074 

Locus 2 : bt28 
5 alleles
0.0% missing data
   1   (0.665) 0.768 0.655 0.666 0.737 0.584 0.718 0.695 
   2   (0.152) 0.164 0.065 0.120 0.149 0.171 0.102 0.167 
   3   (0.144) 0.046 0.255 0.170 0.099 0.238 0.173 0.081 
   4   (0.027) 0.008 0.024 0.041 0.012 0.005 0.005 0.055 
   5   (0.012) 0.014 0.002 0.002 0.003 0.002 0.002 0.002 

Locus 3 : b96 
8 alleles
0.9% missing data
   1   (0.331) 0.353 0.211 0.311 0.460 0.348 0.326 0.290 
   2   (0.478) 0.458 0.594 0.597 0.339 0.529 0.516 0.632 
   3   (0.046) 0.012 0.085 0.035 0.054 0.029 0.041 0.014 
   4   (0.016) 0.004 0.071 0.007 0.004 0.003 0.003 0.003 
   5   (0.050) 0.026 0.014 0.029 0.055 0.045 0.031 0.026 
   6   (0.027) 0.082 0.006 0.006 0.014 0.036 0.005 0.005 
   7   (0.038) 0.061 0.017 0.013 0.073 0.008 0.007 0.028 
   8   (0.013) 0.003 0.002 0.003 0.003 0.003 0.071 0.002 

Locus 4 : bt30 
12 alleles
0.9% missing data
   1   (0.115) 0.252 0.056 0.124 0.066 0.181 0.114 0.045 
   2   (0.280) 0.287 0.240 0.354 0.296 0.266 0.279 0.317 
   3   (0.067) 0.018 0.074 0.206 0.034 0.025 0.029 0.117 
   4   (0.183) 0.120 0.229 0.135 0.217 0.225 0.240 0.195 
   5   (0.014) 0.004 0.003 0.007 0.004 0.015 0.003 0.004 
   6   (0.101) 0.102 0.043 0.065 0.073 0.208 0.059 0.137 
   7   (0.034) 0.022 0.020 0.019 0.039 0.010 0.022 0.022 
   8   (0.053) 0.043 0.053 0.030 0.077 0.011 0.057 0.015 
   9   (0.110) 0.085 0.275 0.049 0.155 0.040 0.188 0.132 
  10   (0.014) 0.061 0.002 0.003 0.003 0.002 0.002 0.002 
  11   (0.018) 0.004 0.003 0.005 0.032 0.013 0.004 0.005 
  12   (0.011) 0.002 0.002 0.003 0.003 0.002 0.002 0.010 

Locus 5 : btms0081 
3 alleles
0.9% missing data
   1   (0.495) 0.585 0.607 0.577 0.406 0.637 0.309 0.428 
   2   (0.353) 0.228 0.308 0.339 0.430 0.268 0.466 0.396 
   3   (0.152) 0.187 0.085 0.084 0.164 0.095 0.225 0.177 

Locus 6 : btms0066 
24 alleles
0.0% missing data
   1   (0.268) 0.388 0.190 0.312 0.300 0.346 0.370 0.178 
   2   (0.014) 0.064 0.003 0.004 0.003 0.002 0.002 0.007 
   3   (0.033) 0.007 0.015 0.038 0.109 0.018 0.009 0.009 
   4   (0.149) 0.061 0.073 0.250 0.106 0.195 0.136 0.362 
   5   (0.092) 0.030 0.039 0.144 0.203 0.042 0.115 0.096 
   6   (0.053) 0.012 0.101 0.019 0.047 0.180 0.017 0.055 
   7   (0.020) 0.016 0.004 0.008 0.005 0.045 0.003 0.004 
   8   (0.055) 0.076 0.045 0.042 0.033 0.017 0.033 0.075 
   9   (0.019) 0.004 0.249 0.007 0.017 0.006 0.004 0.006 
  10   (0.030) 0.133 0.038 0.029 0.007 0.007 0.005 0.009 
  11   (0.020) 0.140 0.004 0.005 0.005 0.008 0.012 0.005 
  12   (0.037) 0.009 0.019 0.043 0.029 0.007 0.016 0.120 
  13   (0.024) 0.006 0.027 0.015 0.016 0.021 0.015 0.006 
  14   (0.021) 0.004 0.061 0.005 0.005 0.005 0.040 0.004 
  15   (0.023) 0.007 0.004 0.030 0.028 0.004 0.004 0.014 
  16   (0.027) 0.006 0.058 0.007 0.013 0.023 0.095 0.006 
  17   (0.021) 0.012 0.039 0.010 0.019 0.006 0.044 0.011 
  18   (0.012) 0.002 0.002 0.002 0.003 0.002 0.030 0.002 
  19   (0.012) 0.002 0.002 0.002 0.033 0.003 0.002 0.002 
  20   (0.021) 0.007 0.008 0.008 0.006 0.024 0.013 0.021 
  21   (0.014) 0.005 0.010 0.005 0.004 0.026 0.003 0.003 
  22   (0.009) 0.002 0.003 0.003 0.002 0.009 0.001 0.002 
  23   (0.013) 0.002 0.002 0.003 0.004 0.002 0.029 0.002 
  24   (0.012) 0.004 0.004 0.007 0.003 0.002 0.002 0.002 

Locus 7 : btms0083 
31 alleles
3.0% missing data
   1   (0.015) 0.203 0.007 0.003 0.004 0.003 0.003 0.003 
   2   (0.025) 0.097 0.014 0.011 0.031 0.005 0.005 0.004 
   3   (0.026) 0.005 0.098 0.016 0.010 0.069 0.007 0.007 
   4   (0.043) 0.055 0.034 0.057 0.021 0.034 0.012 0.015 
   5   (0.195) 0.217 0.174 0.214 0.226 0.349 0.262 0.158 
   6   (0.020) 0.007 0.020 0.021 0.006 0.021 0.005 0.008 
   7   (0.064) 0.021 0.093 0.087 0.090 0.021 0.152 0.049 
   8   (0.034) 0.017 0.011 0.039 0.144 0.008 0.012 0.012 
   9   (0.033) 0.008 0.008 0.034 0.035 0.045 0.006 0.043 
  10   (0.026) 0.008 0.006 0.010 0.016 0.109 0.022 0.011 
  11   (0.048) 0.014 0.305 0.075 0.039 0.015 0.009 0.123 
  12   (0.016) 0.037 0.003 0.010 0.004 0.006 0.004 0.009 
  13   (0.052) 0.011 0.035 0.030 0.079 0.022 0.077 0.098 
  14   (0.029) 0.006 0.012 0.135 0.017 0.007 0.005 0.056 
  15   (0.030) 0.023 0.013 0.015 0.012 0.025 0.006 0.056 
  16   (0.022) 0.031 0.010 0.028 0.006 0.078 0.004 0.007 
  17   (0.036) 0.072 0.011 0.012 0.021 0.012 0.006 0.195 
  18   (0.054) 0.041 0.024 0.051 0.038 0.044 0.115 0.022 
  19   (0.017) 0.010 0.004 0.011 0.005 0.003 0.108 0.004 
  20   (0.030) 0.006 0.006 0.013 0.088 0.008 0.052 0.007 
  21   (0.012) 0.031 0.002 0.002 0.003 0.002 0.002 0.002 
  22   (0.013) 0.027 0.003 0.003 0.003 0.002 0.003 0.004 
  23   (0.017) 0.019 0.003 0.009 0.013 0.004 0.003 0.008 
  24   (0.011) 0.003 0.002 0.003 0.003 0.002 0.013 0.002 
  25   (0.029) 0.006 0.006 0.044 0.030 0.076 0.006 0.007 
  26   (0.016) 0.003 0.018 0.013 0.005 0.005 0.003 0.048 
  27   (0.030) 0.006 0.008 0.015 0.026 0.009 0.059 0.029 
  28   (0.019) 0.006 0.061 0.013 0.005 0.007 0.003 0.006 
  29   (0.012) 0.005 0.004 0.016 0.003 0.003 0.002 0.003 
  30   (0.016) 0.003 0.003 0.003 0.011 0.003 0.033 0.003 
  31   (0.010) 0.003 0.002 0.003 0.008 0.002 0.002 0.004 

Locus 8 : b126 
16 alleles
0.0% missing data
   1   (0.042) 0.041 0.010 0.019 0.038 0.061 0.012 0.027 
   2   (0.048) 0.124 0.011 0.034 0.068 0.013 0.008 0.062 
   3   (0.310) 0.215 0.528 0.373 0.342 0.273 0.390 0.401 
   4   (0.030) 0.009 0.010 0.038 0.010 0.013 0.007 0.065 
   5   (0.072) 0.026 0.040 0.135 0.034 0.130 0.058 0.055 
   6   (0.063) 0.017 0.022 0.097 0.145 0.016 0.155 0.034 
   7   (0.105) 0.022 0.216 0.070 0.127 0.177 0.132 0.087 
   8   (0.032) 0.008 0.014 0.016 0.014 0.008 0.074 0.034 
   9   (0.013) 0.002 0.002 0.003 0.003 0.038 0.002 0.002 
  10   (0.042) 0.026 0.010 0.013 0.017 0.106 0.055 0.025 
  11   (0.095) 0.375 0.107 0.109 0.092 0.035 0.025 0.055 
  12   (0.031) 0.027 0.006 0.027 0.033 0.006 0.027 0.007 
  13   (0.068) 0.099 0.012 0.044 0.037 0.081 0.046 0.087 
  14   (0.019) 0.004 0.006 0.012 0.008 0.008 0.004 0.051 
  15   (0.014) 0.003 0.002 0.003 0.028 0.008 0.002 0.003 
  16   (0.015) 0.003 0.004 0.007 0.005 0.027 0.003 0.005 

Locus 9 : btms0062 
34 alleles
0.0% missing data
   1   (0.034) 0.079 0.056 0.033 0.009 0.035 0.010 0.010 
   2   (0.043) 0.103 0.024 0.035 0.020 0.038 0.012 0.177 
   3   (0.086) 0.102 0.086 0.098 0.227 0.034 0.059 0.042 
   4   (0.093) 0.055 0.158 0.144 0.045 0.211 0.207 0.059 
   5   (0.056) 0.021 0.090 0.154 0.071 0.046 0.015 0.015 
   6   (0.027) 0.008 0.017 0.023 0.033 0.012 0.005 0.026 
   7   (0.014) 0.003 0.002 0.016 0.008 0.003 0.002 0.003 
   8   (0.024) 0.007 0.005 0.036 0.058 0.005 0.005 0.020 
   9   (0.042) 0.021 0.083 0.038 0.014 0.029 0.017 0.093 
  10   (0.051) 0.043 0.012 0.070 0.031 0.073 0.066 0.041 
  11   (0.065) 0.021 0.207 0.052 0.050 0.147 0.040 0.065 
  12   (0.038) 0.009 0.009 0.014 0.037 0.076 0.031 0.201 
  13   (0.041) 0.026 0.019 0.021 0.063 0.122 0.016 0.021 
  14   (0.044) 0.012 0.012 0.048 0.038 0.011 0.261 0.036 
  15   (0.020) 0.004 0.004 0.005 0.103 0.005 0.004 0.006 
  16   (0.017) 0.004 0.056 0.005 0.015 0.003 0.010 0.005 
  17   (0.022) 0.147 0.004 0.007 0.005 0.013 0.004 0.005 
  18   (0.013) 0.003 0.003 0.003 0.004 0.031 0.002 0.006 
  19   (0.044) 0.080 0.009 0.034 0.017 0.016 0.092 0.053 
  20   (0.011) 0.031 0.002 0.002 0.002 0.002 0.002 0.002 
  21   (0.031) 0.055 0.009 0.037 0.012 0.018 0.005 0.034 
  22   (0.020) 0.093 0.003 0.006 0.022 0.003 0.004 0.003 
  23   (0.013) 0.024 0.002 0.006 0.003 0.003 0.002 0.002 
  24   (0.015) 0.004 0.003 0.038 0.005 0.004 0.006 0.023 
  25   (0.011) 0.010 0.002 0.014 0.003 0.003 0.002 0.003 
  26   (0.026) 0.012 0.056 0.027 0.013 0.029 0.048 0.024 
  27   (0.017) 0.003 0.035 0.004 0.034 0.011 0.006 0.006 
  28   (0.013) 0.002 0.002 0.002 0.024 0.002 0.002 0.002 
  29   (0.011) 0.005 0.019 0.006 0.003 0.002 0.002 0.004 
  30   (0.009) 0.002 0.002 0.002 0.002 0.002 0.029 0.002 
  31   (0.014) 0.003 0.002 0.010 0.014 0.002 0.002 0.003 
  32   (0.011) 0.002 0.005 0.003 0.003 0.007 0.002 0.003 
  33   (0.011) 0.004 0.002 0.004 0.008 0.002 0.002 0.004 
  34   (0.013) 0.002 0.002 0.003 0.004 0.002 0.027 0.002 

Locus 10 : btern02 
25 alleles
4.8% missing data
   1   (0.104) 0.129 0.222 0.058 0.136 0.083 0.051 0.182 
   2   (0.011) 0.015 0.002 0.002 0.002 0.002 0.002 0.002 
   3   (0.083) 0.029 0.060 0.139 0.088 0.132 0.024 0.112 
   4   (0.052) 0.016 0.011 0.032 0.030 0.151 0.094 0.065 
   5   (0.024) 0.015 0.030 0.039 0.012 0.020 0.006 0.008 
   6   (0.042) 0.019 0.129 0.103 0.022 0.031 0.018 0.021 
   7   (0.030) 0.006 0.006 0.015 0.026 0.028 0.134 0.012 
   8   (0.038) 0.097 0.022 0.035 0.034 0.013 0.007 0.023 
   9   (0.074) 0.080 0.055 0.043 0.190 0.106 0.045 0.031 
  10   (0.028) 0.007 0.007 0.103 0.010 0.010 0.005 0.072 
  11   (0.059) 0.019 0.024 0.067 0.122 0.021 0.069 0.079 
  12   (0.036) 0.131 0.015 0.021 0.019 0.012 0.007 0.059 
  13   (0.049) 0.052 0.013 0.033 0.026 0.071 0.055 0.043 
  14   (0.055) 0.154 0.026 0.021 0.029 0.038 0.122 0.055 
  15   (0.010) 0.002 0.124 0.002 0.002 0.002 0.001 0.002 
  16   (0.041) 0.050 0.016 0.071 0.025 0.012 0.048 0.036 
  17   (0.026) 0.006 0.018 0.039 0.008 0.017 0.063 0.011 
  18   (0.043) 0.011 0.020 0.041 0.024 0.021 0.170 0.088 
  19   (0.042) 0.009 0.065 0.028 0.072 0.081 0.011 0.022 
  20   (0.042) 0.049 0.008 0.043 0.036 0.077 0.008 0.025 
  21   (0.023) 0.053 0.007 0.023 0.013 0.005 0.008 0.010 
  22   (0.012) 0.019 0.002 0.004 0.004 0.002 0.006 0.004 
  23   (0.030) 0.022 0.012 0.012 0.050 0.033 0.006 0.026 
  24   (0.030) 0.007 0.105 0.022 0.015 0.015 0.039 0.006 
  25   (0.013) 0.003 0.003 0.006 0.003 0.015 0.004 0.006 

Locus 11 : btms0086 
3 alleles
0.0% missing data
   1   (0.843) 0.787 0.963 0.807 0.911 0.770 0.926 0.843 
   2   (0.134) 0.194 0.033 0.185 0.051 0.226 0.065 0.153 
   3   (0.022) 0.019 0.004 0.008 0.038 0.004 0.008 0.004 

Locus 12 : bl13 
3 alleles
0.0% missing data
   1   (0.070) 0.207 0.022 0.037 0.027 0.033 0.320 0.025 
   2   (0.826) 0.771 0.757 0.888 0.857 0.850 0.623 0.891 
   3   (0.104) 0.021 0.222 0.075 0.116 0.117 0.057 0.084 

Locus 13 : btms0059 
9 alleles
0.0% missing data
   1   (0.345) 0.355 0.463 0.326 0.524 0.338 0.295 0.233 
   2   (0.103) 0.125 0.200 0.131 0.064 0.035 0.018 0.292 
   3   (0.065) 0.119 0.032 0.026 0.055 0.033 0.113 0.028 
   4   (0.056) 0.045 0.015 0.040 0.043 0.091 0.019 0.026 
   5   (0.080) 0.037 0.048 0.146 0.082 0.035 0.044 0.054 
   6   (0.300) 0.305 0.221 0.292 0.207 0.450 0.502 0.314 
   7   (0.015) 0.003 0.007 0.007 0.004 0.003 0.002 0.040 
   8   (0.025) 0.007 0.008 0.028 0.017 0.013 0.004 0.007 
   9   (0.011) 0.004 0.005 0.005 0.003 0.002 0.003 0.005 

Values of parameters used in structure:
DATAFILE=/Users/johnmola/Desktop/rpbbfeb27/rpbbstructure/project_data,	OUTFILE=/Users/johnmola/Desktop/rpbbfeb27/rpbbstructure/rpbb20k100k/Results/rpbb20k100k_run_70,	NUMINDS=231,	NUMLOCI=13,	MISSING=-9,	LABEL=1,	POPDATA=1,	POPFLAG=0,	PHENOTYPE=0,	EXTRACOLS=0,	MAXPOPS=7,	BURNIN=20000,	NUMREPS=100000,	USEPOPINFO=0,	INFERALPHA=1,	INFERLAMBDA=0,	POPSPECIFICLAMBDA=0,	POPALPHAS=0,	COMPUTEPROB=1,	NOADMIX=0,	ADMBURNIN=2500,	UPDATEFREQ=1,	PRINTLIKES=0,	INTERMEDSAVE=0,	PRINTKLD=0,	PRINTNET=0,	PRINTLAMBDA=0,	ANCESTDIST=0,	NUMBOXES=1000,	ANCESTPINT=0.90000,	GENSBACK=2,	MIGRPRIOR=0.05000,	PRINTQHAT=0,	PRINTQSUM=0,	ALPHA=1.0000,	FREQSCORR=1,	FPRIORMEAN=0.0100,	FPRIORSD=0.0500,	ONEFST=0,	LAMBDA=1.0000,	UNIFPRIORALPHA=1,	ALPHAMAX=10.0000,	ALPHAPRIORA=1.0000,	ALPHAPRIORB=2.0000,	ALPHAPROPSD=0.0250,	STARTATPOPINFO=0,	RANDOMIZE=1,	LINKAGE=0,	METROFREQ=10,	REPORTHITRATE=0,	MARKOVPHASE=-1,	PHASED=0,	PLOIDY=2,	PHASEINFO=0	LOCPRIOR=0, 	LOCPRIORINIT=1.000000, 	LOCDATA=0, 	LOCISPOP=0, 	LOCPRIORSTEP=0.100000, 	MAXLOCPRIOR=20.000000, 	SEED=1677521570,	
[STRAT parameters]:    NUMSIMSTATS=1000,	PHENOTYPECOL=-9,	POOLFREQ=10,	LOCUSxONLY=0,	EMERROR=0.00100,	MISSINGPHENO=-9,	