

----------------------------------------------------
STRUCTURE by Pritchard, Stephens and Donnelly (2000)
     and Falush, Stephens and Pritchard (2003)
       Code by Pritchard, Falush and Hubisz
             Version 2.3.4 (Jul 2012)
----------------------------------------------------



Command line arguments:   bin/structure -m "/Users/johnmola/Desktop/rpbbfeb27/rpbbstructure/rpbb20k100k/mainparams" -e "/Users/johnmola/Desktop/rpbbfeb27/rpbbstructure/rpbb20k100k/extraparams" 
Input File:    /Users/johnmola/Desktop/rpbbfeb27/rpbbstructure/project_data

Run parameters:
   231 individuals
   13 loci
   5 populations assumed
   20000 Burn-in period
   100000 Reps


--------------------------------------------
Proportion of membership of each pre-defined
 population in each of the 5 clusters

Given    Inferred Clusters                     Number of
 Pop       1      2      3      4      5      Individuals

  1:     0.018  0.065  0.846  0.028  0.043       21
  2:     0.019  0.238  0.026  0.339  0.378        7
  3:     0.064  0.443  0.104  0.062  0.326        7
  4:     0.056  0.415  0.083  0.321  0.125        8
  5:     0.053  0.342  0.278  0.139  0.188        4
  6:     0.127  0.297  0.054  0.175  0.347       35
  7:     0.072  0.334  0.110  0.192  0.292       40
  8:     0.137  0.363  0.082  0.162  0.256       19
  9:     0.059  0.430  0.284  0.150  0.077        4
 10:     0.359  0.091  0.052  0.171  0.327       11
 11:     0.018  0.182  0.166  0.606  0.030        8
 12:     0.418  0.083  0.066  0.300  0.133       60
 13:     0.053  0.493  0.081  0.144  0.230        7
--------------------------------------------

Allele-freq. divergence among pops (Net nucleotide distance),
computed using point estimates of P.

      1       2       3       4       5      
 1      -    0.0249  0.0307  0.0204  0.0247  
 2   0.0249     -    0.0252  0.0150  0.0186  
 3   0.0307  0.0252     -    0.0245  0.0230  
 4   0.0204  0.0150  0.0245     -    0.0189  
 5   0.0247  0.0186  0.0230  0.0189     -    

Average distances (expected heterozygosity) between individuals in same cluster:
cluster  1  : 0.6855 
cluster  2  : 0.6859 
cluster  3  : 0.6874 
cluster  4  : 0.6732 
cluster  5  : 0.6943 

--------------------------------------------
Estimated Ln Prob of Data   = -10066.6
Mean value of ln likelihood = -9657.0
Variance of ln likelihood   = 819.3
Mean value of alpha         = 0.0578

Mean value of Fst_1         = 0.0684
Mean value of Fst_2         = 0.0473
Mean value of Fst_3         = 0.0617
Mean value of Fst_4         = 0.0555
Mean value of Fst_5         = 0.0474


Inferred ancestry of individuals:
        Label (%Miss) Pop:  Inferred clusters
  1  BAFF014    (0)    1 :  0.006 0.015 0.957 0.008 0.013 
  2  BAFF379    (0)    2 :  0.016 0.086 0.015 0.835 0.048 
  3  BAFF212    (0)    3 :  0.089 0.078 0.039 0.079 0.715 
  4  BAFF018    (0)    4 :  0.021 0.020 0.012 0.924 0.022 
  5  BAFF247    (0)    4 :  0.035 0.375 0.017 0.450 0.123 
  6  BAFF024    (0)    5 :  0.055 0.598 0.029 0.022 0.295 
  7  BAFF088    (0)    6 :  0.037 0.025 0.015 0.042 0.880 
  8  BAFF429    (0)    6 :  0.026 0.328 0.023 0.104 0.519 
  9  BAFF087    (7)    7 :  0.008 0.007 0.011 0.007 0.967 
 10  BAFF225    (0)    7 :  0.029 0.376 0.060 0.039 0.496 
 11  BAFF195    (0)    8 :  0.014 0.119 0.036 0.756 0.075 
 12  BAFF238    (0)    9 :  0.046 0.677 0.156 0.055 0.065 
 13  BAFF019    (0)   10 :  0.839 0.015 0.037 0.030 0.079 
 14  BAFF175    (0)   10 :  0.321 0.171 0.016 0.211 0.281 
 15  BAFF156    (0)   11 :  0.007 0.006 0.005 0.974 0.007 
 16  BAFF301    (0)   11 :  0.022 0.031 0.906 0.017 0.024 
 17  BAFF141    (0)   12 :  0.030 0.019 0.671 0.263 0.017 
 18  BAFF302    (0)   12 :  0.054 0.851 0.024 0.045 0.026 
 19  BAFF290    (0)    1 :  0.015 0.024 0.925 0.018 0.019 
 20  BAFF498    (0)    6 :  0.091 0.229 0.338 0.187 0.154 
 21  BAFF455    (0)    7 :  0.046 0.080 0.034 0.052 0.788 
 22  BAFF203    (7)    8 :  0.016 0.027 0.013 0.037 0.908 
 23  BAFF056    (0)   12 :  0.926 0.022 0.026 0.012 0.014 
 24  BAFF327    (0)   12 :  0.369 0.038 0.084 0.463 0.046 
 25  BAFF255    (0)    1 :  0.009 0.013 0.959 0.009 0.010 
 26  BAFF256    (0)    1 :  0.012 0.008 0.962 0.007 0.011 
 27  BAFF257    (0)    1 :  0.006 0.007 0.972 0.006 0.009 
 28  BAFF260    (0)    1 :  0.009 0.013 0.957 0.006 0.015 
 29  BAFF259    (0)    1 :  0.017 0.009 0.955 0.010 0.010 
 30  BAFF261    (0)    1 :  0.010 0.009 0.962 0.009 0.010 
 31  BAFF274    (0)    1 :  0.015 0.037 0.896 0.028 0.024 
 32  BAFF262    (0)    1 :  0.010 0.011 0.943 0.011 0.026 
 33  BAFF294    (0)    1 :  0.008 0.008 0.953 0.007 0.025 
 34  BAFF292    (0)    1 :  0.013 0.164 0.796 0.017 0.010 
 35  BAFF296    (0)    1 :  0.015 0.113 0.841 0.020 0.010 
 36  BAFF295    (0)    1 :  0.014 0.034 0.918 0.014 0.020 
 37  BAFF298    (0)    1 :  0.016 0.016 0.941 0.012 0.014 
 38  BAFF299    (0)    1 :  0.022 0.008 0.950 0.008 0.012 
 39  BAFF375    (0)   13 :  0.013 0.930 0.027 0.013 0.016 
 40  BAFF376    (0)   13 :  0.043 0.839 0.025 0.019 0.073 
 41  BAFF377    (0)   13 :  0.010 0.949 0.019 0.011 0.011 
 42  BAFF022    (0)    5 :  0.018 0.263 0.569 0.103 0.048 
 43  BAFF021    (0)    5 :  0.066 0.229 0.445 0.136 0.124 
 44  BAFF499    (0)    6 :  0.867 0.070 0.010 0.035 0.017 
 45  BAFF204    (0)    8 :  0.073 0.642 0.013 0.223 0.048 
 46  BAFF068    (0)   12 :  0.891 0.015 0.066 0.018 0.011 
 47  BAFF336    (0)   12 :  0.474 0.026 0.019 0.425 0.056 
 48  BAFF447    (0)    7 :  0.021 0.772 0.012 0.152 0.044 
 49  BAFF457    (0)    7 :  0.011 0.854 0.033 0.090 0.012 
 50  BAFF448    (0)    7 :  0.012 0.078 0.093 0.254 0.562 
 51  BAFF465    (0)    7 :  0.017 0.017 0.016 0.033 0.917 
 52  BAFF194    (0)    8 :  0.013 0.848 0.041 0.025 0.073 
 53  BAFF199    (0)    8 :  0.031 0.236 0.033 0.657 0.043 
 54  BAFF500    (0)    6 :  0.144 0.177 0.438 0.029 0.212 
 55  BAFF206    (0)    8 :  0.141 0.343 0.055 0.102 0.359 
 56  BAFF069    (0)   12 :  0.933 0.015 0.012 0.022 0.019 
 57  BAFF330    (0)   12 :  0.024 0.019 0.023 0.133 0.801 
 58  BAFF239    (0)   10 :  0.805 0.011 0.041 0.119 0.024 
 59  BAFF241    (0)   10 :  0.900 0.010 0.050 0.026 0.014 
 60  BAFF157    (0)   11 :  0.010 0.014 0.007 0.958 0.011 
 61  BAFF161    (0)   11 :  0.009 0.009 0.006 0.966 0.010 
 62  BAFF160    (0)   11 :  0.007 0.011 0.006 0.965 0.011 
 63  BAFF008    (0)   12 :  0.139 0.032 0.049 0.049 0.730 
 64  BAFF013    (0)   12 :  0.016 0.025 0.015 0.061 0.883 
 65  BAFF407    (0)   12 :  0.940 0.011 0.012 0.021 0.016 
 66  BAFF503    (0)    6 :  0.675 0.014 0.008 0.027 0.275 
 67  BAFF449    (0)    7 :  0.063 0.013 0.020 0.047 0.857 
 68  BAFF207    (0)    8 :  0.720 0.169 0.023 0.011 0.077 
 69  BAFF070    (0)   12 :  0.946 0.014 0.010 0.016 0.014 
 70  BAFF335    (0)   12 :  0.307 0.016 0.016 0.627 0.033 
 71  BAFF507    (0)    6 :  0.011 0.900 0.049 0.020 0.021 
 72  BAFF450    (0)    7 :  0.063 0.259 0.206 0.420 0.052 
 73  BAFF209    (7)    8 :  0.053 0.599 0.057 0.069 0.222 
 74  BAFF072    (0)   12 :  0.061 0.015 0.010 0.894 0.021 
 75  BAFF339    (0)   12 :  0.743 0.154 0.018 0.058 0.028 
 76  BAFF508    (0)    6 :  0.014 0.023 0.061 0.885 0.016 
 77  BAFF451    (0)    7 :  0.024 0.857 0.014 0.033 0.072 
 78  BAFF210    (0)    8 :  0.491 0.195 0.096 0.027 0.191 
 79  BAFF139    (0)   12 :  0.019 0.754 0.080 0.111 0.036 
 80  BAFF341    (0)   12 :  0.047 0.151 0.034 0.628 0.140 
 81  BAFF509    (0)    6 :  0.037 0.031 0.040 0.013 0.879 
 82  BAFF453    (0)    7 :  0.356 0.331 0.012 0.043 0.258 
 83  BAFF389    (0)    8 :  0.011 0.791 0.069 0.098 0.031 
 84  BAFF163    (0)   12 :  0.946 0.006 0.005 0.007 0.036 
 85  BAFF344    (7)   12 :  0.556 0.070 0.012 0.325 0.037 
 86  BAFF510    (0)    6 :  0.049 0.462 0.015 0.184 0.291 
 87  BAFF456    (0)    7 :  0.038 0.897 0.022 0.031 0.012 
 88  BAFF390    (0)    8 :  0.009 0.948 0.009 0.009 0.025 
 89  BAFF142    (0)   12 :  0.118 0.022 0.654 0.189 0.016 
 90  BAFF363    (7)   12 :  0.936 0.008 0.008 0.033 0.015 
 91  BAFF517    (0)    6 :  0.028 0.920 0.008 0.027 0.017 
 92  BAFF458    (0)    7 :  0.084 0.082 0.159 0.156 0.519 
 93  BAFF391    (0)    8 :  0.398 0.056 0.328 0.176 0.041 
 94  BAFF149    (0)   12 :  0.236 0.052 0.016 0.682 0.014 
 95  BAFF366    (7)   12 :  0.225 0.421 0.016 0.328 0.010 
 96  BAFF512    (0)    6 :  0.066 0.258 0.227 0.165 0.283 
 97  BAFF460    (0)    7 :  0.051 0.250 0.023 0.660 0.016 
 98  BAFF138    (0)   12 :  0.309 0.022 0.054 0.603 0.012 
 99  BAFF374    (0)   12 :  0.197 0.019 0.035 0.028 0.721 
100  BAFF015    (0)    1 :  0.015 0.009 0.953 0.008 0.015 
101  BAFF380    (0)    2 :  0.049 0.030 0.024 0.292 0.605 
102  BAFF216    (0)    3 :  0.041 0.470 0.063 0.033 0.392 
103  BAFF017    (0)    4 :  0.030 0.901 0.041 0.007 0.021 
104  BAFF245    (0)    4 :  0.044 0.385 0.367 0.073 0.131 
105  BAFF378    (7)   13 :  0.021 0.309 0.362 0.207 0.101 
106  BAFF023    (0)    5 :  0.074 0.278 0.068 0.297 0.284 
107  BAFF079    (0)    6 :  0.051 0.628 0.046 0.043 0.233 
108  BAFF435    (0)    6 :  0.081 0.392 0.022 0.378 0.127 
109  BAFF174    (7)    7 :  0.122 0.493 0.012 0.040 0.333 
110  BAFF226    (0)    7 :  0.012 0.838 0.028 0.105 0.017 
111  BAFF190    (0)    8 :  0.095 0.018 0.023 0.117 0.748 
112  BAFF243    (0)    9 :  0.011 0.796 0.045 0.110 0.039 
113  BAFF177    (0)   10 :  0.013 0.064 0.031 0.031 0.861 
114  BAFF364    (7)   11 :  0.022 0.040 0.017 0.795 0.126 
115  BAFF305    (0)   12 :  0.280 0.066 0.041 0.578 0.035 
116  BAFF513    (0)    6 :  0.020 0.055 0.059 0.019 0.847 
117  BAFF462    (0)    7 :  0.071 0.018 0.649 0.033 0.230 
118  BAFF143    (0)   12 :  0.315 0.167 0.010 0.470 0.038 
119  BAFF403    (0)   12 :  0.962 0.009 0.008 0.010 0.011 
120  BAFF514    (0)    6 :  0.279 0.020 0.011 0.020 0.669 
121  BAFF463    (0)    7 :  0.006 0.008 0.008 0.009 0.969 
122  BAFF137    (0)   12 :  0.110 0.019 0.019 0.229 0.623 
123  BAFF404    (0)   12 :  0.943 0.012 0.015 0.020 0.010 
124  BAFF515    (0)    6 :  0.047 0.169 0.024 0.149 0.611 
125  BAFF144    (0)   12 :  0.089 0.024 0.020 0.508 0.358 
126  BAFF405    (7)   12 :  0.182 0.017 0.044 0.670 0.087 
127  BAFF518    (0)    6 :  0.844 0.033 0.025 0.084 0.015 
128  BAFF467    (0)    7 :  0.049 0.392 0.046 0.083 0.431 
129  BAFF145    (0)   12 :  0.019 0.046 0.067 0.836 0.032 
130  BAFF406    (0)   12 :  0.245 0.020 0.010 0.685 0.040 
131  BAFF519    (0)    6 :  0.024 0.696 0.017 0.130 0.132 
132  BAFF471    (0)    7 :  0.061 0.162 0.091 0.316 0.370 
133  BAFF136    (0)   12 :  0.894 0.026 0.006 0.027 0.046 
134  BAFF520    (7)    6 :  0.143 0.426 0.084 0.102 0.244 
135  BAFF472    (0)    7 :  0.062 0.146 0.067 0.311 0.414 
136  BAFF165    (0)   12 :  0.203 0.578 0.112 0.086 0.022 
137  BAFF408    (0)   12 :  0.262 0.020 0.055 0.645 0.018 
138  BAFF522    (0)    6 :  0.037 0.021 0.029 0.022 0.891 
139  BAFF475    (0)    7 :  0.045 0.808 0.011 0.089 0.047 
140  BAFF140    (0)   12 :  0.168 0.090 0.028 0.421 0.293 
141  BAFF409    (0)   12 :  0.814 0.014 0.102 0.015 0.055 
142  BAFF523    (0)    6 :  0.009 0.024 0.017 0.074 0.877 
143  BAFF476    (0)    7 :  0.028 0.627 0.013 0.313 0.018 
144  BAFF147    (0)   12 :  0.510 0.033 0.020 0.280 0.157 
145  BAFF410    (0)   12 :  0.869 0.060 0.023 0.036 0.013 
146  BAFF477    (0)    7 :  0.014 0.644 0.215 0.103 0.024 
147  BAFF411    (0)   12 :  0.161 0.031 0.618 0.170 0.020 
148  BAFF486    (7)    7 :  0.011 0.603 0.015 0.357 0.014 
149  BAFF412    (7)   12 :  0.772 0.032 0.072 0.021 0.103 
150  BAFF258    (0)    1 :  0.030 0.037 0.410 0.047 0.476 
151  BAFF392    (0)    2 :  0.007 0.009 0.006 0.011 0.966 
152  BAFF217    (0)    3 :  0.021 0.890 0.019 0.051 0.019 
153  BAFF016    (0)    4 :  0.061 0.753 0.007 0.159 0.020 
154  BAFF246    (0)    4 :  0.031 0.847 0.012 0.030 0.081 
155  BAFF381    (0)   13 :  0.132 0.363 0.018 0.415 0.071 
156  BAFF078    (0)    6 :  0.071 0.009 0.008 0.892 0.019 
157  BAFF481    (0)    6 :  0.123 0.231 0.063 0.406 0.177 
158  BAFF436    (0)    7 :  0.078 0.108 0.114 0.043 0.657 
159  BAFF191    (0)    8 :  0.021 0.767 0.015 0.013 0.185 
160  BAFF382    (0)    9 :  0.160 0.228 0.012 0.420 0.181 
161  BAFF178    (0)   10 :  0.054 0.064 0.011 0.010 0.862 
162  BAFF159    (7)   11 :  0.026 0.895 0.019 0.037 0.023 
163  BAFF365    (7)   11 :  0.039 0.446 0.359 0.132 0.025 
164  BAFF007    (0)   12 :  0.040 0.147 0.149 0.615 0.048 
165  BAFF304    (7)   12 :  0.126 0.024 0.018 0.816 0.016 
166  BAFF487    (0)    7 :  0.041 0.097 0.055 0.225 0.582 
167  BAFF415    (0)   12 :  0.740 0.062 0.078 0.073 0.047 
168  BAFF488    (0)    7 :  0.019 0.138 0.798 0.023 0.023 
169  BAFF417    (0)   12 :  0.532 0.028 0.019 0.376 0.045 
170  BAFF489    (0)    7 :  0.071 0.105 0.015 0.681 0.128 
171  BAFF426    (0)   12 :  0.934 0.015 0.021 0.011 0.020 
172  BAFF490    (7)    7 :  0.016 0.490 0.033 0.317 0.144 
173  BAFF491    (0)    7 :  0.012 0.145 0.111 0.254 0.478 
174  BAFF492    (0)    7 :  0.051 0.548 0.016 0.308 0.077 
175  BAFF493    (0)    7 :  0.041 0.034 0.710 0.040 0.175 
176  BAFF506    (0)    7 :  0.032 0.049 0.272 0.083 0.564 
177  BAFF393    (0)    2 :  0.012 0.068 0.025 0.876 0.018 
178  BAFF218    (0)    3 :  0.027 0.787 0.065 0.047 0.074 
179  BAFF254    (0)    4 :  0.014 0.014 0.038 0.913 0.021 
180  BAFF385    (0)   13 :  0.118 0.026 0.085 0.286 0.485 
181  BAFF076    (0)    6 :  0.013 0.009 0.014 0.012 0.953 
182  BAFF482    (0)    6 :  0.113 0.192 0.015 0.463 0.217 
183  BAFF437    (0)    7 :  0.046 0.741 0.110 0.058 0.044 
184  BAFF192    (0)    8 :  0.017 0.075 0.025 0.473 0.410 
185  BAFF383    (0)    9 :  0.018 0.020 0.924 0.017 0.021 
186  BAFF180    (0)   10 :  0.193 0.216 0.011 0.021 0.560 
187  BAFF048    (7)   12 :  0.022 0.051 0.179 0.379 0.368 
188  BAFF306    (0)   12 :  0.120 0.092 0.014 0.680 0.094 
189  BAFF394    (0)    2 :  0.026 0.702 0.054 0.152 0.065 
190  BAFF219    (0)    3 :  0.029 0.848 0.014 0.051 0.058 
191  BAFF388    (0)    4 :  0.209 0.026 0.172 0.015 0.578 
192  BAFF386    (7)   13 :  0.031 0.034 0.032 0.054 0.849 
193  BAFF084    (0)    6 :  0.009 0.037 0.015 0.926 0.013 
194  BAFF483    (0)    6 :  0.119 0.139 0.044 0.055 0.644 
195  BAFF438   (15)    7 :  0.058 0.034 0.019 0.834 0.055 
196  BAFF193    (0)    8 :  0.027 0.067 0.668 0.077 0.161 
197  BAFF183    (0)   10 :  0.154 0.347 0.294 0.087 0.117 
198  BAFF153    (0)   12 :  0.302 0.016 0.010 0.657 0.015 
199  BAFF307    (0)   12 :  0.061 0.027 0.016 0.867 0.029 
200  BAFF397    (0)    2 :  0.018 0.763 0.015 0.197 0.007 
201  BAFF220    (0)    3 :  0.011 0.013 0.010 0.030 0.935 
202  BAFF095    (0)    6 :  0.014 0.012 0.048 0.013 0.912 
203  BAFF494    (0)    6 :  0.030 0.059 0.008 0.135 0.768 
204  BAFF439    (0)    7 :  0.753 0.109 0.018 0.085 0.036 
205  BAFF182    (0)   10 :  0.184 0.035 0.029 0.066 0.686 
206  BAFF054    (0)   12 :  0.963 0.008 0.008 0.011 0.010 
207  BAFF308    (0)   12 :  0.181 0.033 0.029 0.702 0.054 
208  BAFF266    (0)    1 :  0.107 0.180 0.353 0.274 0.086 
209  BAFF398    (7)    2 :  0.007 0.008 0.040 0.008 0.938 
210  BAFF221    (0)    3 :  0.234 0.013 0.518 0.143 0.092 
211  BAFF090    (0)    6 :  0.310 0.028 0.056 0.441 0.166 
212  BAFF495    (0)    6 :  0.013 0.947 0.011 0.013 0.015 
213  BAFF459    (0)    7 :  0.013 0.933 0.010 0.030 0.015 
214  BAFF197    (0)    8 :  0.302 0.582 0.022 0.067 0.027 
215  BAFF188    (0)   10 :  0.470 0.043 0.043 0.412 0.033 
216  BAFF051    (0)   12 :  0.739 0.067 0.031 0.043 0.120 
217  BAFF309    (0)   12 :  0.027 0.210 0.032 0.340 0.390 
218  BAFF269    (0)    1 :  0.022 0.627 0.250 0.050 0.051 
219  BAFF077    (0)    6 :  0.014 0.956 0.012 0.011 0.007 
220  BAFF496    (0)    6 :  0.013 0.943 0.015 0.011 0.017 
221  BAFF443    (0)    7 :  0.289 0.151 0.242 0.189 0.129 
222  BAFF198    (0)    8 :  0.121 0.371 0.019 0.047 0.442 
223  BAFF053    (0)   12 :  0.392 0.067 0.031 0.494 0.016 
224  BAFF310    (0)   12 :  0.767 0.031 0.018 0.166 0.018 
225  BAFF282    (0)    1 :  0.015 0.028 0.905 0.016 0.036 
226  BAFF497    (0)    6 :  0.018 0.939 0.013 0.013 0.018 
227  BAFF466    (0)    7 :  0.044 0.087 0.020 0.717 0.133 
228  BAFF200    (7)    8 :  0.050 0.054 0.018 0.089 0.790 
229  BAFF240    (0)   10 :  0.013 0.029 0.014 0.865 0.080 
230  BAFF055    (0)   12 :  0.889 0.016 0.031 0.033 0.031 
231  BAFF311    (7)   12 :  0.008 0.013 0.025 0.015 0.938 


Estimated Allele Frequencies in each cluster
First column gives estimated ancestral frequencies


Locus 1 : btern01 
9 alleles
0.0% missing data
   1   (0.141) 0.070 0.168 0.128 0.141 0.153 
   2   (0.016) 0.004 0.005 0.027 0.004 0.005 
   3   (0.155) 0.119 0.248 0.079 0.194 0.119 
   4   (0.210) 0.180 0.189 0.207 0.249 0.204 
   5   (0.292) 0.332 0.251 0.411 0.345 0.213 
   6   (0.076) 0.264 0.062 0.036 0.030 0.057 
   7   (0.056) 0.022 0.015 0.077 0.021 0.192 
   8   (0.016) 0.003 0.009 0.027 0.003 0.003 
   9   (0.036) 0.008 0.053 0.008 0.013 0.054 

Locus 2 : bt28 
5 alleles
0.0% missing data
   1   (0.669) 0.718 0.713 0.748 0.702 0.587 
   2   (0.149) 0.115 0.130 0.167 0.078 0.193 
   3   (0.146) 0.160 0.083 0.063 0.209 0.212 
   4   (0.024) 0.005 0.072 0.009 0.009 0.005 
   5   (0.012) 0.002 0.002 0.013 0.002 0.002 

Locus 3 : b96 
8 alleles
0.9% missing data
   1   (0.322) 0.355 0.318 0.352 0.303 0.356 
   2   (0.486) 0.475 0.588 0.481 0.508 0.531 
   3   (0.041) 0.041 0.013 0.012 0.083 0.030 
   4   (0.017) 0.003 0.004 0.006 0.033 0.004 
   5   (0.050) 0.046 0.032 0.024 0.028 0.038 
   6   (0.028) 0.007 0.005 0.068 0.009 0.029 
   7   (0.041) 0.021 0.038 0.054 0.033 0.010 
   8   (0.014) 0.053 0.003 0.004 0.002 0.003 

Locus 4 : bt30 
12 alleles
0.9% missing data
   1   (0.113) 0.114 0.057 0.236 0.061 0.161 
   2   (0.280) 0.255 0.331 0.297 0.307 0.287 
   3   (0.075) 0.045 0.153 0.027 0.101 0.046 
   4   (0.188) 0.231 0.164 0.152 0.196 0.223 
   5   (0.013) 0.003 0.003 0.003 0.002 0.017 
   6   (0.100) 0.055 0.128 0.091 0.045 0.169 
   7   (0.034) 0.042 0.019 0.022 0.018 0.011 
   8   (0.049) 0.064 0.028 0.038 0.059 0.012 
   9   (0.107) 0.181 0.103 0.079 0.201 0.041 
  10   (0.013) 0.002 0.002 0.049 0.002 0.002 
  11   (0.017) 0.005 0.005 0.004 0.005 0.028 
  12   (0.011) 0.002 0.009 0.002 0.002 0.002 

Locus 5 : btms0081 
3 alleles
0.9% missing data
   1   (0.501) 0.324 0.481 0.605 0.522 0.588 
   2   (0.343) 0.453 0.396 0.217 0.372 0.293 
   3   (0.157) 0.224 0.123 0.178 0.106 0.118 

Locus 6 : btms0066 
24 alleles
0.0% missing data
   1   (0.268) 0.343 0.209 0.375 0.297 0.318 
   2   (0.018) 0.003 0.006 0.052 0.005 0.003 
   3   (0.030) 0.024 0.012 0.006 0.091 0.020 
   4   (0.150) 0.165 0.278 0.077 0.093 0.243 
   5   (0.098) 0.117 0.137 0.079 0.128 0.053 
   6   (0.058) 0.028 0.042 0.015 0.057 0.142 
   7   (0.020) 0.003 0.004 0.015 0.005 0.034 
   8   (0.049) 0.031 0.079 0.068 0.028 0.016 
   9   (0.017) 0.004 0.003 0.003 0.127 0.006 
  10   (0.029) 0.005 0.016 0.117 0.025 0.008 
  11   (0.021) 0.012 0.004 0.112 0.004 0.008 
  12   (0.026) 0.016 0.119 0.008 0.007 0.006 
  13   (0.025) 0.014 0.005 0.006 0.031 0.017 
  14   (0.022) 0.031 0.004 0.005 0.030 0.006 
  15   (0.017) 0.004 0.040 0.007 0.007 0.004 
  16   (0.030) 0.069 0.007 0.009 0.015 0.040 
  17   (0.021) 0.060 0.005 0.014 0.013 0.006 
  18   (0.013) 0.023 0.002 0.002 0.002 0.002 
  19   (0.015) 0.011 0.003 0.003 0.014 0.008 
  20   (0.022) 0.008 0.016 0.006 0.005 0.025 
  21   (0.017) 0.003 0.003 0.007 0.007 0.020 
  22   (0.010) 0.002 0.002 0.002 0.002 0.009 
  23   (0.013) 0.023 0.002 0.002 0.002 0.002 
  24   (0.010) 0.002 0.003 0.006 0.004 0.002 

Locus 7 : btms0083 
31 alleles
3.0% missing data
   1   (0.017) 0.004 0.003 0.165 0.003 0.004 
   2   (0.024) 0.006 0.004 0.094 0.021 0.005 
   3   (0.033) 0.009 0.009 0.008 0.055 0.053 
   4   (0.039) 0.012 0.014 0.047 0.048 0.043 
   5   (0.175) 0.243 0.136 0.231 0.231 0.313 
   6   (0.020) 0.006 0.007 0.009 0.007 0.032 
   7   (0.059) 0.148 0.060 0.034 0.098 0.022 
   8   (0.044) 0.036 0.057 0.028 0.057 0.017 
   9   (0.032) 0.008 0.031 0.008 0.022 0.061 
  10   (0.026) 0.015 0.007 0.008 0.008 0.090 
  11   (0.054) 0.011 0.134 0.021 0.146 0.028 
  12   (0.020) 0.005 0.009 0.035 0.004 0.007 
  13   (0.046) 0.076 0.088 0.011 0.048 0.020 
  14   (0.034) 0.007 0.110 0.010 0.038 0.017 
  15   (0.030) 0.008 0.041 0.022 0.011 0.023 
  16   (0.030) 0.006 0.010 0.039 0.011 0.062 
  17   (0.035) 0.007 0.130 0.063 0.008 0.015 
  18   (0.052) 0.107 0.020 0.043 0.025 0.057 
  19   (0.020) 0.087 0.004 0.012 0.005 0.005 
  20   (0.024) 0.066 0.010 0.005 0.045 0.007 
  21   (0.011) 0.002 0.002 0.025 0.002 0.002 
  22   (0.013) 0.003 0.003 0.022 0.003 0.003 
  23   (0.018) 0.003 0.014 0.019 0.004 0.004 
  24   (0.011) 0.011 0.002 0.003 0.002 0.002 
  25   (0.032) 0.011 0.013 0.008 0.033 0.066 
  26   (0.016) 0.003 0.047 0.003 0.003 0.005 
  27   (0.028) 0.060 0.013 0.006 0.017 0.015 
  28   (0.020) 0.004 0.006 0.006 0.035 0.009 
  29   (0.014) 0.003 0.005 0.007 0.006 0.008 
  30   (0.013) 0.031 0.002 0.003 0.003 0.003 
  31   (0.012) 0.002 0.007 0.005 0.002 0.003 

Locus 8 : b126 
16 alleles
0.0% missing data
   1   (0.042) 0.015 0.029 0.040 0.012 0.056 
   2   (0.042) 0.009 0.077 0.120 0.015 0.014 
   3   (0.309) 0.416 0.350 0.231 0.466 0.290 
   4   (0.033) 0.009 0.053 0.014 0.015 0.018 
   5   (0.076) 0.063 0.059 0.036 0.056 0.142 
   6   (0.066) 0.145 0.085 0.023 0.093 0.023 
   7   (0.100) 0.125 0.077 0.022 0.166 0.162 
   8   (0.030) 0.060 0.029 0.008 0.011 0.009 
   9   (0.014) 0.002 0.002 0.003 0.002 0.027 
  10   (0.042) 0.036 0.022 0.026 0.008 0.086 
  11   (0.093) 0.036 0.074 0.336 0.104 0.047 
  12   (0.031) 0.026 0.013 0.045 0.014 0.009 
  13   (0.071) 0.047 0.075 0.085 0.025 0.065 
  14   (0.020) 0.004 0.041 0.004 0.004 0.011 
  15   (0.015) 0.005 0.004 0.003 0.005 0.021 
  16   (0.017) 0.003 0.009 0.003 0.003 0.020 

Locus 9 : btms0062 
34 alleles
0.0% missing data
   1   (0.028) 0.007 0.008 0.068 0.015 0.058 
   2   (0.051) 0.015 0.117 0.090 0.031 0.039 
   3   (0.073) 0.095 0.056 0.112 0.175 0.042 
   4   (0.100) 0.158 0.101 0.060 0.104 0.196 
   5   (0.058) 0.023 0.051 0.047 0.121 0.064 
   6   (0.027) 0.007 0.029 0.010 0.032 0.011 
   7   (0.013) 0.003 0.007 0.003 0.008 0.005 
   8   (0.023) 0.006 0.064 0.010 0.013 0.007 
   9   (0.042) 0.015 0.080 0.021 0.047 0.032 
  10   (0.053) 0.056 0.064 0.052 0.019 0.061 
  11   (0.065) 0.056 0.048 0.024 0.116 0.128 
  12   (0.048) 0.048 0.109 0.013 0.018 0.078 
  13   (0.047) 0.023 0.033 0.031 0.026 0.097 
  14   (0.040) 0.209 0.038 0.014 0.032 0.015 
  15   (0.019) 0.033 0.008 0.004 0.047 0.010 
  16   (0.019) 0.016 0.004 0.004 0.033 0.004 
  17   (0.015) 0.003 0.004 0.118 0.003 0.009 
  18   (0.015) 0.003 0.006 0.004 0.003 0.022 
  19   (0.040) 0.081 0.040 0.071 0.011 0.020 
  20   (0.010) 0.002 0.002 0.025 0.002 0.002 
  21   (0.033) 0.006 0.036 0.046 0.015 0.024 
  22   (0.017) 0.005 0.006 0.085 0.005 0.003 
  23   (0.011) 0.002 0.002 0.023 0.002 0.003 
  24   (0.015) 0.007 0.041 0.004 0.005 0.004 
  25   (0.012) 0.003 0.005 0.013 0.003 0.004 
  26   (0.034) 0.056 0.014 0.023 0.025 0.031 
  27   (0.014) 0.008 0.003 0.003 0.039 0.010 
  28   (0.011) 0.007 0.002 0.002 0.012 0.002 
  29   (0.012) 0.002 0.004 0.005 0.014 0.003 
  30   (0.012) 0.022 0.002 0.002 0.002 0.003 
  31   (0.012) 0.003 0.007 0.002 0.011 0.002 
  32   (0.008) 0.001 0.002 0.002 0.005 0.005 
  33   (0.009) 0.002 0.006 0.005 0.002 0.002 
  34   (0.012) 0.019 0.002 0.003 0.005 0.002 

Locus 10 : btern02 
25 alleles
4.8% missing data
   1   (0.106) 0.078 0.141 0.126 0.135 0.094 
   2   (0.011) 0.002 0.002 0.013 0.002 0.002 
   3   (0.074) 0.027 0.120 0.027 0.129 0.108 
   4   (0.047) 0.080 0.046 0.017 0.012 0.127 
   5   (0.028) 0.008 0.014 0.015 0.034 0.025 
   6   (0.050) 0.021 0.032 0.029 0.106 0.052 
   7   (0.030) 0.114 0.013 0.006 0.009 0.028 
   8   (0.038) 0.009 0.019 0.083 0.040 0.021 
   9   (0.073) 0.080 0.029 0.103 0.096 0.101 
  10   (0.031) 0.008 0.092 0.009 0.033 0.017 
  11   (0.057) 0.097 0.090 0.028 0.057 0.025 
  12   (0.036) 0.010 0.043 0.109 0.020 0.012 
  13   (0.047) 0.040 0.052 0.046 0.010 0.062 
  14   (0.055) 0.104 0.044 0.131 0.012 0.038 
  15   (0.012) 0.002 0.002 0.002 0.056 0.002 
  16   (0.048) 0.046 0.054 0.054 0.027 0.023 
  17   (0.029) 0.043 0.015 0.009 0.021 0.033 
  18   (0.043) 0.150 0.067 0.014 0.017 0.025 
  19   (0.035) 0.015 0.012 0.008 0.078 0.077 
  20   (0.039) 0.009 0.052 0.055 0.010 0.055 
  21   (0.023) 0.010 0.015 0.049 0.013 0.006 
  22   (0.013) 0.006 0.003 0.018 0.003 0.003 
  23   (0.032) 0.007 0.032 0.038 0.015 0.029 
  24   (0.031) 0.032 0.007 0.008 0.062 0.021 
  25   (0.012) 0.005 0.005 0.003 0.003 0.014 

Locus 11 : btms0086 
3 alleles
0.0% missing data
   1   (0.832) 0.912 0.851 0.789 0.917 0.784 
   2   (0.145) 0.073 0.145 0.177 0.069 0.211 
   3   (0.024) 0.015 0.004 0.034 0.014 0.004 

Locus 12 : bl13 
3 alleles
0.0% missing data
   1   (0.080) 0.243 0.028 0.172 0.026 0.045 
   2   (0.822) 0.692 0.878 0.807 0.807 0.855 
   3   (0.098) 0.064 0.094 0.021 0.167 0.100 

Locus 13 : btms0059 
9 alleles
0.0% missing data
   1   (0.338) 0.333 0.288 0.394 0.445 0.344 
   2   (0.106) 0.024 0.254 0.124 0.114 0.060 
   3   (0.066) 0.087 0.022 0.099 0.056 0.037 
   4   (0.054) 0.022 0.033 0.046 0.020 0.083 
   5   (0.078) 0.063 0.100 0.036 0.087 0.043 
   6   (0.306) 0.458 0.258 0.282 0.249 0.409 
   7   (0.016) 0.003 0.030 0.004 0.005 0.003 
   8   (0.025) 0.006 0.010 0.009 0.020 0.018 
   9   (0.012) 0.003 0.005 0.005 0.002 0.003 

Values of parameters used in structure:
DATAFILE=/Users/johnmola/Desktop/rpbbfeb27/rpbbstructure/project_data,	OUTFILE=/Users/johnmola/Desktop/rpbbfeb27/rpbbstructure/rpbb20k100k/Results/rpbb20k100k_run_45,	NUMINDS=231,	NUMLOCI=13,	MISSING=-9,	LABEL=1,	POPDATA=1,	POPFLAG=0,	PHENOTYPE=0,	EXTRACOLS=0,	MAXPOPS=5,	BURNIN=20000,	NUMREPS=100000,	USEPOPINFO=0,	INFERALPHA=1,	INFERLAMBDA=0,	POPSPECIFICLAMBDA=0,	POPALPHAS=0,	COMPUTEPROB=1,	NOADMIX=0,	ADMBURNIN=2500,	UPDATEFREQ=1,	PRINTLIKES=0,	INTERMEDSAVE=0,	PRINTKLD=0,	PRINTNET=0,	PRINTLAMBDA=0,	ANCESTDIST=0,	NUMBOXES=1000,	ANCESTPINT=0.90000,	GENSBACK=2,	MIGRPRIOR=0.05000,	PRINTQHAT=0,	PRINTQSUM=0,	ALPHA=1.0000,	FREQSCORR=1,	FPRIORMEAN=0.0100,	FPRIORSD=0.0500,	ONEFST=0,	LAMBDA=1.0000,	UNIFPRIORALPHA=1,	ALPHAMAX=10.0000,	ALPHAPRIORA=1.0000,	ALPHAPRIORB=2.0000,	ALPHAPROPSD=0.0250,	STARTATPOPINFO=0,	RANDOMIZE=1,	LINKAGE=0,	METROFREQ=10,	REPORTHITRATE=0,	MARKOVPHASE=-1,	PHASED=0,	PLOIDY=2,	PHASEINFO=0	LOCPRIOR=0, 	LOCPRIORINIT=1.000000, 	LOCDATA=0, 	LOCISPOP=0, 	LOCPRIORSTEP=0.100000, 	MAXLOCPRIOR=20.000000, 	SEED=1677519660,	
[STRAT parameters]:    NUMSIMSTATS=1000,	PHENOTYPECOL=-9,	POOLFREQ=10,	LOCUSxONLY=0,	EMERROR=0.00100,	MISSINGPHENO=-9,	