

----------------------------------------------------
STRUCTURE by Pritchard, Stephens and Donnelly (2000)
     and Falush, Stephens and Pritchard (2003)
       Code by Pritchard, Falush and Hubisz
             Version 2.3.4 (Jul 2012)
----------------------------------------------------



Command line arguments:   bin/structure -m "/Users/johnmola/Desktop/rpbbfeb27/rpbbstructure/rpbb20k100k/mainparams" -e "/Users/johnmola/Desktop/rpbbfeb27/rpbbstructure/rpbb20k100k/extraparams" 
Input File:    /Users/johnmola/Desktop/rpbbfeb27/rpbbstructure/project_data

Run parameters:
   231 individuals
   13 loci
   9 populations assumed
   20000 Burn-in period
   100000 Reps


--------------------------------------------
Proportion of membership of each pre-defined
 population in each of the 9 clusters

Given    Inferred Clusters                                                 Number of
 Pop       1      2      3      4      5      6      7      8      9      Individuals

  1:     0.041  0.014  0.033  0.031  0.040  0.041  0.725  0.060  0.014       21
  2:     0.136  0.014  0.170  0.142  0.197  0.152  0.019  0.047  0.122        7
  3:     0.087  0.025  0.188  0.089  0.151  0.157  0.060  0.151  0.092        7
  4:     0.160  0.060  0.069  0.166  0.098  0.240  0.050  0.100  0.056        8
  5:     0.174  0.024  0.106  0.181  0.200  0.228  0.042  0.035  0.010        4
  6:     0.130  0.086  0.157  0.091  0.173  0.170  0.030  0.107  0.057       35
  7:     0.171  0.031  0.177  0.151  0.123  0.173  0.058  0.082  0.034       40
  8:     0.117  0.089  0.122  0.108  0.173  0.113  0.040  0.172  0.066       19
  9:     0.089  0.027  0.142  0.120  0.067  0.110  0.223  0.185  0.036        4
 10:     0.102  0.180  0.136  0.085  0.203  0.054  0.021  0.075  0.144       11
 11:     0.052  0.012  0.029  0.044  0.031  0.142  0.130  0.017  0.544        8
 12:     0.152  0.298  0.067  0.210  0.101  0.058  0.032  0.033  0.050       60
 13:     0.151  0.019  0.121  0.106  0.104  0.039  0.033  0.403  0.023        7
--------------------------------------------

Allele-freq. divergence among pops (Net nucleotide distance),
computed using point estimates of P.

      1       2       3       4       5       6       7       8       9      
 1      -    0.0303  0.0166  0.0020  0.0096  0.0147  0.0294  0.0374  0.0425  
 2   0.0303     -    0.0400  0.0311  0.0299  0.0417  0.0475  0.0535  0.0648  
 3   0.0166  0.0400     -    0.0217  0.0056  0.0245  0.0351  0.0425  0.0517  
 4   0.0020  0.0311  0.0217     -    0.0122  0.0157  0.0314  0.0401  0.0453  
 5   0.0096  0.0299  0.0056  0.0122     -    0.0170  0.0299  0.0371  0.0445  
 6   0.0147  0.0417  0.0245  0.0157  0.0170     -    0.0372  0.0400  0.0453  
 7   0.0294  0.0475  0.0351  0.0314  0.0299  0.0372     -    0.0636  0.0716  
 8   0.0374  0.0535  0.0425  0.0401  0.0371  0.0400  0.0636     -    0.0735  
 9   0.0425  0.0648  0.0517  0.0453  0.0445  0.0453  0.0716  0.0735     -    

Average distances (expected heterozygosity) between individuals in same cluster:
cluster  1  : 0.6748 
cluster  2  : 0.6742 
cluster  3  : 0.6903 
cluster  4  : 0.6787 
cluster  5  : 0.6994 
cluster  6  : 0.6840 
cluster  7  : 0.6840 
cluster  8  : 0.6287 
cluster  9  : 0.6230 

--------------------------------------------
Estimated Ln Prob of Data   = -10020.8
Mean value of ln likelihood = -9220.1
Variance of ln likelihood   = 1601.4
Mean value of alpha         = 0.0520

Mean value of Fst_1         = 0.0782
Mean value of Fst_2         = 0.1041
Mean value of Fst_3         = 0.0936
Mean value of Fst_4         = 0.0735
Mean value of Fst_5         = 0.0784
Mean value of Fst_6         = 0.0765
Mean value of Fst_7         = 0.0982
Mean value of Fst_8         = 0.1457
Mean value of Fst_9         = 0.2129


Inferred ancestry of individuals:
        Label (%Miss) Pop:  Inferred clusters
  1  BAFF014    (0)    1 :  0.015 0.005 0.014 0.011 0.015 0.019 0.900 0.013 0.007 
  2  BAFF379    (0)    2 :  0.216 0.011 0.128 0.302 0.083 0.143 0.014 0.058 0.045 
  3  BAFF212    (0)    3 :  0.150 0.056 0.241 0.145 0.247 0.084 0.019 0.047 0.012 
  4  BAFF018    (0)    4 :  0.399 0.017 0.032 0.429 0.022 0.028 0.008 0.008 0.057 
  5  BAFF247    (0)    4 :  0.247 0.013 0.086 0.356 0.060 0.205 0.008 0.014 0.010 
  6  BAFF024    (0)    5 :  0.032 0.043 0.060 0.022 0.190 0.579 0.019 0.048 0.008 
  7  BAFF088    (0)    6 :  0.053 0.030 0.371 0.048 0.418 0.031 0.010 0.015 0.024 
  8  BAFF429    (0)    6 :  0.149 0.011 0.101 0.127 0.267 0.107 0.017 0.185 0.037 
  9  BAFF087    (7)    7 :  0.007 0.006 0.599 0.006 0.358 0.005 0.007 0.006 0.006 
 10  BAFF225    (0)    7 :  0.148 0.017 0.251 0.094 0.223 0.083 0.039 0.137 0.008 
 11  BAFF195    (0)    8 :  0.087 0.014 0.105 0.079 0.093 0.156 0.039 0.045 0.382 
 12  BAFF238    (0)    9 :  0.058 0.030 0.086 0.043 0.117 0.071 0.091 0.486 0.018 
 13  BAFF019    (0)   10 :  0.028 0.747 0.041 0.019 0.080 0.023 0.026 0.008 0.029 
 14  BAFF175    (0)   10 :  0.136 0.055 0.175 0.188 0.182 0.054 0.011 0.149 0.049 
 15  BAFF156    (0)   11 :  0.006 0.006 0.005 0.006 0.006 0.005 0.004 0.005 0.957 
 16  BAFF301    (0)   11 :  0.025 0.022 0.018 0.020 0.023 0.035 0.812 0.037 0.008 
 17  BAFF141    (0)   12 :  0.364 0.006 0.034 0.448 0.035 0.010 0.091 0.005 0.007 
 18  BAFF302    (0)   12 :  0.031 0.035 0.049 0.028 0.025 0.772 0.017 0.028 0.013 
 19  BAFF290    (0)    1 :  0.050 0.012 0.023 0.055 0.037 0.016 0.707 0.094 0.007 
 20  BAFF498    (0)    6 :  0.209 0.049 0.105 0.084 0.074 0.238 0.157 0.036 0.048 
 21  BAFF455    (0)    7 :  0.038 0.024 0.457 0.031 0.291 0.016 0.021 0.073 0.049 
 22  BAFF203    (7)    8 :  0.064 0.012 0.367 0.044 0.437 0.027 0.010 0.026 0.013 
 23  BAFF056    (0)   12 :  0.045 0.818 0.021 0.038 0.014 0.015 0.016 0.028 0.004 
 24  BAFF327    (0)   12 :  0.278 0.074 0.020 0.473 0.036 0.035 0.045 0.013 0.024 
 25  BAFF255    (0)    1 :  0.012 0.007 0.011 0.014 0.010 0.013 0.913 0.014 0.005 
 26  BAFF256    (0)    1 :  0.007 0.010 0.009 0.007 0.009 0.005 0.937 0.012 0.004 
 27  BAFF257    (0)    1 :  0.006 0.005 0.007 0.006 0.007 0.005 0.952 0.008 0.004 
 28  BAFF260    (0)    1 :  0.007 0.007 0.017 0.007 0.012 0.008 0.923 0.015 0.004 
 29  BAFF259    (0)    1 :  0.010 0.013 0.007 0.008 0.008 0.008 0.932 0.008 0.007 
 30  BAFF261    (0)    1 :  0.011 0.007 0.013 0.011 0.009 0.007 0.926 0.008 0.007 
 31  BAFF274    (0)    1 :  0.037 0.014 0.027 0.029 0.023 0.041 0.805 0.015 0.011 
 32  BAFF262    (0)    1 :  0.015 0.007 0.026 0.018 0.028 0.012 0.880 0.006 0.007 
 33  BAFF294    (0)    1 :  0.009 0.008 0.023 0.008 0.025 0.013 0.900 0.006 0.008 
 34  BAFF292    (0)    1 :  0.018 0.009 0.021 0.019 0.014 0.026 0.487 0.389 0.017 
 35  BAFF296    (0)    1 :  0.014 0.012 0.024 0.014 0.011 0.026 0.499 0.387 0.014 
 36  BAFF295    (0)    1 :  0.028 0.012 0.031 0.034 0.035 0.018 0.713 0.119 0.010 
 37  BAFF298    (0)    1 :  0.031 0.022 0.012 0.023 0.012 0.030 0.855 0.008 0.006 
 38  BAFF299    (0)    1 :  0.006 0.030 0.008 0.006 0.012 0.007 0.908 0.006 0.017 
 39  BAFF375    (0)   13 :  0.007 0.006 0.007 0.007 0.007 0.007 0.008 0.945 0.005 
 40  BAFF376    (0)   13 :  0.014 0.019 0.053 0.014 0.028 0.038 0.010 0.817 0.007 
 41  BAFF377    (0)   13 :  0.007 0.007 0.007 0.007 0.006 0.013 0.010 0.936 0.006 
 42  BAFF022    (0)    5 :  0.192 0.009 0.059 0.206 0.234 0.182 0.086 0.019 0.014 
 43  BAFF021    (0)    5 :  0.192 0.012 0.051 0.288 0.294 0.107 0.037 0.012 0.007 
 44  BAFF499    (0)    6 :  0.040 0.767 0.021 0.036 0.031 0.045 0.007 0.027 0.026 
 45  BAFF204    (0)    8 :  0.235 0.038 0.149 0.288 0.026 0.216 0.008 0.029 0.011 
 46  BAFF068    (0)   12 :  0.023 0.806 0.015 0.027 0.015 0.021 0.072 0.013 0.009 
 47  BAFF336    (0)   12 :  0.145 0.515 0.035 0.086 0.049 0.048 0.012 0.012 0.098 
 48  BAFF447    (0)    7 :  0.135 0.015 0.187 0.211 0.027 0.382 0.007 0.019 0.019 
 49  BAFF457    (0)    7 :  0.101 0.009 0.104 0.153 0.024 0.488 0.024 0.068 0.029 
 50  BAFF448    (0)    7 :  0.055 0.006 0.534 0.118 0.166 0.030 0.041 0.034 0.017 
 51  BAFF465    (0)    7 :  0.017 0.010 0.602 0.020 0.304 0.011 0.012 0.013 0.011 
 52  BAFF194    (0)    8 :  0.034 0.009 0.038 0.031 0.048 0.772 0.023 0.033 0.011 
 53  BAFF199    (0)    8 :  0.349 0.015 0.096 0.226 0.089 0.141 0.015 0.022 0.046 
 54  BAFF500    (0)    6 :  0.176 0.076 0.235 0.093 0.079 0.103 0.189 0.041 0.008 
 55  BAFF206    (0)    8 :  0.146 0.051 0.059 0.248 0.271 0.032 0.028 0.156 0.010 
 56  BAFF069    (0)   12 :  0.021 0.880 0.012 0.015 0.018 0.012 0.008 0.017 0.017 
 57  BAFF330    (0)   12 :  0.135 0.025 0.211 0.100 0.413 0.018 0.018 0.018 0.063 
 58  BAFF239    (0)   10 :  0.127 0.334 0.026 0.068 0.106 0.006 0.016 0.013 0.304 
 59  BAFF241    (0)   10 :  0.102 0.461 0.025 0.016 0.097 0.008 0.020 0.010 0.260 
 60  BAFF157    (0)   11 :  0.006 0.005 0.007 0.006 0.006 0.008 0.004 0.006 0.953 
 61  BAFF161    (0)   11 :  0.006 0.005 0.005 0.004 0.005 0.006 0.004 0.005 0.960 
 62  BAFF160    (0)   11 :  0.006 0.005 0.006 0.006 0.006 0.007 0.004 0.005 0.955 
 63  BAFF008    (0)   12 :  0.054 0.154 0.398 0.049 0.259 0.019 0.031 0.022 0.014 
 64  BAFF013    (0)   12 :  0.039 0.015 0.376 0.048 0.448 0.026 0.012 0.018 0.017 
 65  BAFF407    (0)   12 :  0.021 0.885 0.011 0.020 0.019 0.010 0.009 0.012 0.012 
 66  BAFF503    (0)    6 :  0.034 0.600 0.068 0.013 0.158 0.013 0.006 0.019 0.088 
 67  BAFF449    (0)    7 :  0.140 0.021 0.156 0.212 0.431 0.012 0.009 0.009 0.010 
 68  BAFF207    (0)    8 :  0.044 0.562 0.040 0.029 0.128 0.053 0.012 0.128 0.004 
 69  BAFF070    (0)   12 :  0.020 0.884 0.013 0.026 0.015 0.010 0.009 0.012 0.010 
 70  BAFF335    (0)   12 :  0.303 0.019 0.016 0.576 0.044 0.016 0.009 0.006 0.011 
 71  BAFF507    (0)    6 :  0.014 0.007 0.032 0.015 0.015 0.800 0.031 0.071 0.016 
 72  BAFF450    (0)    7 :  0.154 0.043 0.094 0.065 0.060 0.056 0.104 0.364 0.060 
 73  BAFF209    (7)    8 :  0.047 0.026 0.082 0.061 0.311 0.069 0.027 0.208 0.170 
 74  BAFF072    (0)   12 :  0.176 0.047 0.038 0.273 0.118 0.019 0.012 0.020 0.296 
 75  BAFF339    (0)   12 :  0.130 0.325 0.038 0.107 0.034 0.054 0.011 0.293 0.009 
 76  BAFF508    (0)    6 :  0.273 0.021 0.080 0.147 0.024 0.017 0.058 0.047 0.333 
 77  BAFF451    (0)    7 :  0.088 0.024 0.071 0.151 0.081 0.529 0.010 0.032 0.013 
 78  BAFF210    (0)    8 :  0.053 0.420 0.114 0.044 0.070 0.051 0.075 0.165 0.006 
 79  BAFF139    (0)   12 :  0.097 0.012 0.076 0.122 0.139 0.454 0.036 0.036 0.028 
 80  BAFF341    (0)   12 :  0.268 0.015 0.186 0.127 0.164 0.022 0.014 0.093 0.111 
 81  BAFF509    (0)    6 :  0.028 0.038 0.245 0.037 0.519 0.036 0.059 0.029 0.009 
 82  BAFF453    (0)    7 :  0.046 0.071 0.048 0.047 0.101 0.030 0.008 0.633 0.016 
 83  BAFF389    (0)    8 :  0.010 0.006 0.015 0.010 0.019 0.018 0.014 0.584 0.324 
 84  BAFF163    (0)   12 :  0.006 0.924 0.010 0.005 0.012 0.011 0.004 0.014 0.014 
 85  BAFF344    (7)   12 :  0.197 0.164 0.026 0.367 0.089 0.034 0.010 0.063 0.051 
 86  BAFF510    (0)    6 :  0.027 0.021 0.115 0.038 0.109 0.624 0.010 0.016 0.040 
 87  BAFF456    (0)    7 :  0.067 0.036 0.068 0.127 0.024 0.598 0.016 0.055 0.009 
 88  BAFF390    (0)    8 :  0.007 0.005 0.014 0.006 0.049 0.015 0.006 0.885 0.014 
 89  BAFF142    (0)   12 :  0.265 0.040 0.040 0.315 0.053 0.012 0.239 0.011 0.025 
 90  BAFF363    (7)   12 :  0.015 0.895 0.010 0.019 0.014 0.009 0.007 0.007 0.024 
 91  BAFF517    (0)    6 :  0.052 0.029 0.022 0.090 0.016 0.555 0.007 0.218 0.011 
 92  BAFF458    (0)    7 :  0.396 0.030 0.118 0.215 0.130 0.044 0.035 0.020 0.012 
 93  BAFF391    (0)    8 :  0.126 0.255 0.083 0.145 0.049 0.160 0.121 0.052 0.008 
 94  BAFF149    (0)   12 :  0.268 0.027 0.019 0.481 0.069 0.017 0.010 0.082 0.027 
 95  BAFF366    (7)   12 :  0.228 0.015 0.016 0.438 0.141 0.109 0.009 0.025 0.020 
 96  BAFF512    (0)    6 :  0.181 0.040 0.197 0.164 0.060 0.162 0.121 0.057 0.018 
 97  BAFF460    (0)    7 :  0.270 0.013 0.053 0.503 0.030 0.076 0.014 0.029 0.012 
 98  BAFF138    (0)   12 :  0.306 0.018 0.008 0.573 0.034 0.016 0.017 0.011 0.016 
 99  BAFF374    (0)   12 :  0.021 0.250 0.225 0.017 0.349 0.024 0.043 0.014 0.056 
100  BAFF015    (0)    1 :  0.019 0.010 0.012 0.012 0.017 0.009 0.904 0.009 0.008 
101  BAFF380    (0)    2 :  0.190 0.039 0.111 0.079 0.250 0.069 0.012 0.018 0.232 
102  BAFF216    (0)    3 :  0.128 0.027 0.175 0.071 0.149 0.301 0.036 0.098 0.015 
103  BAFF017    (0)    4 :  0.027 0.018 0.079 0.021 0.011 0.522 0.019 0.298 0.006 
104  BAFF245    (0)    4 :  0.129 0.027 0.096 0.165 0.269 0.105 0.127 0.069 0.012 
105  BAFF378    (7)   13 :  0.267 0.011 0.234 0.173 0.046 0.074 0.160 0.025 0.010 
106  BAFF023    (0)    5 :  0.281 0.033 0.255 0.209 0.082 0.045 0.025 0.060 0.011 
107  BAFF079    (0)    6 :  0.060 0.040 0.085 0.074 0.319 0.283 0.038 0.076 0.026 
108  BAFF435    (0)    6 :  0.499 0.017 0.068 0.307 0.025 0.051 0.007 0.017 0.011 
109  BAFF174    (7)    7 :  0.023 0.019 0.039 0.017 0.091 0.013 0.007 0.776 0.014 
110  BAFF226    (0)    7 :  0.119 0.009 0.104 0.171 0.070 0.460 0.013 0.039 0.015 
111  BAFF190    (0)    8 :  0.172 0.076 0.156 0.075 0.428 0.017 0.015 0.015 0.047 
112  BAFF243    (0)    9 :  0.056 0.006 0.116 0.128 0.066 0.314 0.074 0.173 0.067 
113  BAFF177    (0)   10 :  0.035 0.008 0.262 0.046 0.470 0.031 0.030 0.098 0.020 
114  BAFF364    (7)   11 :  0.192 0.024 0.110 0.054 0.057 0.051 0.010 0.032 0.469 
115  BAFF305    (0)   12 :  0.299 0.014 0.013 0.552 0.039 0.025 0.021 0.026 0.010 
116  BAFF513    (0)    6 :  0.066 0.020 0.238 0.037 0.419 0.098 0.050 0.051 0.021 
117  BAFF462    (0)    7 :  0.247 0.050 0.120 0.059 0.119 0.014 0.360 0.009 0.021 
118  BAFF143    (0)   12 :  0.201 0.063 0.099 0.386 0.117 0.054 0.007 0.034 0.040 
119  BAFF403    (0)   12 :  0.008 0.935 0.008 0.008 0.009 0.008 0.006 0.008 0.011 
120  BAFF514    (0)    6 :  0.093 0.188 0.283 0.029 0.339 0.028 0.008 0.020 0.013 
121  BAFF463    (0)    7 :  0.005 0.004 0.628 0.006 0.332 0.005 0.005 0.006 0.010 
122  BAFF137    (0)   12 :  0.197 0.009 0.052 0.344 0.359 0.012 0.010 0.007 0.011 
123  BAFF404    (0)   12 :  0.013 0.905 0.010 0.010 0.008 0.013 0.014 0.009 0.018 
124  BAFF515    (0)    6 :  0.096 0.032 0.245 0.112 0.226 0.201 0.020 0.043 0.025 
125  BAFF144    (0)   12 :  0.357 0.063 0.096 0.140 0.133 0.025 0.011 0.018 0.157 
126  BAFF405    (7)   12 :  0.395 0.019 0.029 0.382 0.045 0.019 0.026 0.009 0.078 
127  BAFF518    (0)    6 :  0.168 0.443 0.042 0.190 0.047 0.046 0.010 0.030 0.024 
128  BAFF467    (0)    7 :  0.233 0.031 0.228 0.138 0.118 0.162 0.016 0.062 0.013 
129  BAFF145    (0)   12 :  0.124 0.011 0.073 0.182 0.102 0.028 0.077 0.024 0.378 
130  BAFF406    (0)   12 :  0.091 0.367 0.040 0.069 0.060 0.044 0.008 0.012 0.309 
131  BAFF519    (0)    6 :  0.099 0.013 0.059 0.089 0.080 0.055 0.011 0.583 0.012 
132  BAFF471    (0)    7 :  0.195 0.021 0.167 0.194 0.142 0.162 0.067 0.031 0.020 
133  BAFF136    (0)   12 :  0.051 0.669 0.021 0.089 0.090 0.011 0.006 0.054 0.010 
134  BAFF520    (7)    6 :  0.364 0.054 0.097 0.180 0.098 0.122 0.022 0.051 0.012 
135  BAFF472    (0)    7 :  0.296 0.018 0.152 0.072 0.256 0.041 0.020 0.054 0.091 
136  BAFF165    (0)   12 :  0.231 0.043 0.040 0.346 0.078 0.171 0.055 0.025 0.011 
137  BAFF408    (0)   12 :  0.253 0.077 0.038 0.396 0.111 0.022 0.032 0.026 0.045 
138  BAFF522    (0)    6 :  0.084 0.054 0.254 0.041 0.469 0.023 0.030 0.030 0.016 
139  BAFF475    (0)    7 :  0.110 0.044 0.046 0.083 0.088 0.558 0.008 0.048 0.015 
140  BAFF140    (0)   12 :  0.181 0.025 0.096 0.306 0.208 0.083 0.016 0.034 0.051 
141  BAFF409    (0)   12 :  0.013 0.755 0.051 0.015 0.032 0.014 0.086 0.020 0.013 
142  BAFF523    (0)    6 :  0.224 0.009 0.240 0.058 0.314 0.043 0.013 0.019 0.080 
143  BAFF476    (0)    7 :  0.076 0.030 0.068 0.078 0.031 0.453 0.008 0.057 0.201 
144  BAFF147    (0)   12 :  0.199 0.145 0.047 0.323 0.210 0.033 0.015 0.013 0.015 
145  BAFF410    (0)   12 :  0.088 0.522 0.014 0.129 0.028 0.177 0.015 0.017 0.009 
146  BAFF477    (0)    7 :  0.154 0.007 0.094 0.265 0.042 0.319 0.082 0.027 0.010 
147  BAFF411    (0)   12 :  0.055 0.077 0.068 0.069 0.018 0.012 0.343 0.311 0.046 
148  BAFF486    (7)    7 :  0.400 0.006 0.178 0.329 0.008 0.048 0.007 0.017 0.007 
149  BAFF412    (7)   12 :  0.019 0.724 0.062 0.018 0.067 0.039 0.036 0.018 0.017 
150  BAFF258    (0)    1 :  0.225 0.027 0.161 0.071 0.202 0.060 0.175 0.015 0.063 
151  BAFF392    (0)    2 :  0.011 0.006 0.198 0.006 0.529 0.007 0.005 0.021 0.216 
152  BAFF217    (0)    3 :  0.074 0.019 0.052 0.072 0.090 0.066 0.010 0.587 0.031 
153  BAFF016    (0)    4 :  0.035 0.044 0.007 0.049 0.041 0.699 0.005 0.062 0.058 
154  BAFF246    (0)    4 :  0.045 0.030 0.088 0.033 0.115 0.319 0.011 0.326 0.033 
155  BAFF381    (0)   13 :  0.241 0.036 0.111 0.359 0.079 0.094 0.010 0.054 0.016 
156  BAFF078    (0)    6 :  0.145 0.051 0.033 0.181 0.107 0.007 0.006 0.020 0.452 
157  BAFF481    (0)    6 :  0.309 0.032 0.121 0.249 0.093 0.041 0.022 0.123 0.011 
158  BAFF436    (0)    7 :  0.072 0.046 0.221 0.047 0.250 0.173 0.073 0.074 0.044 
159  BAFF191    (0)    8 :  0.030 0.020 0.101 0.027 0.277 0.055 0.009 0.470 0.012 
160  BAFF382    (0)    9 :  0.174 0.063 0.338 0.202 0.061 0.038 0.007 0.065 0.051 
161  BAFF178    (0)   10 :  0.017 0.065 0.276 0.019 0.463 0.049 0.008 0.096 0.007 
162  BAFF159    (7)   11 :  0.014 0.013 0.019 0.010 0.012 0.913 0.007 0.006 0.007 
163  BAFF365    (7)   11 :  0.162 0.019 0.058 0.244 0.133 0.113 0.191 0.041 0.038 
164  BAFF007    (0)   12 :  0.192 0.023 0.089 0.210 0.081 0.213 0.047 0.079 0.067 
165  BAFF304    (7)   12 :  0.291 0.077 0.042 0.394 0.063 0.044 0.011 0.015 0.064 
166  BAFF487    (0)    7 :  0.282 0.028 0.283 0.132 0.104 0.032 0.019 0.047 0.074 
167  BAFF415    (0)   12 :  0.065 0.551 0.038 0.101 0.065 0.086 0.064 0.011 0.019 
168  BAFF488    (0)    7 :  0.052 0.014 0.038 0.052 0.063 0.124 0.594 0.051 0.012 
169  BAFF417    (0)   12 :  0.200 0.335 0.033 0.293 0.049 0.033 0.015 0.027 0.015 
170  BAFF489    (0)    7 :  0.219 0.036 0.151 0.269 0.144 0.100 0.007 0.017 0.055 
171  BAFF426    (0)   12 :  0.016 0.872 0.024 0.015 0.021 0.012 0.017 0.013 0.010 
172  BAFF490    (7)    7 :  0.190 0.011 0.062 0.146 0.057 0.429 0.019 0.014 0.072 
173  BAFF491    (0)    7 :  0.312 0.008 0.205 0.272 0.073 0.028 0.035 0.035 0.032 
174  BAFF492    (0)    7 :  0.442 0.013 0.117 0.301 0.032 0.042 0.008 0.034 0.012 
175  BAFF493    (0)    7 :  0.197 0.037 0.115 0.068 0.092 0.021 0.434 0.023 0.012 
176  BAFF506    (0)    7 :  0.416 0.014 0.122 0.168 0.133 0.016 0.078 0.042 0.012 
177  BAFF393    (0)    2 :  0.306 0.010 0.048 0.277 0.031 0.105 0.023 0.022 0.178 
178  BAFF218    (0)    3 :  0.100 0.025 0.170 0.122 0.094 0.179 0.048 0.246 0.017 
179  BAFF254    (0)    4 :  0.342 0.011 0.036 0.254 0.036 0.015 0.031 0.010 0.264 
180  BAFF385    (0)   13 :  0.417 0.035 0.204 0.116 0.148 0.013 0.018 0.026 0.022 
181  BAFF076    (0)    6 :  0.012 0.011 0.577 0.010 0.348 0.008 0.009 0.011 0.014 
182  BAFF482    (0)    6 :  0.183 0.061 0.254 0.221 0.064 0.183 0.008 0.014 0.012 
183  BAFF437    (0)    7 :  0.209 0.010 0.034 0.309 0.087 0.308 0.022 0.016 0.005 
184  BAFF192    (0)    8 :  0.120 0.014 0.292 0.075 0.268 0.048 0.016 0.051 0.117 
185  BAFF383    (0)    9 :  0.070 0.010 0.027 0.108 0.023 0.017 0.720 0.017 0.007 
186  BAFF180    (0)   10 :  0.040 0.124 0.142 0.023 0.211 0.082 0.009 0.359 0.010 
187  BAFF048    (7)   12 :  0.198 0.011 0.087 0.068 0.170 0.089 0.051 0.007 0.319 
188  BAFF306    (0)   12 :  0.275 0.032 0.045 0.459 0.056 0.037 0.009 0.071 0.016 
189  BAFF394    (0)    2 :  0.096 0.020 0.048 0.109 0.114 0.221 0.063 0.162 0.167 
190  BAFF219    (0)    3 :  0.114 0.014 0.072 0.178 0.092 0.442 0.008 0.065 0.015 
191  BAFF388    (0)    4 :  0.052 0.323 0.131 0.020 0.230 0.024 0.193 0.014 0.013 
192  BAFF386    (7)   13 :  0.103 0.016 0.231 0.068 0.417 0.032 0.018 0.019 0.095 
193  BAFF084    (0)    6 :  0.288 0.010 0.025 0.140 0.019 0.068 0.011 0.015 0.424 
194  BAFF483    (0)    6 :  0.113 0.095 0.190 0.098 0.343 0.072 0.029 0.051 0.009 
195  BAFF438   (15)    7 :  0.257 0.040 0.084 0.325 0.074 0.028 0.018 0.029 0.145 
196  BAFF193    (0)    8 :  0.205 0.017 0.168 0.171 0.045 0.027 0.303 0.049 0.015 
197  BAFF183    (0)   10 :  0.253 0.037 0.103 0.046 0.158 0.255 0.052 0.035 0.061 
198  BAFF153    (0)   12 :  0.293 0.014 0.009 0.556 0.089 0.013 0.008 0.006 0.012 
199  BAFF307    (0)   12 :  0.278 0.019 0.061 0.428 0.059 0.022 0.011 0.020 0.102 
200  BAFF397    (0)    2 :  0.114 0.010 0.054 0.209 0.040 0.515 0.007 0.041 0.010 
201  BAFF220    (0)    3 :  0.022 0.009 0.530 0.011 0.337 0.021 0.007 0.005 0.059 
202  BAFF095    (0)    6 :  0.024 0.016 0.344 0.018 0.520 0.016 0.036 0.019 0.007 
203  BAFF494    (0)    6 :  0.051 0.024 0.550 0.058 0.221 0.045 0.006 0.022 0.022 
204  BAFF439    (0)    7 :  0.160 0.289 0.066 0.180 0.082 0.021 0.009 0.178 0.015 
205  BAFF182    (0)   10 :  0.037 0.110 0.350 0.033 0.293 0.036 0.028 0.023 0.090 
206  BAFF054    (0)   12 :  0.011 0.928 0.009 0.011 0.013 0.007 0.006 0.007 0.009 
207  BAFF308    (0)   12 :  0.236 0.016 0.047 0.464 0.168 0.027 0.013 0.009 0.020 
208  BAFF266    (0)    1 :  0.217 0.044 0.129 0.128 0.057 0.207 0.134 0.012 0.072 
209  BAFF398    (7)    2 :  0.019 0.005 0.606 0.009 0.333 0.006 0.012 0.005 0.005 
210  BAFF221    (0)    3 :  0.022 0.029 0.075 0.024 0.049 0.008 0.293 0.007 0.493 
211  BAFF090    (0)    6 :  0.372 0.106 0.102 0.100 0.161 0.020 0.013 0.021 0.106 
212  BAFF495    (0)    6 :  0.018 0.013 0.031 0.024 0.021 0.122 0.008 0.755 0.008 
213  BAFF459    (0)    7 :  0.025 0.010 0.021 0.032 0.030 0.787 0.007 0.038 0.050 
214  BAFF197    (0)    8 :  0.139 0.070 0.034 0.293 0.124 0.183 0.013 0.131 0.014 
215  BAFF188    (0)   10 :  0.234 0.034 0.035 0.410 0.116 0.025 0.014 0.025 0.109 
216  BAFF051    (0)   12 :  0.133 0.326 0.195 0.104 0.090 0.080 0.026 0.032 0.014 
217  BAFF309    (0)   12 :  0.329 0.013 0.214 0.309 0.040 0.043 0.010 0.023 0.019 
218  BAFF269    (0)    1 :  0.097 0.009 0.089 0.155 0.241 0.259 0.051 0.088 0.010 
219  BAFF077    (0)    6 :  0.008 0.009 0.006 0.007 0.006 0.927 0.008 0.010 0.019 
220  BAFF496    (0)    6 :  0.012 0.008 0.017 0.014 0.014 0.014 0.011 0.906 0.005 
221  BAFF443    (0)    7 :  0.214 0.090 0.184 0.197 0.084 0.139 0.051 0.026 0.015 
222  BAFF198    (0)    8 :  0.146 0.040 0.212 0.051 0.251 0.068 0.008 0.199 0.025 
223  BAFF053    (0)   12 :  0.248 0.036 0.018 0.471 0.138 0.013 0.018 0.045 0.013 
224  BAFF310    (0)   12 :  0.050 0.656 0.025 0.075 0.010 0.102 0.007 0.033 0.042 
225  BAFF282    (0)    1 :  0.021 0.015 0.037 0.025 0.055 0.076 0.726 0.030 0.015 
226  BAFF497    (0)    6 :  0.034 0.014 0.047 0.041 0.024 0.738 0.010 0.082 0.010 
227  BAFF466    (0)    7 :  0.274 0.034 0.229 0.166 0.065 0.080 0.014 0.024 0.114 
228  BAFF200    (7)    8 :  0.218 0.037 0.194 0.144 0.306 0.031 0.013 0.025 0.031 
229  BAFF240    (0)   10 :  0.111 0.009 0.057 0.067 0.060 0.019 0.014 0.013 0.650 
230  BAFF055    (0)   12 :  0.058 0.721 0.028 0.087 0.046 0.021 0.018 0.009 0.011 
231  BAFF311    (7)   12 :  0.013 0.008 0.284 0.017 0.560 0.029 0.042 0.007 0.039 


Estimated Allele Frequencies in each cluster
First column gives estimated ancestral frequencies


Locus 1 : btern01 
9 alleles
0.0% missing data
   1   (0.140) 0.158 0.034 0.114 0.170 0.149 0.189 0.121 0.173 0.076 
   2   (0.018) 0.008 0.004 0.008 0.006 0.005 0.008 0.027 0.003 0.003 
   3   (0.165) 0.156 0.086 0.194 0.197 0.125 0.275 0.064 0.202 0.156 
   4   (0.212) 0.210 0.178 0.217 0.202 0.192 0.111 0.199 0.340 0.256 
   5   (0.281) 0.365 0.332 0.179 0.344 0.249 0.289 0.444 0.095 0.367 
   6   (0.075) 0.046 0.339 0.042 0.041 0.067 0.071 0.033 0.059 0.044 
   7   (0.054) 0.024 0.019 0.199 0.017 0.164 0.015 0.082 0.012 0.084 
   8   (0.015) 0.004 0.002 0.004 0.005 0.006 0.007 0.022 0.024 0.002 
   9   (0.040) 0.028 0.007 0.043 0.017 0.043 0.036 0.007 0.091 0.012 

Locus 2 : bt28 
5 alleles
0.0% missing data
   1   (0.667) 0.684 0.718 0.564 0.737 0.612 0.689 0.770 0.745 0.690 
   2   (0.152) 0.133 0.099 0.154 0.123 0.195 0.085 0.171 0.173 0.061 
   3   (0.147) 0.171 0.178 0.271 0.128 0.182 0.091 0.039 0.075 0.243 
   4   (0.023) 0.009 0.004 0.009 0.009 0.009 0.131 0.005 0.006 0.005 
   5   (0.012) 0.002 0.002 0.003 0.003 0.003 0.004 0.014 0.002 0.002 

Locus 3 : b96 
8 alleles
0.9% missing data
   1   (0.330) 0.337 0.322 0.320 0.391 0.390 0.361 0.360 0.217 0.206 
   2   (0.483) 0.527 0.509 0.556 0.435 0.483 0.527 0.427 0.738 0.601 
   3   (0.045) 0.060 0.047 0.037 0.063 0.025 0.023 0.011 0.011 0.053 
   4   (0.016) 0.005 0.003 0.004 0.004 0.004 0.006 0.004 0.002 0.105 
   5   (0.051) 0.029 0.029 0.048 0.042 0.042 0.050 0.026 0.012 0.009 
   6   (0.025) 0.009 0.004 0.018 0.012 0.029 0.006 0.097 0.004 0.006 
   7   (0.036) 0.029 0.007 0.014 0.050 0.023 0.025 0.072 0.013 0.017 
   8   (0.013) 0.003 0.079 0.003 0.003 0.003 0.003 0.003 0.002 0.002 

Locus 4 : bt30 
12 alleles
0.9% missing data
   1   (0.115) 0.122 0.110 0.182 0.082 0.134 0.070 0.276 0.026 0.046 
   2   (0.282) 0.346 0.289 0.310 0.330 0.272 0.263 0.282 0.398 0.147 
   3   (0.073) 0.118 0.026 0.078 0.104 0.035 0.147 0.018 0.096 0.046 
   4   (0.187) 0.192 0.239 0.162 0.183 0.253 0.237 0.105 0.133 0.178 
   5   (0.014) 0.005 0.003 0.010 0.005 0.015 0.004 0.003 0.003 0.002 
   6   (0.101) 0.054 0.056 0.158 0.055 0.172 0.153 0.112 0.093 0.029 
   7   (0.034) 0.024 0.019 0.014 0.030 0.024 0.014 0.022 0.014 0.037 
   8   (0.052) 0.036 0.064 0.018 0.060 0.023 0.031 0.046 0.010 0.077 
   9   (0.102) 0.087 0.186 0.053 0.131 0.043 0.071 0.061 0.207 0.432 
  10   (0.012) 0.002 0.002 0.002 0.002 0.003 0.002 0.070 0.002 0.001 
  11   (0.017) 0.011 0.004 0.009 0.016 0.024 0.004 0.003 0.004 0.002 
  12   (0.011) 0.003 0.002 0.003 0.003 0.003 0.003 0.002 0.013 0.002 

Locus 5 : btms0081 
3 alleles
0.9% missing data
   1   (0.498) 0.507 0.302 0.648 0.462 0.544 0.593 0.589 0.267 0.689 
   2   (0.350) 0.376 0.479 0.260 0.409 0.313 0.321 0.213 0.505 0.226 
   3   (0.152) 0.116 0.220 0.092 0.129 0.143 0.086 0.197 0.228 0.085 

Locus 6 : btms0066 
24 alleles
0.0% missing data
   1   (0.253) 0.345 0.384 0.337 0.324 0.300 0.190 0.384 0.219 0.106 
   2   (0.017) 0.005 0.003 0.004 0.004 0.004 0.004 0.060 0.026 0.003 
   3   (0.035) 0.065 0.009 0.025 0.097 0.025 0.013 0.006 0.012 0.010 
   4   (0.140) 0.176 0.121 0.173 0.144 0.203 0.263 0.052 0.404 0.034 
   5   (0.100) 0.154 0.104 0.070 0.180 0.096 0.117 0.026 0.080 0.029 
   6   (0.050) 0.024 0.015 0.141 0.030 0.132 0.021 0.011 0.039 0.185 
   7   (0.020) 0.007 0.003 0.049 0.006 0.024 0.004 0.017 0.003 0.003 
   8   (0.053) 0.028 0.034 0.020 0.029 0.023 0.117 0.082 0.041 0.026 
   9   (0.021) 0.021 0.005 0.009 0.015 0.013 0.006 0.004 0.004 0.333 
  10   (0.029) 0.026 0.005 0.011 0.017 0.008 0.023 0.150 0.006 0.023 
  11   (0.022) 0.005 0.014 0.009 0.006 0.008 0.007 0.148 0.018 0.004 
  12   (0.041) 0.019 0.017 0.015 0.027 0.017 0.134 0.008 0.095 0.007 
  13   (0.026) 0.018 0.017 0.032 0.019 0.016 0.007 0.006 0.006 0.017 
  14   (0.023) 0.010 0.046 0.006 0.006 0.007 0.005 0.004 0.004 0.075 
  15   (0.022) 0.013 0.004 0.011 0.020 0.013 0.038 0.005 0.007 0.003 
  16   (0.029) 0.019 0.096 0.020 0.013 0.034 0.010 0.006 0.007 0.040 
  17   (0.024) 0.017 0.036 0.015 0.014 0.016 0.006 0.009 0.005 0.077 
  18   (0.013) 0.002 0.034 0.003 0.002 0.003 0.003 0.002 0.002 0.002 
  19   (0.012) 0.013 0.003 0.003 0.022 0.009 0.003 0.002 0.002 0.002 
  20   (0.022) 0.009 0.013 0.016 0.007 0.023 0.015 0.007 0.013 0.008 
  21   (0.017) 0.011 0.004 0.019 0.006 0.014 0.004 0.005 0.003 0.007 
  22   (0.010) 0.005 0.002 0.005 0.003 0.006 0.003 0.002 0.002 0.003 
  23   (0.012) 0.003 0.032 0.002 0.003 0.003 0.003 0.002 0.002 0.001 
  24   (0.011) 0.005 0.002 0.004 0.004 0.003 0.005 0.004 0.002 0.003 

Locus 7 : btms0083 
31 alleles
3.0% missing data
   1   (0.014) 0.003 0.002 0.004 0.004 0.003 0.003 0.235 0.002 0.012 
   2   (0.025) 0.028 0.005 0.008 0.029 0.009 0.006 0.107 0.004 0.008 
   3   (0.031) 0.016 0.009 0.052 0.014 0.043 0.022 0.006 0.006 0.133 
   4   (0.038) 0.042 0.010 0.055 0.029 0.031 0.015 0.058 0.013 0.029 
   5   (0.190) 0.242 0.258 0.329 0.236 0.288 0.163 0.226 0.163 0.103 
   6   (0.019) 0.020 0.004 0.016 0.011 0.024 0.013 0.005 0.005 0.008 
   7   (0.055) 0.107 0.151 0.036 0.098 0.052 0.040 0.017 0.018 0.116 
   8   (0.037) 0.058 0.013 0.016 0.096 0.036 0.050 0.017 0.012 0.010 
   9   (0.038) 0.032 0.007 0.035 0.034 0.055 0.026 0.008 0.036 0.007 
  10   (0.026) 0.013 0.018 0.058 0.014 0.086 0.008 0.008 0.007 0.006 
  11   (0.059) 0.057 0.011 0.035 0.048 0.048 0.128 0.015 0.090 0.391 
  12   (0.018) 0.009 0.004 0.009 0.005 0.008 0.006 0.038 0.010 0.003 
  13   (0.052) 0.046 0.077 0.027 0.064 0.034 0.109 0.010 0.056 0.019 
  14   (0.034) 0.052 0.006 0.040 0.051 0.017 0.131 0.007 0.013 0.007 
  15   (0.027) 0.011 0.006 0.019 0.010 0.022 0.066 0.018 0.032 0.006 
  16   (0.028) 0.029 0.005 0.034 0.014 0.056 0.016 0.030 0.009 0.026 
  17   (0.028) 0.010 0.005 0.012 0.011 0.023 0.010 0.048 0.365 0.014 
  18   (0.053) 0.065 0.121 0.036 0.042 0.043 0.023 0.036 0.028 0.012 
  19   (0.021) 0.008 0.116 0.009 0.008 0.006 0.007 0.009 0.009 0.004 
  20   (0.028) 0.044 0.053 0.009 0.077 0.012 0.010 0.005 0.006 0.005 
  21   (0.011) 0.002 0.002 0.003 0.002 0.003 0.003 0.034 0.002 0.001 
  22   (0.013) 0.003 0.003 0.004 0.003 0.003 0.003 0.018 0.019 0.003 
  23   (0.019) 0.006 0.003 0.006 0.008 0.009 0.016 0.016 0.008 0.003 
  24   (0.012) 0.003 0.014 0.003 0.003 0.003 0.003 0.003 0.002 0.002 
  25   (0.028) 0.030 0.006 0.104 0.039 0.040 0.008 0.005 0.006 0.005 
  26   (0.015) 0.004 0.002 0.004 0.004 0.004 0.089 0.003 0.007 0.002 
  27   (0.029) 0.018 0.045 0.013 0.023 0.018 0.008 0.005 0.054 0.011 
  28   (0.019) 0.022 0.004 0.010 0.008 0.009 0.006 0.005 0.011 0.049 
  29   (0.011) 0.010 0.002 0.010 0.006 0.004 0.004 0.004 0.002 0.003 
  30   (0.015) 0.005 0.037 0.004 0.007 0.006 0.004 0.003 0.002 0.002 
  31   (0.007) 0.003 0.001 0.003 0.003 0.005 0.005 0.002 0.003 0.001 

Locus 8 : b126 
16 alleles
0.0% missing data
   1   (0.039) 0.016 0.012 0.041 0.020 0.059 0.049 0.044 0.008 0.007 
   2   (0.050) 0.035 0.008 0.021 0.042 0.038 0.045 0.136 0.074 0.011 
   3   (0.312) 0.370 0.393 0.302 0.357 0.321 0.262 0.177 0.492 0.642 
   4   (0.031) 0.017 0.006 0.030 0.016 0.013 0.070 0.008 0.039 0.005 
   5   (0.074) 0.122 0.051 0.117 0.074 0.106 0.039 0.021 0.065 0.021 
   6   (0.061) 0.101 0.150 0.033 0.132 0.026 0.125 0.013 0.018 0.012 
   7   (0.107) 0.119 0.143 0.150 0.127 0.146 0.111 0.021 0.049 0.188 
   8   (0.030) 0.012 0.079 0.008 0.013 0.010 0.056 0.007 0.011 0.005 
   9   (0.013) 0.003 0.002 0.036 0.003 0.021 0.003 0.002 0.002 0.002 
  10   (0.041) 0.017 0.047 0.046 0.012 0.096 0.017 0.027 0.020 0.026 
  11   (0.092) 0.109 0.022 0.069 0.105 0.054 0.102 0.412 0.033 0.057 
  12   (0.031) 0.030 0.030 0.012 0.035 0.010 0.013 0.026 0.006 0.004 
  13   (0.066) 0.029 0.048 0.093 0.038 0.052 0.038 0.097 0.151 0.010 
  14   (0.024) 0.008 0.005 0.009 0.007 0.015 0.054 0.005 0.026 0.003 
  15   (0.012) 0.009 0.002 0.006 0.014 0.018 0.003 0.002 0.003 0.002 
  16   (0.016) 0.004 0.003 0.027 0.005 0.016 0.011 0.003 0.003 0.005 

Locus 9 : btms0062 
34 alleles
0.0% missing data
   1   (0.031) 0.041 0.008 0.030 0.019 0.037 0.013 0.082 0.007 0.030 
   2   (0.051) 0.034 0.013 0.045 0.024 0.037 0.050 0.105 0.255 0.026 
   3   (0.075) 0.167 0.053 0.042 0.204 0.068 0.049 0.086 0.073 0.039 
   4   (0.100) 0.071 0.209 0.210 0.062 0.163 0.163 0.053 0.027 0.185 
   5   (0.048) 0.146 0.012 0.060 0.135 0.044 0.025 0.017 0.013 0.059 
   6   (0.026) 0.025 0.005 0.023 0.032 0.016 0.019 0.007 0.023 0.013 
   7   (0.016) 0.010 0.003 0.008 0.010 0.005 0.007 0.003 0.003 0.002 
   8   (0.022) 0.025 0.004 0.009 0.039 0.014 0.061 0.006 0.011 0.003 
   9   (0.042) 0.034 0.021 0.022 0.023 0.030 0.154 0.020 0.022 0.041 
  10   (0.054) 0.061 0.065 0.045 0.041 0.068 0.069 0.040 0.020 0.010 
  11   (0.067) 0.050 0.036 0.164 0.046 0.107 0.057 0.017 0.028 0.314 
  12   (0.037) 0.021 0.026 0.034 0.026 0.082 0.014 0.007 0.324 0.022 
  13   (0.040) 0.030 0.016 0.096 0.040 0.091 0.046 0.025 0.009 0.014 
  14   (0.044) 0.035 0.285 0.028 0.040 0.018 0.060 0.011 0.014 0.009 
  15   (0.015) 0.036 0.004 0.005 0.068 0.024 0.005 0.003 0.004 0.003 
  16   (0.016) 0.011 0.008 0.004 0.012 0.007 0.004 0.003 0.003 0.085 
  17   (0.022) 0.006 0.004 0.010 0.005 0.011 0.007 0.162 0.012 0.003 
  18   (0.016) 0.004 0.003 0.015 0.004 0.024 0.004 0.003 0.005 0.007 
  19   (0.046) 0.024 0.095 0.019 0.021 0.025 0.039 0.085 0.066 0.007 
  20   (0.011) 0.002 0.002 0.002 0.002 0.002 0.002 0.036 0.001 0.001 
  21   (0.032) 0.017 0.006 0.033 0.020 0.015 0.046 0.049 0.029 0.006 
  22   (0.017) 0.012 0.003 0.004 0.014 0.005 0.005 0.110 0.003 0.002 
  23   (0.012) 0.004 0.002 0.004 0.004 0.003 0.003 0.027 0.002 0.002 
  24   (0.018) 0.010 0.008 0.012 0.015 0.005 0.048 0.004 0.008 0.003 
  25   (0.012) 0.008 0.002 0.009 0.006 0.004 0.005 0.008 0.003 0.002 
  26   (0.027) 0.055 0.035 0.028 0.014 0.047 0.013 0.008 0.008 0.047 
  27   (0.020) 0.018 0.007 0.011 0.024 0.020 0.005 0.004 0.004 0.040 
  28   (0.014) 0.011 0.002 0.003 0.020 0.004 0.003 0.002 0.002 0.002 
  29   (0.017) 0.010 0.003 0.005 0.006 0.004 0.004 0.005 0.010 0.012 
  30   (0.010) 0.002 0.032 0.002 0.002 0.002 0.002 0.002 0.002 0.002 
  31   (0.012) 0.009 0.002 0.004 0.014 0.004 0.005 0.002 0.003 0.002 
  32   (0.010) 0.004 0.002 0.007 0.003 0.006 0.003 0.002 0.002 0.004 
  33   (0.008) 0.003 0.001 0.003 0.003 0.005 0.005 0.002 0.003 0.001 
  34   (0.012) 0.004 0.024 0.003 0.004 0.003 0.006 0.002 0.003 0.004 

Locus 10 : btern02 
25 alleles
4.8% missing data
   1   (0.097) 0.118 0.039 0.066 0.117 0.101 0.177 0.136 0.117 0.253 
   2   (0.012) 0.002 0.002 0.003 0.002 0.003 0.003 0.017 0.002 0.002 
   3   (0.080) 0.117 0.024 0.099 0.117 0.112 0.115 0.026 0.122 0.031 
   4   (0.050) 0.024 0.101 0.137 0.025 0.100 0.037 0.014 0.075 0.009 
   5   (0.027) 0.016 0.006 0.045 0.021 0.019 0.018 0.011 0.015 0.028 
   6   (0.038) 0.121 0.017 0.039 0.067 0.036 0.025 0.012 0.018 0.076 
   7   (0.030) 0.015 0.145 0.021 0.021 0.031 0.011 0.006 0.013 0.005 
   8   (0.034) 0.041 0.006 0.017 0.045 0.017 0.016 0.108 0.014 0.014 
   9   (0.074) 0.113 0.040 0.095 0.148 0.105 0.033 0.070 0.032 0.059 
  10   (0.035) 0.049 0.006 0.042 0.043 0.016 0.037 0.007 0.124 0.007 
  11   (0.064) 0.066 0.064 0.035 0.094 0.046 0.086 0.017 0.099 0.015 
  12   (0.035) 0.020 0.006 0.018 0.019 0.014 0.015 0.139 0.101 0.015 
  13   (0.048) 0.022 0.056 0.062 0.021 0.053 0.063 0.056 0.022 0.013 
  14   (0.053) 0.021 0.125 0.033 0.018 0.047 0.058 0.174 0.032 0.029 
  15   (0.009) 0.002 0.001 0.002 0.002 0.002 0.002 0.002 0.001 0.197 
  16   (0.047) 0.035 0.048 0.030 0.034 0.021 0.089 0.050 0.017 0.010 
  17   (0.026) 0.025 0.051 0.032 0.017 0.019 0.022 0.006 0.009 0.026 
  18   (0.043) 0.033 0.175 0.027 0.028 0.034 0.067 0.010 0.076 0.011 
  19   (0.042) 0.048 0.010 0.043 0.050 0.086 0.014 0.008 0.022 0.097 
  20   (0.039) 0.029 0.008 0.087 0.033 0.045 0.046 0.048 0.016 0.006 
  21   (0.024) 0.014 0.008 0.010 0.015 0.009 0.024 0.041 0.027 0.005 
  22   (0.015) 0.005 0.006 0.004 0.005 0.004 0.006 0.014 0.012 0.002 
  23   (0.031) 0.020 0.006 0.023 0.023 0.053 0.024 0.019 0.019 0.011 
  24   (0.032) 0.041 0.045 0.015 0.030 0.017 0.010 0.007 0.007 0.076 
  25   (0.014) 0.005 0.005 0.013 0.004 0.011 0.004 0.003 0.006 0.003 

Locus 11 : btms0086 
3 alleles
0.0% missing data
   1   (0.843) 0.872 0.926 0.720 0.872 0.832 0.902 0.781 0.798 0.973 
   2   (0.135) 0.104 0.066 0.274 0.096 0.161 0.093 0.201 0.197 0.024 
   3   (0.022) 0.024 0.008 0.006 0.032 0.007 0.005 0.017 0.005 0.003 

Locus 12 : bl13 
3 alleles
0.0% missing data
   1   (0.069) 0.030 0.345 0.036 0.027 0.041 0.030 0.233 0.026 0.019 
   2   (0.832) 0.881 0.597 0.901 0.858 0.842 0.853 0.748 0.947 0.676 
   3   (0.099) 0.089 0.057 0.063 0.115 0.118 0.117 0.019 0.027 0.304 

Locus 13 : btms0059 
9 alleles
0.0% missing data
   1   (0.344) 0.462 0.295 0.307 0.481 0.357 0.327 0.352 0.174 0.438 
   2   (0.109) 0.084 0.018 0.054 0.075 0.069 0.296 0.113 0.252 0.232 
   3   (0.064) 0.037 0.111 0.029 0.047 0.042 0.039 0.131 0.030 0.026 
   4   (0.055) 0.028 0.020 0.085 0.034 0.078 0.032 0.045 0.021 0.010 
   5   (0.082) 0.104 0.041 0.062 0.107 0.058 0.077 0.034 0.059 0.031 
   6   (0.295) 0.254 0.507 0.435 0.229 0.372 0.175 0.313 0.437 0.250 
   7   (0.016) 0.005 0.003 0.007 0.005 0.004 0.038 0.003 0.020 0.005 
   8   (0.024) 0.021 0.004 0.018 0.019 0.015 0.010 0.006 0.005 0.005 
   9   (0.011) 0.006 0.002 0.004 0.003 0.005 0.006 0.003 0.002 0.003 

Values of parameters used in structure:
DATAFILE=/Users/johnmola/Desktop/rpbbfeb27/rpbbstructure/project_data,	OUTFILE=/Users/johnmola/Desktop/rpbbfeb27/rpbbstructure/rpbb20k100k/Results/rpbb20k100k_run_87,	NUMINDS=231,	NUMLOCI=13,	MISSING=-9,	LABEL=1,	POPDATA=1,	POPFLAG=0,	PHENOTYPE=0,	EXTRACOLS=0,	MAXPOPS=9,	BURNIN=20000,	NUMREPS=100000,	USEPOPINFO=0,	INFERALPHA=1,	INFERLAMBDA=0,	POPSPECIFICLAMBDA=0,	POPALPHAS=0,	COMPUTEPROB=1,	NOADMIX=0,	ADMBURNIN=2500,	UPDATEFREQ=1,	PRINTLIKES=0,	INTERMEDSAVE=0,	PRINTKLD=0,	PRINTNET=0,	PRINTLAMBDA=0,	ANCESTDIST=0,	NUMBOXES=1000,	ANCESTPINT=0.90000,	GENSBACK=2,	MIGRPRIOR=0.05000,	PRINTQHAT=0,	PRINTQSUM=0,	ALPHA=1.0000,	FREQSCORR=1,	FPRIORMEAN=0.0100,	FPRIORSD=0.0500,	ONEFST=0,	LAMBDA=1.0000,	UNIFPRIORALPHA=1,	ALPHAMAX=10.0000,	ALPHAPRIORA=1.0000,	ALPHAPRIORB=2.0000,	ALPHAPROPSD=0.0250,	STARTATPOPINFO=0,	RANDOMIZE=1,	LINKAGE=0,	METROFREQ=10,	REPORTHITRATE=0,	MARKOVPHASE=-1,	PHASED=0,	PLOIDY=2,	PHASEINFO=0	LOCPRIOR=0, 	LOCPRIORINIT=1.000000, 	LOCDATA=0, 	LOCISPOP=0, 	LOCPRIORSTEP=0.100000, 	MAXLOCPRIOR=20.000000, 	SEED=1677523464,	
[STRAT parameters]:    NUMSIMSTATS=1000,	PHENOTYPECOL=-9,	POOLFREQ=10,	LOCUSxONLY=0,	EMERROR=0.00100,	MISSINGPHENO=-9,	