

----------------------------------------------------
STRUCTURE by Pritchard, Stephens and Donnelly (2000)
     and Falush, Stephens and Pritchard (2003)
       Code by Pritchard, Falush and Hubisz
             Version 2.3.4 (Jul 2012)
----------------------------------------------------



Command line arguments:   bin/structure -m "/Users/johnmola/Desktop/rpbbfeb27/rpbbstructure/rpbb20k100k/mainparams" -e "/Users/johnmola/Desktop/rpbbfeb27/rpbbstructure/rpbb20k100k/extraparams" 
Input File:    /Users/johnmola/Desktop/rpbbfeb27/rpbbstructure/project_data

Run parameters:
   231 individuals
   13 loci
   5 populations assumed
   20000 Burn-in period
   100000 Reps


--------------------------------------------
Proportion of membership of each pre-defined
 population in each of the 5 clusters

Given    Inferred Clusters                     Number of
 Pop       1      2      3      4      5      Individuals

  1:     0.842  0.052  0.051  0.016  0.040       21
  2:     0.045  0.318  0.436  0.025  0.176        7
  3:     0.112  0.184  0.262  0.062  0.381        7
  4:     0.084  0.310  0.119  0.098  0.388        8
  5:     0.116  0.448  0.050  0.044  0.342        4
  6:     0.062  0.167  0.295  0.153  0.323       35
  7:     0.114  0.333  0.230  0.060  0.263       40
  8:     0.079  0.208  0.222  0.135  0.357       19
  9:     0.272  0.235  0.073  0.047  0.373        4
 10:     0.047  0.156  0.185  0.357  0.256       11
 11:     0.144  0.129  0.597  0.019  0.111        8
 12:     0.054  0.306  0.143  0.433  0.064       60
 13:     0.092  0.226  0.188  0.058  0.435        7
--------------------------------------------

Allele-freq. divergence among pops (Net nucleotide distance),
computed using point estimates of P.

      1       2       3       4       5      
 1      -    0.0201  0.0245  0.0285  0.0259  
 2   0.0201     -    0.0156  0.0173  0.0135  
 3   0.0245  0.0156     -    0.0248  0.0177  
 4   0.0285  0.0173  0.0248     -    0.0254  
 5   0.0259  0.0135  0.0177  0.0254     -    

Average distances (expected heterozygosity) between individuals in same cluster:
cluster  1  : 0.6906 
cluster  2  : 0.6834 
cluster  3  : 0.6850 
cluster  4  : 0.6854 
cluster  5  : 0.6886 

--------------------------------------------
Estimated Ln Prob of Data   = -10086.6
Mean value of ln likelihood = -9682.9
Variance of ln likelihood   = 807.4
Mean value of alpha         = 0.0553

Mean value of Fst_1         = 0.0609
Mean value of Fst_2         = 0.0372
Mean value of Fst_3         = 0.0516
Mean value of Fst_4         = 0.0660
Mean value of Fst_5         = 0.0512


Inferred ancestry of individuals:
        Label (%Miss) Pop:  Inferred clusters
  1  BAFF014    (0)    1 :  0.958 0.010 0.010 0.007 0.015 
  2  BAFF379    (0)    2 :  0.019 0.723 0.122 0.026 0.110 
  3  BAFF212    (0)    3 :  0.051 0.245 0.328 0.136 0.240 
  4  BAFF018    (0)    4 :  0.012 0.679 0.172 0.107 0.029 
  5  BAFF247    (0)    4 :  0.009 0.903 0.028 0.025 0.035 
  6  BAFF024    (0)    5 :  0.022 0.044 0.058 0.050 0.826 
  7  BAFF088    (0)    6 :  0.021 0.196 0.565 0.111 0.106 
  8  BAFF429    (0)    6 :  0.023 0.137 0.169 0.024 0.647 
  9  BAFF087    (7)    7 :  0.019 0.012 0.948 0.011 0.011 
 10  BAFF225    (0)    7 :  0.067 0.130 0.102 0.039 0.662 
 11  BAFF195    (0)    8 :  0.034 0.110 0.738 0.014 0.103 
 12  BAFF238    (0)    9 :  0.124 0.109 0.031 0.029 0.707 
 13  BAFF019    (0)   10 :  0.030 0.019 0.050 0.881 0.019 
 14  BAFF175    (0)   10 :  0.014 0.429 0.103 0.183 0.270 
 15  BAFF156    (0)   11 :  0.006 0.013 0.965 0.010 0.007 
 16  BAFF301    (0)   11 :  0.908 0.018 0.014 0.023 0.037 
 17  BAFF141    (0)   12 :  0.285 0.672 0.012 0.023 0.008 
 18  BAFF302    (0)   12 :  0.029 0.231 0.025 0.095 0.620 
 19  BAFF290    (0)    1 :  0.906 0.043 0.015 0.015 0.020 
 20  BAFF498    (0)    6 :  0.300 0.108 0.307 0.077 0.208 
 21  BAFF455    (0)    7 :  0.042 0.197 0.399 0.090 0.273 
 22  BAFF203    (7)    8 :  0.019 0.080 0.834 0.017 0.050 
 23  BAFF056    (0)   12 :  0.029 0.060 0.009 0.873 0.028 
 24  BAFF327    (0)   12 :  0.089 0.310 0.032 0.535 0.034 
 25  BAFF255    (0)    1 :  0.959 0.013 0.008 0.008 0.012 
 26  BAFF256    (0)    1 :  0.965 0.007 0.008 0.012 0.008 
 27  BAFF257    (0)    1 :  0.973 0.008 0.007 0.006 0.007 
 28  BAFF260    (0)    1 :  0.961 0.008 0.010 0.009 0.013 
 29  BAFF259    (0)    1 :  0.955 0.008 0.009 0.018 0.010 
 30  BAFF261    (0)    1 :  0.963 0.012 0.009 0.008 0.008 
 31  BAFF274    (0)    1 :  0.897 0.038 0.023 0.015 0.026 
 32  BAFF262    (0)    1 :  0.946 0.015 0.017 0.012 0.011 
 33  BAFF294    (0)    1 :  0.950 0.009 0.025 0.008 0.008 
 34  BAFF292    (0)    1 :  0.871 0.019 0.010 0.012 0.088 
 35  BAFF296    (0)    1 :  0.904 0.022 0.011 0.014 0.051 
 36  BAFF295    (0)    1 :  0.910 0.033 0.016 0.015 0.027 
 37  BAFF298    (0)    1 :  0.928 0.019 0.010 0.017 0.026 
 38  BAFF299    (0)    1 :  0.952 0.006 0.012 0.022 0.008 
 39  BAFF375    (0)   13 :  0.039 0.015 0.012 0.012 0.921 
 40  BAFF376    (0)   13 :  0.023 0.028 0.025 0.030 0.894 
 41  BAFF377    (0)   13 :  0.029 0.012 0.010 0.010 0.938 
 42  BAFF022    (0)    5 :  0.242 0.455 0.037 0.016 0.249 
 43  BAFF021    (0)    5 :  0.132 0.670 0.029 0.051 0.118 
 44  BAFF499    (0)    6 :  0.010 0.065 0.017 0.839 0.070 
 45  BAFF204    (0)    8 :  0.012 0.544 0.037 0.076 0.331 
 46  BAFF068    (0)   12 :  0.091 0.036 0.011 0.849 0.013 
 47  BAFF336    (0)   12 :  0.016 0.119 0.130 0.705 0.030 
 48  BAFF447    (0)    7 :  0.010 0.554 0.048 0.017 0.372 
 49  BAFF457    (0)    7 :  0.035 0.471 0.028 0.010 0.456 
 50  BAFF448    (0)    7 :  0.087 0.284 0.560 0.012 0.057 
 51  BAFF465    (0)    7 :  0.020 0.049 0.892 0.017 0.023 
 52  BAFF194    (0)    8 :  0.031 0.038 0.038 0.013 0.880 
 53  BAFF199    (0)    8 :  0.026 0.625 0.055 0.036 0.258 
 54  BAFF500    (0)    6 :  0.515 0.086 0.056 0.110 0.234 
 55  BAFF206    (0)    8 :  0.081 0.546 0.058 0.170 0.144 
 56  BAFF069    (0)   12 :  0.011 0.017 0.017 0.935 0.019 
 57  BAFF330    (0)   12 :  0.021 0.057 0.854 0.034 0.034 
 58  BAFF239    (0)   10 :  0.040 0.151 0.021 0.775 0.013 
 59  BAFF241    (0)   10 :  0.051 0.032 0.009 0.895 0.013 
 60  BAFF157    (0)   11 :  0.008 0.012 0.949 0.013 0.019 
 61  BAFF161    (0)   11 :  0.006 0.009 0.967 0.009 0.009 
 62  BAFF160    (0)   11 :  0.007 0.010 0.965 0.009 0.010 
 63  BAFF008    (0)   12 :  0.088 0.200 0.446 0.224 0.041 
 64  BAFF013    (0)   12 :  0.021 0.154 0.717 0.029 0.079 
 65  BAFF407    (0)   12 :  0.012 0.015 0.015 0.947 0.012 
 66  BAFF503    (0)    6 :  0.008 0.014 0.480 0.484 0.015 
 67  BAFF449    (0)    7 :  0.021 0.564 0.137 0.235 0.044 
 68  BAFF207    (0)    8 :  0.022 0.033 0.010 0.630 0.305 
 69  BAFF070    (0)   12 :  0.010 0.017 0.010 0.947 0.016 
 70  BAFF335    (0)   12 :  0.014 0.586 0.033 0.354 0.013 
 71  BAFF507    (0)    6 :  0.041 0.026 0.016 0.009 0.908 
 72  BAFF450    (0)    7 :  0.312 0.183 0.163 0.055 0.287 
 73  BAFF209    (7)    8 :  0.054 0.122 0.292 0.045 0.488 
 74  BAFF072    (0)   12 :  0.011 0.567 0.192 0.215 0.014 
 75  BAFF339    (0)   12 :  0.020 0.175 0.019 0.410 0.375 
 76  BAFF508    (0)    6 :  0.119 0.202 0.640 0.019 0.020 
 77  BAFF451    (0)    7 :  0.012 0.533 0.054 0.027 0.373 
 78  BAFF210    (0)    8 :  0.137 0.045 0.029 0.535 0.255 
 79  BAFF139    (0)   12 :  0.060 0.457 0.079 0.018 0.385 
 80  BAFF341    (0)   12 :  0.032 0.603 0.151 0.055 0.159 
 81  BAFF509    (0)    6 :  0.065 0.171 0.178 0.108 0.479 
 82  BAFF453    (0)    7 :  0.012 0.091 0.051 0.140 0.707 
 83  BAFF389    (0)    8 :  0.066 0.023 0.039 0.010 0.861 
 84  BAFF163    (0)   12 :  0.005 0.006 0.035 0.942 0.012 
 85  BAFF344    (7)   12 :  0.010 0.286 0.038 0.606 0.059 
 86  BAFF510    (0)    6 :  0.013 0.129 0.294 0.075 0.488 
 87  BAFF456    (0)    7 :  0.022 0.382 0.012 0.038 0.546 
 88  BAFF390    (0)    8 :  0.007 0.007 0.009 0.007 0.970 
 89  BAFF142    (0)   12 :  0.370 0.471 0.014 0.133 0.012 
 90  BAFF363    (7)   12 :  0.008 0.014 0.016 0.953 0.009 
 91  BAFF517    (0)    6 :  0.009 0.158 0.015 0.033 0.785 
 92  BAFF458    (0)    7 :  0.175 0.358 0.231 0.089 0.147 
 93  BAFF391    (0)    8 :  0.235 0.315 0.016 0.409 0.026 
 94  BAFF149    (0)   12 :  0.015 0.699 0.015 0.228 0.043 
 95  BAFF366    (7)   12 :  0.012 0.738 0.011 0.105 0.134 
 96  BAFF512    (0)    6 :  0.262 0.204 0.295 0.047 0.192 
 97  BAFF460    (0)    7 :  0.017 0.887 0.017 0.035 0.044 
 98  BAFF138    (0)   12 :  0.032 0.575 0.012 0.360 0.022 
 99  BAFF374    (0)   12 :  0.048 0.017 0.290 0.596 0.048 
100  BAFF015    (0)    1 :  0.956 0.011 0.009 0.014 0.010 
101  BAFF380    (0)    2 :  0.019 0.036 0.850 0.055 0.040 
102  BAFF216    (0)    3 :  0.067 0.074 0.133 0.038 0.688 
103  BAFF017    (0)    4 :  0.027 0.010 0.007 0.022 0.934 
104  BAFF245    (0)    4 :  0.223 0.444 0.075 0.058 0.200 
105  BAFF378    (7)   13 :  0.392 0.369 0.071 0.015 0.153 
106  BAFF023    (0)    5 :  0.066 0.621 0.077 0.060 0.176 
107  BAFF079    (0)    6 :  0.038 0.131 0.127 0.059 0.645 
108  BAFF435    (0)    6 :  0.016 0.639 0.098 0.043 0.204 
109  BAFF174    (7)    7 :  0.009 0.029 0.068 0.045 0.848 
110  BAFF226    (0)    7 :  0.022 0.623 0.022 0.012 0.321 
111  BAFF190    (0)    8 :  0.026 0.198 0.582 0.163 0.030 
112  BAFF243    (0)    9 :  0.044 0.217 0.046 0.009 0.685 
113  BAFF177    (0)   10 :  0.028 0.118 0.234 0.029 0.590 
114  BAFF364    (7)   11 :  0.014 0.067 0.878 0.017 0.024 
115  BAFF305    (0)   12 :  0.042 0.526 0.031 0.347 0.053 
116  BAFF513    (0)    6 :  0.131 0.043 0.655 0.033 0.138 
117  BAFF462    (0)    7 :  0.727 0.035 0.112 0.101 0.025 
118  BAFF143    (0)   12 :  0.009 0.500 0.069 0.306 0.116 
119  BAFF403    (0)   12 :  0.008 0.009 0.010 0.965 0.009 
120  BAFF514    (0)    6 :  0.015 0.041 0.106 0.768 0.070 
121  BAFF463    (0)    7 :  0.010 0.010 0.966 0.006 0.009 
122  BAFF137    (0)   12 :  0.013 0.767 0.035 0.157 0.028 
123  BAFF404    (0)   12 :  0.015 0.011 0.015 0.949 0.011 
124  BAFF515    (0)    6 :  0.025 0.178 0.476 0.090 0.231 
125  BAFF144    (0)   12 :  0.016 0.065 0.824 0.077 0.019 
126  BAFF405    (7)   12 :  0.045 0.357 0.264 0.294 0.039 
127  BAFF518    (0)    6 :  0.016 0.305 0.014 0.631 0.034 
128  BAFF467    (0)    7 :  0.055 0.352 0.129 0.052 0.412 
129  BAFF145    (0)   12 :  0.075 0.464 0.402 0.026 0.034 
130  BAFF406    (0)   12 :  0.008 0.079 0.345 0.530 0.038 
131  BAFF519    (0)    6 :  0.018 0.193 0.056 0.021 0.713 
132  BAFF471    (0)    7 :  0.101 0.456 0.227 0.082 0.133 
133  BAFF136    (0)   12 :  0.006 0.045 0.019 0.895 0.034 
134  BAFF520    (7)    6 :  0.090 0.205 0.131 0.150 0.424 
135  BAFF472    (0)    7 :  0.066 0.147 0.567 0.064 0.154 
136  BAFF165    (0)   12 :  0.045 0.722 0.011 0.149 0.074 
137  BAFF408    (0)   12 :  0.054 0.636 0.049 0.237 0.023 
138  BAFF522    (0)    6 :  0.042 0.049 0.752 0.097 0.060 
139  BAFF475    (0)    7 :  0.011 0.135 0.020 0.054 0.781 
140  BAFF140    (0)   12 :  0.027 0.270 0.270 0.248 0.185 
141  BAFF409    (0)   12 :  0.123 0.014 0.033 0.815 0.014 
142  BAFF523    (0)    6 :  0.017 0.034 0.906 0.011 0.032 
143  BAFF476    (0)    7 :  0.013 0.182 0.127 0.030 0.648 
144  BAFF147    (0)   12 :  0.018 0.426 0.025 0.501 0.030 
145  BAFF410    (0)   12 :  0.016 0.070 0.010 0.840 0.063 
146  BAFF477    (0)    7 :  0.128 0.689 0.021 0.009 0.152 
147  BAFF411    (0)   12 :  0.714 0.100 0.046 0.111 0.029 
148  BAFF486    (7)    7 :  0.011 0.721 0.016 0.009 0.243 
149  BAFF412    (7)   12 :  0.089 0.039 0.068 0.767 0.037 
150  BAFF258    (0)    1 :  0.271 0.031 0.654 0.021 0.023 
151  BAFF392    (0)    2 :  0.006 0.007 0.952 0.008 0.027 
152  BAFF217    (0)    3 :  0.021 0.142 0.026 0.021 0.790 
153  BAFF016    (0)    4 :  0.006 0.025 0.019 0.045 0.906 
154  BAFF246    (0)    4 :  0.010 0.025 0.026 0.026 0.913 
155  BAFF381    (0)   13 :  0.013 0.855 0.021 0.045 0.066 
156  BAFF078    (0)    6 :  0.008 0.368 0.386 0.226 0.012 
157  BAFF481    (0)    6 :  0.047 0.590 0.064 0.088 0.211 
158  BAFF436    (0)    7 :  0.136 0.058 0.394 0.125 0.287 
159  BAFF191    (0)    8 :  0.012 0.040 0.043 0.018 0.887 
160  BAFF382    (0)    9 :  0.010 0.566 0.199 0.134 0.091 
161  BAFF178    (0)   10 :  0.014 0.042 0.111 0.209 0.624 
162  BAFF159    (7)   11 :  0.034 0.235 0.019 0.046 0.667 
163  BAFF365    (7)   11 :  0.167 0.666 0.021 0.026 0.119 
164  BAFF007    (0)   12 :  0.106 0.554 0.139 0.053 0.147 
165  BAFF304    (7)   12 :  0.014 0.710 0.035 0.218 0.022 
166  BAFF487    (0)    7 :  0.061 0.096 0.690 0.047 0.106 
167  BAFF415    (0)   12 :  0.073 0.167 0.033 0.696 0.032 
168  BAFF488    (0)    7 :  0.792 0.086 0.017 0.016 0.089 
169  BAFF417    (0)   12 :  0.017 0.323 0.028 0.610 0.023 
170  BAFF489    (0)    7 :  0.010 0.768 0.120 0.047 0.056 
171  BAFF426    (0)   12 :  0.024 0.027 0.013 0.921 0.015 
172  BAFF490    (7)    7 :  0.033 0.228 0.278 0.018 0.443 
173  BAFF491    (0)    7 :  0.054 0.250 0.636 0.009 0.051 
174  BAFF492    (0)    7 :  0.014 0.612 0.048 0.038 0.288 
175  BAFF493    (0)    7 :  0.707 0.080 0.133 0.037 0.043 
176  BAFF506    (0)    7 :  0.503 0.111 0.258 0.040 0.088 
177  BAFF393    (0)    2 :  0.046 0.505 0.281 0.020 0.147 
178  BAFF218    (0)    3 :  0.106 0.201 0.117 0.030 0.547 
179  BAFF254    (0)    4 :  0.061 0.374 0.522 0.028 0.016 
180  BAFF385    (0)   13 :  0.121 0.247 0.318 0.269 0.046 
181  BAFF076    (0)    6 :  0.012 0.008 0.959 0.012 0.009 
182  BAFF482    (0)    6 :  0.014 0.591 0.130 0.161 0.105 
183  BAFF437    (0)    7 :  0.039 0.828 0.019 0.033 0.081 
184  BAFF192    (0)    8 :  0.024 0.154 0.620 0.035 0.167 
185  BAFF383    (0)    9 :  0.912 0.048 0.015 0.016 0.010 
186  BAFF180    (0)   10 :  0.010 0.029 0.057 0.178 0.727 
187  BAFF048    (7)   12 :  0.087 0.031 0.831 0.020 0.032 
188  BAFF306    (0)   12 :  0.013 0.630 0.083 0.183 0.092 
189  BAFF394    (0)    2 :  0.039 0.115 0.048 0.042 0.756 
190  BAFF219    (0)    3 :  0.010 0.576 0.021 0.018 0.374 
191  BAFF388    (0)    4 :  0.326 0.023 0.104 0.477 0.071 
192  BAFF386    (7)   13 :  0.026 0.058 0.860 0.027 0.029 
193  BAFF084    (0)    6 :  0.021 0.183 0.719 0.013 0.065 
194  BAFF483    (0)    6 :  0.045 0.309 0.051 0.290 0.305 
195  BAFF438   (15)    7 :  0.020 0.686 0.133 0.107 0.054 
196  BAFF193    (0)    8 :  0.642 0.172 0.106 0.025 0.055 
197  BAFF183    (0)   10 :  0.255 0.102 0.066 0.154 0.423 
198  BAFF153    (0)   12 :  0.009 0.640 0.019 0.320 0.012 
199  BAFF307    (0)   12 :  0.016 0.596 0.269 0.077 0.043 
200  BAFF397    (0)    2 :  0.010 0.824 0.009 0.013 0.144 
201  BAFF220    (0)    3 :  0.014 0.018 0.935 0.018 0.015 
202  BAFF095    (0)    6 :  0.118 0.054 0.615 0.090 0.122 
203  BAFF494    (0)    6 :  0.009 0.078 0.816 0.026 0.072 
204  BAFF439    (0)    7 :  0.014 0.495 0.013 0.331 0.147 
205  BAFF182    (0)   10 :  0.034 0.058 0.527 0.313 0.068 
206  BAFF054    (0)   12 :  0.008 0.011 0.009 0.965 0.007 
207  BAFF308    (0)   12 :  0.019 0.852 0.024 0.092 0.014 
208  BAFF266    (0)    1 :  0.382 0.272 0.156 0.061 0.129 
209  BAFF398    (7)    2 :  0.174 0.016 0.792 0.009 0.010 
210  BAFF221    (0)    3 :  0.513 0.030 0.271 0.174 0.013 
211  BAFF090    (0)    6 :  0.055 0.128 0.202 0.581 0.034 
212  BAFF495    (0)    6 :  0.009 0.015 0.008 0.010 0.958 
213  BAFF459    (0)    7 :  0.009 0.075 0.034 0.015 0.867 
214  BAFF197    (0)    8 :  0.019 0.649 0.016 0.142 0.174 
215  BAFF188    (0)   10 :  0.028 0.619 0.030 0.293 0.031 
216  BAFF051    (0)   12 :  0.055 0.242 0.069 0.522 0.111 
217  BAFF309    (0)   12 :  0.022 0.457 0.394 0.020 0.108 
218  BAFF269    (0)    1 :  0.168 0.473 0.026 0.020 0.313 
219  BAFF077    (0)    6 :  0.011 0.014 0.008 0.011 0.955 
220  BAFF496    (0)    6 :  0.016 0.027 0.009 0.011 0.937 
221  BAFF443    (0)    7 :  0.141 0.519 0.080 0.168 0.092 
222  BAFF198    (0)    8 :  0.020 0.071 0.187 0.098 0.624 
223  BAFF053    (0)   12 :  0.027 0.731 0.014 0.189 0.038 
224  BAFF310    (0)   12 :  0.027 0.095 0.027 0.801 0.049 
225  BAFF282    (0)    1 :  0.899 0.026 0.029 0.018 0.028 
226  BAFF497    (0)    6 :  0.014 0.149 0.018 0.014 0.805 
227  BAFF466    (0)    7 :  0.024 0.348 0.420 0.091 0.117 
228  BAFF200    (7)    8 :  0.026 0.181 0.502 0.120 0.171 
229  BAFF240    (0)   10 :  0.014 0.113 0.824 0.013 0.035 
230  BAFF055    (0)   12 :  0.020 0.065 0.016 0.887 0.013 
231  BAFF311    (7)   12 :  0.041 0.036 0.871 0.010 0.043 


Estimated Allele Frequencies in each cluster
First column gives estimated ancestral frequencies


Locus 1 : btern01 
9 alleles
0.0% missing data
   1   (0.139) 0.114 0.152 0.125 0.062 0.202 
   2   (0.016) 0.029 0.005 0.004 0.003 0.005 
   3   (0.161) 0.077 0.217 0.131 0.127 0.208 
   4   (0.214) 0.217 0.218 0.215 0.171 0.209 
   5   (0.303) 0.405 0.334 0.253 0.334 0.220 
   6   (0.068) 0.038 0.039 0.020 0.269 0.077 
   7   (0.051) 0.086 0.016 0.195 0.025 0.015 
   8   (0.016) 0.028 0.006 0.003 0.003 0.006 
   9   (0.032) 0.007 0.012 0.055 0.007 0.060 

Locus 2 : bt28 
5 alleles
0.0% missing data
   1   (0.670) 0.745 0.700 0.633 0.702 0.678 
   2   (0.148) 0.172 0.135 0.099 0.117 0.165 
   3   (0.143) 0.060 0.142 0.259 0.174 0.092 
   4   (0.027) 0.011 0.021 0.006 0.005 0.062 
   5   (0.011) 0.013 0.003 0.002 0.002 0.002 

Locus 3 : b96 
8 alleles
0.9% missing data
   1   (0.324) 0.347 0.407 0.253 0.354 0.307 
   2   (0.484) 0.483 0.452 0.580 0.477 0.610 
   3   (0.043) 0.013 0.042 0.056 0.049 0.016 
   4   (0.017) 0.007 0.005 0.032 0.003 0.004 
   5   (0.050) 0.024 0.035 0.035 0.044 0.029 
   6   (0.027) 0.070 0.008 0.029 0.008 0.005 
   7   (0.040) 0.051 0.047 0.012 0.015 0.027 
   8   (0.014) 0.004 0.003 0.003 0.051 0.003 

Locus 4 : bt30 
12 alleles
0.9% missing data
   1   (0.114) 0.242 0.087 0.134 0.116 0.057 
   2   (0.274) 0.291 0.326 0.258 0.295 0.304 
   3   (0.073) 0.027 0.128 0.058 0.027 0.122 
   4   (0.179) 0.134 0.174 0.231 0.220 0.195 
   5   (0.014) 0.004 0.006 0.007 0.004 0.008 
   6   (0.101) 0.093 0.065 0.133 0.056 0.154 
   7   (0.032) 0.021 0.034 0.009 0.030 0.013 
   8   (0.053) 0.040 0.052 0.031 0.058 0.018 
   9   (0.120) 0.092 0.101 0.130 0.179 0.113 
  10   (0.013) 0.050 0.003 0.002 0.002 0.002 
  11   (0.017) 0.004 0.022 0.005 0.010 0.006 
  12   (0.011) 0.002 0.003 0.002 0.002 0.008 

Locus 5 : btms0081 
3 alleles
0.9% missing data
   1   (0.502) 0.588 0.481 0.648 0.334 0.482 
   2   (0.351) 0.241 0.382 0.297 0.455 0.357 
   3   (0.146) 0.170 0.137 0.055 0.210 0.160 

Locus 6 : btms0066 
24 alleles
0.0% missing data
   1   (0.263) 0.393 0.307 0.273 0.364 0.196 
   2   (0.015) 0.055 0.004 0.003 0.003 0.005 
   3   (0.032) 0.007 0.075 0.023 0.029 0.010 
   4   (0.148) 0.081 0.142 0.150 0.148 0.344 
   5   (0.093) 0.043 0.192 0.039 0.103 0.106 
   6   (0.055) 0.015 0.043 0.135 0.034 0.062 
   7   (0.019) 0.015 0.005 0.037 0.003 0.003 
   8   (0.054) 0.067 0.035 0.021 0.030 0.078 
   9   (0.026) 0.005 0.022 0.105 0.012 0.005 
  10   (0.029) 0.120 0.015 0.021 0.005 0.013 
  11   (0.019) 0.117 0.005 0.006 0.010 0.005 
  12   (0.036) 0.010 0.038 0.007 0.016 0.099 
  13   (0.026) 0.007 0.020 0.026 0.015 0.006 
  14   (0.021) 0.005 0.005 0.030 0.032 0.004 
  15   (0.017) 0.006 0.028 0.003 0.003 0.018 
  16   (0.027) 0.007 0.009 0.052 0.063 0.006 
  17   (0.025) 0.016 0.016 0.010 0.051 0.005 
  18   (0.012) 0.002 0.002 0.002 0.022 0.002 
  19   (0.014) 0.003 0.017 0.003 0.010 0.003 
  20   (0.022) 0.009 0.006 0.012 0.017 0.021 
  21   (0.015) 0.005 0.003 0.026 0.003 0.003 
  22   (0.010) 0.002 0.002 0.010 0.002 0.002 
  23   (0.012) 0.002 0.003 0.002 0.022 0.002 
  24   (0.009) 0.006 0.004 0.003 0.002 0.002 

Locus 7 : btms0083 
31 alleles
3.0% missing data
   1   (0.015) 0.168 0.003 0.004 0.003 0.003 
   2   (0.023) 0.087 0.022 0.008 0.006 0.004 
   3   (0.025) 0.006 0.017 0.087 0.010 0.010 
   4   (0.041) 0.052 0.039 0.045 0.014 0.016 
   5   (0.201) 0.221 0.233 0.264 0.270 0.179 
   6   (0.021) 0.011 0.010 0.025 0.007 0.012 
   7   (0.062) 0.026 0.100 0.027 0.145 0.051 
   8   (0.034) 0.019 0.102 0.009 0.028 0.015 
   9   (0.032) 0.008 0.032 0.031 0.010 0.048 
  10   (0.033) 0.013 0.015 0.033 0.048 0.033 
  11   (0.056) 0.018 0.070 0.140 0.012 0.111 
  12   (0.016) 0.037 0.004 0.004 0.003 0.009 
  13   (0.046) 0.011 0.052 0.018 0.071 0.091 
  14   (0.032) 0.010 0.076 0.014 0.007 0.070 
  15   (0.025) 0.022 0.010 0.012 0.009 0.052 
  16   (0.024) 0.035 0.009 0.070 0.005 0.009 
  17   (0.034) 0.071 0.016 0.009 0.007 0.134 
  18   (0.052) 0.052 0.037 0.040 0.094 0.026 
  19   (0.023) 0.014 0.010 0.005 0.078 0.005 
  20   (0.026) 0.006 0.037 0.007 0.070 0.009 
  21   (0.013) 0.026 0.003 0.002 0.002 0.002 
  22   (0.014) 0.024 0.003 0.003 0.003 0.003 
  23   (0.016) 0.018 0.010 0.004 0.003 0.008 
  24   (0.011) 0.003 0.003 0.002 0.010 0.002 
  25   (0.028) 0.007 0.036 0.066 0.011 0.007 
  26   (0.014) 0.003 0.005 0.004 0.003 0.050 
  27   (0.026) 0.006 0.023 0.018 0.034 0.024 
  28   (0.018) 0.008 0.008 0.035 0.004 0.006 
  29   (0.015) 0.008 0.006 0.009 0.003 0.004 
  30   (0.015) 0.003 0.005 0.003 0.029 0.003 
  31   (0.010) 0.004 0.005 0.002 0.002 0.004 

Locus 8 : b126 
16 alleles
0.0% missing data
   1   (0.044) 0.038 0.028 0.039 0.015 0.034 
   2   (0.049) 0.108 0.052 0.016 0.009 0.055 
   3   (0.316) 0.247 0.388 0.369 0.383 0.356 
   4   (0.030) 0.013 0.020 0.014 0.007 0.057 
   5   (0.078) 0.052 0.065 0.091 0.070 0.087 
   6   (0.061) 0.020 0.125 0.018 0.145 0.044 
   7   (0.094) 0.023 0.091 0.184 0.161 0.094 
   8   (0.030) 0.009 0.012 0.008 0.054 0.036 
   9   (0.013) 0.003 0.003 0.027 0.002 0.003 
  10   (0.043) 0.028 0.015 0.077 0.036 0.029 
  11   (0.094) 0.331 0.094 0.066 0.038 0.069 
  12   (0.030) 0.029 0.030 0.008 0.024 0.008 
  13   (0.069) 0.089 0.046 0.054 0.040 0.072 
  14   (0.017) 0.004 0.007 0.004 0.005 0.046 
  15   (0.014) 0.003 0.018 0.004 0.007 0.003 
  16   (0.017) 0.003 0.007 0.020 0.003 0.006 

Locus 9 : btms0062 
34 alleles
0.0% missing data
   1   (0.029) 0.077 0.011 0.057 0.010 0.010 
   2   (0.051) 0.095 0.029 0.023 0.019 0.140 
   3   (0.078) 0.103 0.165 0.051 0.090 0.054 
   4   (0.097) 0.067 0.091 0.202 0.175 0.087 
   5   (0.049) 0.030 0.122 0.088 0.018 0.026 
   6   (0.026) 0.009 0.029 0.016 0.008 0.025 
   7   (0.012) 0.003 0.014 0.003 0.002 0.003 
   8   (0.020) 0.006 0.057 0.004 0.005 0.020 
   9   (0.038) 0.019 0.023 0.032 0.021 0.102 
  10   (0.054) 0.049 0.046 0.047 0.052 0.058 
  11   (0.067) 0.026 0.056 0.175 0.053 0.067 
  12   (0.044) 0.012 0.023 0.044 0.042 0.152 
  13   (0.052) 0.035 0.042 0.078 0.030 0.033 
  14   (0.045) 0.017 0.036 0.014 0.201 0.038 
  15   (0.018) 0.004 0.057 0.004 0.019 0.006 
  16   (0.019) 0.005 0.013 0.021 0.017 0.004 
  17   (0.016) 0.123 0.004 0.008 0.003 0.004 
  18   (0.012) 0.003 0.004 0.022 0.002 0.005 
  19   (0.044) 0.072 0.025 0.011 0.068 0.050 
  20   (0.011) 0.026 0.002 0.002 0.002 0.002 
  21   (0.034) 0.050 0.022 0.022 0.007 0.031 
  22   (0.020) 0.078 0.015 0.004 0.005 0.004 
  23   (0.011) 0.023 0.003 0.002 0.002 0.002 
  24   (0.020) 0.005 0.019 0.004 0.008 0.029 
  25   (0.011) 0.015 0.005 0.003 0.002 0.004 
  26   (0.030) 0.023 0.018 0.021 0.068 0.020 
  27   (0.019) 0.004 0.024 0.018 0.015 0.004 
  28   (0.011) 0.002 0.011 0.002 0.008 0.002 
  29   (0.013) 0.008 0.005 0.009 0.003 0.004 
  30   (0.011) 0.002 0.002 0.002 0.022 0.002 
  31   (0.011) 0.002 0.016 0.002 0.002 0.002 
  32   (0.009) 0.002 0.003 0.007 0.002 0.003 
  33   (0.011) 0.004 0.006 0.002 0.002 0.004 
  34   (0.009) 0.002 0.003 0.002 0.019 0.002 

Locus 10 : btern02 
25 alleles
4.8% missing data
   1   (0.098) 0.119 0.078 0.120 0.098 0.164 
   2   (0.009) 0.013 0.002 0.002 0.001 0.002 
   3   (0.077) 0.031 0.132 0.088 0.036 0.122 
   4   (0.056) 0.021 0.036 0.088 0.081 0.067 
   5   (0.027) 0.016 0.026 0.032 0.008 0.012 
   6   (0.050) 0.039 0.061 0.083 0.029 0.029 
   7   (0.029) 0.006 0.026 0.010 0.106 0.015 
   8   (0.037) 0.084 0.037 0.020 0.010 0.021 
   9   (0.075) 0.085 0.113 0.084 0.092 0.025 
  10   (0.031) 0.009 0.057 0.013 0.008 0.071 
  11   (0.056) 0.025 0.094 0.017 0.068 0.079 
  12   (0.035) 0.112 0.019 0.019 0.008 0.042 
  13   (0.050) 0.049 0.029 0.045 0.045 0.050 
  14   (0.051) 0.133 0.019 0.024 0.107 0.048 
  15   (0.014) 0.003 0.003 0.058 0.002 0.002 
  16   (0.046) 0.059 0.044 0.014 0.041 0.045 
  17   (0.027) 0.009 0.014 0.046 0.036 0.015 
  18   (0.039) 0.014 0.021 0.012 0.133 0.088 
  19   (0.037) 0.008 0.065 0.074 0.021 0.018 
  20   (0.043) 0.061 0.039 0.050 0.010 0.029 
  21   (0.024) 0.047 0.023 0.006 0.009 0.007 
  22   (0.014) 0.018 0.005 0.003 0.006 0.003 
  23   (0.032) 0.026 0.030 0.026 0.007 0.029 
  24   (0.031) 0.008 0.021 0.058 0.035 0.007 
  25   (0.013) 0.004 0.005 0.009 0.005 0.008 

Locus 11 : btms0086 
3 alleles
0.0% missing data
   1   (0.831) 0.781 0.872 0.841 0.916 0.831 
   2   (0.146) 0.197 0.106 0.154 0.072 0.165 
   3   (0.023) 0.022 0.022 0.004 0.012 0.004 

Locus 12 : bl13 
3 alleles
0.0% missing data
   1   (0.072) 0.183 0.030 0.025 0.243 0.028 
   2   (0.829) 0.795 0.872 0.813 0.690 0.873 
   3   (0.100) 0.022 0.098 0.162 0.067 0.099 

Locus 13 : btms0059 
9 alleles
0.0% missing data
   1   (0.341) 0.368 0.425 0.375 0.348 0.268 
   2   (0.108) 0.130 0.088 0.099 0.023 0.258 
   3   (0.062) 0.100 0.047 0.021 0.097 0.034 
   4   (0.059) 0.043 0.045 0.053 0.028 0.040 
   5   (0.077) 0.040 0.118 0.047 0.046 0.069 
   6   (0.302) 0.300 0.246 0.385 0.448 0.284 
   7   (0.015) 0.004 0.005 0.003 0.003 0.033 
   8   (0.024) 0.009 0.024 0.015 0.005 0.009 
   9   (0.011) 0.005 0.003 0.002 0.003 0.005 

Values of parameters used in structure:
DATAFILE=/Users/johnmola/Desktop/rpbbfeb27/rpbbstructure/project_data,	OUTFILE=/Users/johnmola/Desktop/rpbbfeb27/rpbbstructure/rpbb20k100k/Results/rpbb20k100k_run_48,	NUMINDS=231,	NUMLOCI=13,	MISSING=-9,	LABEL=1,	POPDATA=1,	POPFLAG=0,	PHENOTYPE=0,	EXTRACOLS=0,	MAXPOPS=5,	BURNIN=20000,	NUMREPS=100000,	USEPOPINFO=0,	INFERALPHA=1,	INFERLAMBDA=0,	POPSPECIFICLAMBDA=0,	POPALPHAS=0,	COMPUTEPROB=1,	NOADMIX=0,	ADMBURNIN=2500,	UPDATEFREQ=1,	PRINTLIKES=0,	INTERMEDSAVE=0,	PRINTKLD=0,	PRINTNET=0,	PRINTLAMBDA=0,	ANCESTDIST=0,	NUMBOXES=1000,	ANCESTPINT=0.90000,	GENSBACK=2,	MIGRPRIOR=0.05000,	PRINTQHAT=0,	PRINTQSUM=0,	ALPHA=1.0000,	FREQSCORR=1,	FPRIORMEAN=0.0100,	FPRIORSD=0.0500,	ONEFST=0,	LAMBDA=1.0000,	UNIFPRIORALPHA=1,	ALPHAMAX=10.0000,	ALPHAPRIORA=1.0000,	ALPHAPRIORB=2.0000,	ALPHAPROPSD=0.0250,	STARTATPOPINFO=0,	RANDOMIZE=1,	LINKAGE=0,	METROFREQ=10,	REPORTHITRATE=0,	MARKOVPHASE=-1,	PHASED=0,	PLOIDY=2,	PHASEINFO=0	LOCPRIOR=0, 	LOCPRIORINIT=1.000000, 	LOCDATA=0, 	LOCISPOP=0, 	LOCPRIORSTEP=0.100000, 	MAXLOCPRIOR=20.000000, 	SEED=1677519855,	
[STRAT parameters]:    NUMSIMSTATS=1000,	PHENOTYPECOL=-9,	POOLFREQ=10,	LOCUSxONLY=0,	EMERROR=0.00100,	MISSINGPHENO=-9,	