

----------------------------------------------------
STRUCTURE by Pritchard, Stephens and Donnelly (2000)
     and Falush, Stephens and Pritchard (2003)
       Code by Pritchard, Falush and Hubisz
             Version 2.3.4 (Jul 2012)
----------------------------------------------------



Command line arguments:   bin/structure -m "/Users/johnmola/Desktop/rpbbfeb27/rpbbstructure/rpbb20k100k/mainparams" -e "/Users/johnmola/Desktop/rpbbfeb27/rpbbstructure/rpbb20k100k/extraparams" 
Input File:    /Users/johnmola/Desktop/rpbbfeb27/rpbbstructure/project_data

Run parameters:
   231 individuals
   13 loci
   9 populations assumed
   20000 Burn-in period
   100000 Reps


--------------------------------------------
Proportion of membership of each pre-defined
 population in each of the 9 clusters

Given    Inferred Clusters                                                 Number of
 Pop       1      2      3      4      5      6      7      8      9      Individuals

  1:     0.713  0.038  0.013  0.023  0.064  0.013  0.049  0.033  0.052       21
  2:     0.018  0.099  0.015  0.237  0.043  0.095  0.150  0.177  0.167        7
  3:     0.059  0.059  0.024  0.180  0.153  0.106  0.118  0.124  0.178        7
  4:     0.053  0.129  0.057  0.055  0.113  0.049  0.252  0.199  0.093        8
  5:     0.043  0.297  0.023  0.068  0.055  0.010  0.212  0.152  0.140        4
  6:     0.031  0.060  0.080  0.196  0.114  0.044  0.163  0.142  0.170       35
  7:     0.055  0.089  0.030  0.154  0.085  0.029  0.151  0.221  0.186       40
  8:     0.042  0.101  0.092  0.141  0.181  0.072  0.106  0.129  0.136       19
  9:     0.235  0.073  0.028  0.046  0.184  0.047  0.138  0.161  0.088        4
 10:     0.019  0.130  0.186  0.223  0.078  0.141  0.049  0.045  0.130       11
 11:     0.132  0.054  0.012  0.017  0.018  0.533  0.125  0.069  0.039        8
 12:     0.032  0.280  0.301  0.079  0.033  0.042  0.065  0.094  0.074       60
 13:     0.035  0.064  0.018  0.083  0.406  0.017  0.050  0.134  0.192        7
--------------------------------------------

Allele-freq. divergence among pops (Net nucleotide distance),
computed using point estimates of P.

      1       2       3       4       5       6       7       8       9      
 1      -    0.0360  0.0475  0.0424  0.0595  0.0815  0.0339  0.0316  0.0328  
 2   0.0360     -    0.0334  0.0377  0.0441  0.0595  0.0198  0.0136  0.0201  
 3   0.0475  0.0334     -    0.0476  0.0497  0.0757  0.0377  0.0332  0.0346  
 4   0.0424  0.0377  0.0476     -    0.0506  0.0696  0.0287  0.0273  0.0257  
 5   0.0595  0.0441  0.0497  0.0506     -    0.0797  0.0320  0.0310  0.0325  
 6   0.0815  0.0595  0.0757  0.0696  0.0797     -    0.0509  0.0544  0.0556  
 7   0.0339  0.0198  0.0377  0.0287  0.0320  0.0509     -    0.0082  0.0133  
 8   0.0316  0.0136  0.0332  0.0273  0.0310  0.0544  0.0082     -    0.0072  
 9   0.0328  0.0201  0.0346  0.0257  0.0325  0.0556  0.0133  0.0072     -    

Average distances (expected heterozygosity) between individuals in same cluster:
cluster  1  : 0.6838 
cluster  2  : 0.6761 
cluster  3  : 0.6743 
cluster  4  : 0.6841 
cluster  5  : 0.6367 
cluster  6  : 0.6076 
cluster  7  : 0.6876 
cluster  8  : 0.6770 
cluster  9  : 0.6741 

--------------------------------------------
Estimated Ln Prob of Data   = -10101.9
Mean value of ln likelihood = -9217.3
Variance of ln likelihood   = 1769.3
Mean value of alpha         = 0.0516

Mean value of Fst_1         = 0.0991
Mean value of Fst_2         = 0.0614
Mean value of Fst_3         = 0.1044
Mean value of Fst_4         = 0.0921
Mean value of Fst_5         = 0.1342
Mean value of Fst_6         = 0.2410
Mean value of Fst_7         = 0.0755
Mean value of Fst_8         = 0.0777
Mean value of Fst_9         = 0.0775


Inferred ancestry of individuals:
        Label (%Miss) Pop:  Inferred clusters
  1  BAFF014    (0)    1 :  0.873 0.010 0.005 0.011 0.016 0.007 0.021 0.012 0.044 
  2  BAFF379    (0)    2 :  0.013 0.269 0.012 0.061 0.054 0.046 0.227 0.207 0.112 
  3  BAFF212    (0)    3 :  0.021 0.037 0.054 0.181 0.064 0.010 0.115 0.187 0.331 
  4  BAFF018    (0)    4 :  0.008 0.218 0.019 0.019 0.008 0.038 0.125 0.435 0.130 
  5  BAFF247    (0)    4 :  0.008 0.238 0.013 0.048 0.011 0.008 0.131 0.436 0.107 
  6  BAFF024    (0)    5 :  0.020 0.035 0.044 0.163 0.099 0.010 0.491 0.116 0.023 
  7  BAFF088    (0)    6 :  0.010 0.034 0.028 0.759 0.017 0.020 0.032 0.047 0.052 
  8  BAFF429    (0)    6 :  0.012 0.106 0.009 0.046 0.125 0.024 0.065 0.097 0.516 
  9  BAFF087    (7)    7 :  0.006 0.006 0.006 0.950 0.006 0.006 0.006 0.007 0.007 
 10  BAFF225    (0)    7 :  0.038 0.024 0.015 0.394 0.144 0.008 0.101 0.200 0.077 
 11  BAFF195    (0)    8 :  0.036 0.123 0.014 0.094 0.053 0.374 0.129 0.092 0.085 
 12  BAFF238    (0)    9 :  0.094 0.037 0.031 0.036 0.476 0.019 0.137 0.078 0.092 
 13  BAFF019    (0)   10 :  0.028 0.022 0.684 0.036 0.009 0.023 0.020 0.020 0.158 
 14  BAFF175    (0)   10 :  0.010 0.331 0.057 0.175 0.146 0.071 0.067 0.049 0.094 
 15  BAFF156    (0)   11 :  0.004 0.007 0.006 0.006 0.005 0.955 0.005 0.006 0.006 
 16  BAFF301    (0)   11 :  0.819 0.017 0.020 0.017 0.030 0.007 0.035 0.025 0.030 
 17  BAFF141    (0)   12 :  0.086 0.439 0.006 0.007 0.006 0.006 0.040 0.298 0.113 
 18  BAFF302    (0)   12 :  0.018 0.023 0.035 0.022 0.034 0.015 0.686 0.126 0.041 
 19  BAFF290    (0)    1 :  0.704 0.068 0.014 0.012 0.094 0.006 0.040 0.033 0.029 
 20  BAFF498    (0)    6 :  0.157 0.022 0.042 0.035 0.034 0.035 0.283 0.184 0.208 
 21  BAFF455    (0)    7 :  0.017 0.033 0.025 0.742 0.059 0.045 0.018 0.025 0.036 
 22  BAFF203    (7)    8 :  0.009 0.040 0.013 0.661 0.024 0.010 0.028 0.052 0.163 
 23  BAFF056    (0)   12 :  0.015 0.013 0.812 0.008 0.027 0.004 0.023 0.056 0.041 
 24  BAFF327    (0)   12 :  0.052 0.602 0.100 0.029 0.013 0.023 0.041 0.120 0.020 
 25  BAFF255    (0)    1 :  0.912 0.012 0.007 0.009 0.015 0.005 0.013 0.017 0.011 
 26  BAFF256    (0)    1 :  0.937 0.007 0.011 0.010 0.012 0.004 0.006 0.007 0.007 
 27  BAFF257    (0)    1 :  0.952 0.007 0.005 0.007 0.008 0.004 0.005 0.006 0.006 
 28  BAFF260    (0)    1 :  0.928 0.007 0.007 0.017 0.014 0.004 0.008 0.007 0.008 
 29  BAFF259    (0)    1 :  0.931 0.008 0.013 0.007 0.009 0.007 0.008 0.008 0.009 
 30  BAFF261    (0)    1 :  0.927 0.011 0.008 0.008 0.008 0.007 0.008 0.011 0.013 
 31  BAFF274    (0)    1 :  0.800 0.019 0.014 0.029 0.015 0.009 0.044 0.047 0.024 
 32  BAFF262    (0)    1 :  0.890 0.021 0.007 0.034 0.006 0.008 0.011 0.010 0.013 
 33  BAFF294    (0)    1 :  0.897 0.010 0.008 0.041 0.006 0.008 0.013 0.009 0.009 
 34  BAFF292    (0)    1 :  0.433 0.027 0.010 0.009 0.406 0.018 0.055 0.023 0.019 
 35  BAFF296    (0)    1 :  0.454 0.013 0.013 0.008 0.399 0.014 0.060 0.025 0.013 
 36  BAFF295    (0)    1 :  0.681 0.058 0.012 0.024 0.135 0.010 0.035 0.023 0.024 
 37  BAFF298    (0)    1 :  0.854 0.015 0.024 0.011 0.010 0.007 0.028 0.031 0.020 
 38  BAFF299    (0)    1 :  0.910 0.008 0.025 0.009 0.006 0.016 0.009 0.006 0.011 
 39  BAFF375    (0)   13 :  0.008 0.006 0.007 0.009 0.943 0.005 0.007 0.008 0.007 
 40  BAFF376    (0)   13 :  0.012 0.013 0.022 0.045 0.831 0.007 0.035 0.017 0.017 
 41  BAFF377    (0)   13 :  0.010 0.007 0.007 0.007 0.934 0.006 0.012 0.010 0.007 
 42  BAFF022    (0)    5 :  0.085 0.398 0.009 0.014 0.025 0.011 0.121 0.100 0.238 
 43  BAFF021    (0)    5 :  0.039 0.721 0.012 0.027 0.013 0.007 0.063 0.045 0.073 
 44  BAFF499    (0)    6 :  0.008 0.030 0.773 0.014 0.032 0.025 0.039 0.041 0.038 
 45  BAFF204    (0)    8 :  0.008 0.054 0.042 0.021 0.041 0.008 0.172 0.509 0.145 
 46  BAFF068    (0)   12 :  0.071 0.030 0.804 0.007 0.015 0.009 0.026 0.019 0.018 
 47  BAFF336    (0)   12 :  0.012 0.058 0.548 0.028 0.012 0.075 0.062 0.133 0.071 
 48  BAFF447    (0)    7 :  0.006 0.020 0.012 0.023 0.042 0.014 0.256 0.466 0.159 
 49  BAFF457    (0)    7 :  0.021 0.032 0.009 0.012 0.078 0.021 0.283 0.413 0.132 
 50  BAFF448    (0)    7 :  0.045 0.035 0.007 0.400 0.039 0.021 0.141 0.178 0.135 
 51  BAFF465    (0)    7 :  0.014 0.016 0.010 0.858 0.013 0.012 0.026 0.023 0.028 
 52  BAFF194    (0)    8 :  0.027 0.032 0.012 0.036 0.110 0.017 0.564 0.116 0.086 
 53  BAFF199    (0)    8 :  0.016 0.099 0.020 0.013 0.031 0.040 0.145 0.355 0.282 
 54  BAFF500    (0)    6 :  0.200 0.012 0.079 0.083 0.049 0.007 0.164 0.107 0.299 
 55  BAFF206    (0)    8 :  0.031 0.500 0.050 0.102 0.182 0.011 0.032 0.047 0.044 
 56  BAFF069    (0)   12 :  0.008 0.015 0.891 0.012 0.017 0.014 0.012 0.016 0.015 
 57  BAFF330    (0)   12 :  0.016 0.070 0.030 0.558 0.021 0.041 0.054 0.144 0.066 
 58  BAFF239    (0)   10 :  0.015 0.155 0.387 0.019 0.011 0.297 0.010 0.036 0.072 
 59  BAFF241    (0)   10 :  0.022 0.040 0.535 0.010 0.011 0.235 0.012 0.035 0.101 
 60  BAFF157    (0)   11 :  0.004 0.006 0.005 0.005 0.005 0.954 0.009 0.006 0.007 
 61  BAFF161    (0)   11 :  0.004 0.004 0.005 0.005 0.005 0.960 0.005 0.005 0.006 
 62  BAFF160    (0)   11 :  0.004 0.006 0.005 0.006 0.004 0.958 0.007 0.005 0.005 
 63  BAFF008    (0)   12 :  0.037 0.050 0.143 0.503 0.026 0.012 0.060 0.077 0.093 
 64  BAFF013    (0)   12 :  0.012 0.086 0.015 0.762 0.020 0.019 0.028 0.026 0.032 
 65  BAFF407    (0)   12 :  0.009 0.018 0.893 0.011 0.011 0.009 0.012 0.018 0.020 
 66  BAFF503    (0)    6 :  0.006 0.010 0.445 0.026 0.017 0.008 0.015 0.016 0.457 
 67  BAFF449    (0)    7 :  0.010 0.508 0.023 0.359 0.009 0.010 0.023 0.024 0.035 
 68  BAFF207    (0)    8 :  0.012 0.031 0.592 0.053 0.165 0.004 0.070 0.051 0.022 
 69  BAFF070    (0)   12 :  0.008 0.027 0.892 0.014 0.013 0.010 0.010 0.014 0.011 
 70  BAFF335    (0)   12 :  0.008 0.822 0.020 0.012 0.006 0.011 0.020 0.090 0.011 
 71  BAFF507    (0)    6 :  0.027 0.013 0.008 0.016 0.094 0.024 0.693 0.100 0.026 
 72  BAFF450    (0)    7 :  0.091 0.032 0.038 0.019 0.370 0.035 0.145 0.160 0.110 
 73  BAFF209    (7)    8 :  0.027 0.150 0.034 0.142 0.261 0.207 0.097 0.036 0.046 
 74  BAFF072    (0)   12 :  0.012 0.388 0.051 0.020 0.019 0.294 0.022 0.115 0.078 
 75  BAFF339    (0)   12 :  0.011 0.080 0.302 0.009 0.306 0.007 0.100 0.111 0.075 
 76  BAFF508    (0)    6 :  0.052 0.032 0.018 0.012 0.053 0.190 0.127 0.365 0.151 
 77  BAFF451    (0)    7 :  0.010 0.091 0.024 0.060 0.046 0.013 0.287 0.385 0.084 
 78  BAFF210    (0)    8 :  0.076 0.018 0.418 0.084 0.183 0.006 0.073 0.079 0.062 
 79  BAFF139    (0)   12 :  0.039 0.162 0.012 0.022 0.046 0.031 0.332 0.284 0.070 
 80  BAFF341    (0)   12 :  0.014 0.081 0.016 0.024 0.118 0.086 0.061 0.208 0.393 
 81  BAFF509    (0)    6 :  0.074 0.105 0.040 0.645 0.034 0.009 0.051 0.020 0.022 
 82  BAFF453    (0)    7 :  0.009 0.059 0.072 0.037 0.622 0.016 0.054 0.040 0.092 
 83  BAFF389    (0)    8 :  0.012 0.014 0.005 0.017 0.492 0.430 0.017 0.007 0.007 
 84  BAFF163    (0)   12 :  0.003 0.005 0.925 0.009 0.022 0.006 0.009 0.006 0.015 
 85  BAFF344    (7)   12 :  0.009 0.509 0.212 0.020 0.056 0.042 0.039 0.078 0.035 
 86  BAFF510    (0)    6 :  0.010 0.043 0.024 0.198 0.035 0.044 0.531 0.091 0.024 
 87  BAFF456    (0)    7 :  0.015 0.054 0.036 0.011 0.088 0.011 0.369 0.335 0.082 
 88  BAFF390    (0)    8 :  0.006 0.006 0.005 0.006 0.866 0.016 0.020 0.009 0.066 
 89  BAFF142    (0)   12 :  0.239 0.277 0.058 0.012 0.010 0.030 0.029 0.228 0.117 
 90  BAFF363    (7)   12 :  0.006 0.020 0.903 0.010 0.007 0.018 0.010 0.012 0.014 
 91  BAFF517    (0)    6 :  0.007 0.073 0.029 0.024 0.274 0.015 0.382 0.174 0.024 
 92  BAFF458    (0)    7 :  0.034 0.027 0.028 0.021 0.018 0.008 0.063 0.236 0.565 
 93  BAFF391    (0)    8 :  0.132 0.098 0.305 0.030 0.042 0.008 0.207 0.125 0.053 
 94  BAFF149    (0)   12 :  0.010 0.715 0.030 0.010 0.084 0.033 0.027 0.062 0.029 
 95  BAFF366    (7)   12 :  0.008 0.786 0.014 0.006 0.029 0.037 0.050 0.055 0.014 
 96  BAFF512    (0)    6 :  0.113 0.015 0.037 0.042 0.065 0.014 0.208 0.294 0.211 
 97  BAFF460    (0)    7 :  0.015 0.420 0.013 0.011 0.023 0.012 0.111 0.326 0.070 
 98  BAFF138    (0)   12 :  0.017 0.782 0.021 0.007 0.011 0.020 0.016 0.091 0.036 
 99  BAFF374    (0)   12 :  0.047 0.033 0.224 0.552 0.018 0.061 0.032 0.018 0.016 
100  BAFF015    (0)    1 :  0.857 0.011 0.010 0.008 0.010 0.008 0.010 0.012 0.074 
101  BAFF380    (0)    2 :  0.010 0.037 0.040 0.066 0.017 0.090 0.063 0.148 0.529 
102  BAFF216    (0)    3 :  0.027 0.024 0.024 0.063 0.085 0.013 0.170 0.091 0.503 
103  BAFF017    (0)    4 :  0.014 0.005 0.017 0.012 0.343 0.007 0.567 0.015 0.020 
104  BAFF245    (0)    4 :  0.124 0.371 0.027 0.069 0.088 0.010 0.110 0.078 0.123 
105  BAFF378    (7)   13 :  0.173 0.018 0.010 0.011 0.038 0.014 0.125 0.240 0.371 
106  BAFF023    (0)    5 :  0.027 0.036 0.026 0.067 0.085 0.011 0.174 0.346 0.227 
107  BAFF079    (0)    6 :  0.050 0.186 0.036 0.062 0.130 0.027 0.270 0.054 0.185 
108  BAFF435    (0)    6 :  0.008 0.019 0.020 0.013 0.016 0.012 0.135 0.605 0.173 
109  BAFF174    (7)    7 :  0.006 0.015 0.020 0.016 0.699 0.011 0.013 0.019 0.201 
110  BAFF226    (0)    7 :  0.011 0.066 0.008 0.010 0.030 0.014 0.312 0.413 0.137 
111  BAFF190    (0)    8 :  0.016 0.095 0.060 0.219 0.011 0.035 0.021 0.121 0.423 
112  BAFF243    (0)    9 :  0.071 0.114 0.006 0.035 0.199 0.106 0.271 0.116 0.080 
113  BAFF177    (0)   10 :  0.029 0.073 0.008 0.663 0.095 0.018 0.034 0.029 0.050 
114  BAFF364    (7)   11 :  0.011 0.016 0.025 0.071 0.038 0.368 0.102 0.213 0.155 
115  BAFF305    (0)   12 :  0.023 0.720 0.024 0.010 0.026 0.009 0.025 0.121 0.041 
116  BAFF513    (0)    6 :  0.049 0.025 0.019 0.347 0.056 0.015 0.082 0.045 0.362 
117  BAFF462    (0)    7 :  0.384 0.012 0.051 0.071 0.010 0.018 0.025 0.127 0.300 
118  BAFF143    (0)   12 :  0.007 0.589 0.065 0.056 0.033 0.058 0.072 0.078 0.042 
119  BAFF403    (0)   12 :  0.007 0.008 0.931 0.009 0.008 0.010 0.008 0.008 0.012 
120  BAFF514    (0)    6 :  0.007 0.024 0.183 0.508 0.022 0.012 0.031 0.059 0.155 
121  BAFF463    (0)    7 :  0.005 0.005 0.004 0.950 0.006 0.012 0.005 0.006 0.006 
122  BAFF137    (0)   12 :  0.009 0.769 0.008 0.123 0.007 0.016 0.012 0.015 0.041 
123  BAFF404    (0)   12 :  0.013 0.009 0.910 0.008 0.008 0.015 0.013 0.012 0.012 
124  BAFF515    (0)    6 :  0.020 0.105 0.030 0.340 0.036 0.014 0.189 0.178 0.087 
125  BAFF144    (0)   12 :  0.009 0.064 0.064 0.068 0.014 0.093 0.034 0.200 0.453 
126  BAFF405    (7)   12 :  0.032 0.512 0.022 0.036 0.011 0.035 0.046 0.207 0.099 
127  BAFF518    (0)    6 :  0.010 0.233 0.442 0.011 0.032 0.024 0.077 0.107 0.064 
128  BAFF467    (0)    7 :  0.016 0.028 0.030 0.056 0.082 0.012 0.166 0.176 0.434 
129  BAFF145    (0)   12 :  0.074 0.289 0.010 0.021 0.021 0.357 0.042 0.094 0.092 
130  BAFF406    (0)   12 :  0.008 0.055 0.404 0.076 0.015 0.261 0.054 0.095 0.032 
131  BAFF519    (0)    6 :  0.011 0.075 0.013 0.052 0.526 0.011 0.101 0.151 0.059 
132  BAFF471    (0)    7 :  0.057 0.242 0.023 0.094 0.030 0.015 0.136 0.159 0.244 
133  BAFF136    (0)   12 :  0.006 0.136 0.705 0.029 0.056 0.007 0.012 0.026 0.022 
134  BAFF520    (7)    6 :  0.023 0.031 0.059 0.036 0.053 0.010 0.160 0.270 0.358 
135  BAFF472    (0)    7 :  0.021 0.033 0.017 0.115 0.064 0.055 0.064 0.189 0.441 
136  BAFF165    (0)   12 :  0.060 0.563 0.054 0.022 0.018 0.012 0.080 0.147 0.044 
137  BAFF408    (0)   12 :  0.026 0.588 0.078 0.015 0.024 0.034 0.038 0.107 0.088 
138  BAFF522    (0)    6 :  0.025 0.054 0.038 0.346 0.028 0.008 0.022 0.054 0.425 
139  BAFF475    (0)    7 :  0.008 0.050 0.048 0.040 0.086 0.018 0.463 0.238 0.049 
140  BAFF140    (0)   12 :  0.015 0.468 0.026 0.187 0.033 0.052 0.093 0.096 0.031 
141  BAFF409    (0)   12 :  0.091 0.016 0.760 0.057 0.022 0.013 0.015 0.011 0.013 
142  BAFF523    (0)    6 :  0.013 0.013 0.008 0.287 0.018 0.063 0.078 0.117 0.403 
143  BAFF476    (0)    7 :  0.007 0.051 0.026 0.011 0.074 0.191 0.472 0.101 0.068 
144  BAFF147    (0)   12 :  0.015 0.659 0.142 0.046 0.014 0.017 0.038 0.021 0.047 
145  BAFF410    (0)   12 :  0.014 0.164 0.529 0.008 0.019 0.007 0.141 0.068 0.049 
146  BAFF477    (0)    7 :  0.087 0.125 0.006 0.014 0.033 0.008 0.209 0.382 0.136 
147  BAFF411    (0)   12 :  0.349 0.081 0.080 0.013 0.312 0.057 0.027 0.048 0.034 
148  BAFF486    (7)    7 :  0.007 0.008 0.006 0.005 0.024 0.007 0.139 0.620 0.185 
149  BAFF412    (7)   12 :  0.049 0.023 0.712 0.099 0.019 0.022 0.037 0.021 0.017 
150  BAFF258    (0)    1 :  0.159 0.017 0.023 0.149 0.015 0.049 0.056 0.113 0.419 
151  BAFF392    (0)    2 :  0.005 0.011 0.006 0.542 0.028 0.185 0.009 0.010 0.204 
152  BAFF217    (0)    3 :  0.010 0.061 0.019 0.010 0.580 0.024 0.114 0.105 0.079 
153  BAFF016    (0)    4 :  0.005 0.049 0.044 0.008 0.107 0.060 0.579 0.134 0.014 
154  BAFF246    (0)    4 :  0.010 0.028 0.027 0.081 0.316 0.042 0.384 0.077 0.035 
155  BAFF381    (0)   13 :  0.010 0.302 0.034 0.027 0.047 0.015 0.105 0.340 0.120 
156  BAFF078    (0)    6 :  0.006 0.274 0.057 0.017 0.024 0.412 0.015 0.112 0.083 
157  BAFF481    (0)    6 :  0.024 0.159 0.042 0.035 0.148 0.012 0.130 0.260 0.189 
158  BAFF436    (0)    7 :  0.065 0.056 0.039 0.320 0.061 0.040 0.152 0.052 0.215 
159  BAFF191    (0)    8 :  0.010 0.051 0.018 0.075 0.501 0.010 0.065 0.039 0.232 
160  BAFF382    (0)    9 :  0.007 0.029 0.063 0.094 0.045 0.055 0.131 0.415 0.162 
161  BAFF178    (0)   10 :  0.009 0.029 0.063 0.672 0.109 0.007 0.061 0.025 0.026 
162  BAFF159    (7)   11 :  0.008 0.014 0.014 0.011 0.015 0.021 0.748 0.141 0.028 
163  BAFF365    (7)   11 :  0.200 0.360 0.019 0.014 0.041 0.042 0.090 0.154 0.079 
164  BAFF007    (0)   12 :  0.052 0.162 0.027 0.044 0.087 0.044 0.262 0.205 0.119 
165  BAFF304    (7)   12 :  0.011 0.423 0.084 0.014 0.017 0.060 0.075 0.223 0.093 
166  BAFF487    (0)    7 :  0.017 0.011 0.023 0.046 0.043 0.025 0.101 0.176 0.559 
167  BAFF415    (0)   12 :  0.060 0.194 0.544 0.045 0.013 0.021 0.048 0.051 0.023 
168  BAFF488    (0)    7 :  0.587 0.074 0.013 0.010 0.046 0.010 0.086 0.047 0.125 
169  BAFF417    (0)   12 :  0.015 0.358 0.355 0.036 0.025 0.015 0.055 0.103 0.039 
170  BAFF489    (0)    7 :  0.007 0.229 0.035 0.037 0.019 0.043 0.119 0.295 0.215 
171  BAFF426    (0)   12 :  0.015 0.014 0.881 0.024 0.012 0.010 0.012 0.016 0.015 
172  BAFF490    (7)    7 :  0.019 0.019 0.010 0.043 0.018 0.050 0.351 0.364 0.125 
173  BAFF491    (0)    7 :  0.036 0.019 0.007 0.134 0.030 0.023 0.138 0.453 0.161 
174  BAFF492    (0)    7 :  0.007 0.015 0.016 0.017 0.035 0.011 0.126 0.607 0.166 
175  BAFF493    (0)    7 :  0.376 0.023 0.032 0.072 0.023 0.010 0.030 0.121 0.313 
176  BAFF506    (0)    7 :  0.034 0.009 0.010 0.016 0.020 0.006 0.030 0.229 0.644 
177  BAFF393    (0)    2 :  0.022 0.089 0.012 0.010 0.024 0.136 0.193 0.378 0.136 
178  BAFF218    (0)    3 :  0.050 0.075 0.025 0.080 0.246 0.013 0.197 0.189 0.125 
179  BAFF254    (0)    4 :  0.028 0.106 0.012 0.015 0.010 0.216 0.074 0.381 0.158 
180  BAFF385    (0)   13 :  0.017 0.034 0.034 0.090 0.026 0.015 0.033 0.240 0.511 
181  BAFF076    (0)    6 :  0.009 0.008 0.010 0.917 0.011 0.013 0.008 0.009 0.014 
182  BAFF482    (0)    6 :  0.010 0.089 0.076 0.108 0.017 0.011 0.158 0.352 0.180 
183  BAFF437    (0)    7 :  0.023 0.541 0.010 0.025 0.013 0.005 0.106 0.234 0.042 
184  BAFF192    (0)    8 :  0.015 0.065 0.014 0.546 0.056 0.119 0.062 0.089 0.035 
185  BAFF383    (0)    9 :  0.767 0.111 0.011 0.021 0.016 0.005 0.013 0.036 0.019 
186  BAFF180    (0)   10 :  0.009 0.016 0.127 0.236 0.386 0.008 0.119 0.037 0.062 
187  BAFF048    (7)   12 :  0.032 0.016 0.008 0.021 0.007 0.105 0.058 0.132 0.621 
188  BAFF306    (0)   12 :  0.009 0.593 0.028 0.050 0.061 0.018 0.071 0.138 0.032 
189  BAFF394    (0)    2 :  0.056 0.156 0.022 0.080 0.152 0.194 0.214 0.091 0.036 
190  BAFF219    (0)    3 :  0.008 0.186 0.013 0.037 0.083 0.017 0.206 0.269 0.180 
191  BAFF388    (0)    4 :  0.224 0.014 0.296 0.189 0.018 0.011 0.049 0.038 0.159 
192  BAFF386    (7)   13 :  0.017 0.070 0.014 0.392 0.021 0.058 0.032 0.081 0.315 
193  BAFF084    (0)    6 :  0.011 0.018 0.010 0.009 0.015 0.312 0.128 0.363 0.134 
194  BAFF483    (0)    6 :  0.035 0.168 0.092 0.377 0.074 0.009 0.109 0.086 0.051 
195  BAFF438   (15)    7 :  0.017 0.175 0.042 0.077 0.026 0.155 0.113 0.282 0.113 
196  BAFF193    (0)    8 :  0.343 0.021 0.017 0.059 0.059 0.015 0.100 0.235 0.151 
197  BAFF183    (0)   10 :  0.036 0.017 0.023 0.008 0.028 0.037 0.121 0.117 0.613 
198  BAFF153    (0)   12 :  0.007 0.871 0.014 0.010 0.006 0.015 0.014 0.053 0.009 
199  BAFF307    (0)   12 :  0.010 0.482 0.017 0.016 0.020 0.066 0.085 0.188 0.115 
200  BAFF397    (0)    2 :  0.007 0.123 0.009 0.005 0.020 0.009 0.335 0.390 0.101 
201  BAFF220    (0)    3 :  0.009 0.007 0.008 0.852 0.006 0.067 0.018 0.018 0.016 
202  BAFF095    (0)    6 :  0.038 0.019 0.015 0.815 0.023 0.007 0.017 0.021 0.046 
203  BAFF494    (0)    6 :  0.006 0.014 0.023 0.633 0.027 0.015 0.094 0.082 0.106 
204  BAFF439    (0)    7 :  0.009 0.184 0.285 0.013 0.201 0.014 0.055 0.136 0.103 
205  BAFF182    (0)   10 :  0.026 0.051 0.113 0.585 0.025 0.079 0.041 0.023 0.056 
206  BAFF054    (0)   12 :  0.007 0.018 0.925 0.008 0.007 0.010 0.009 0.008 0.008 
207  BAFF308    (0)   12 :  0.017 0.742 0.014 0.014 0.010 0.034 0.050 0.056 0.064 
208  BAFF266    (0)    1 :  0.139 0.036 0.044 0.019 0.015 0.062 0.270 0.187 0.227 
209  BAFF398    (7)    2 :  0.012 0.006 0.005 0.895 0.005 0.005 0.007 0.016 0.050 
210  BAFF221    (0)    3 :  0.288 0.022 0.025 0.035 0.006 0.594 0.007 0.008 0.016 
211  BAFF090    (0)    6 :  0.011 0.038 0.064 0.014 0.017 0.044 0.012 0.188 0.611 
212  BAFF495    (0)    6 :  0.008 0.013 0.014 0.011 0.766 0.008 0.106 0.036 0.037 
213  BAFF459    (0)    7 :  0.007 0.033 0.016 0.014 0.097 0.086 0.532 0.156 0.057 
214  BAFF197    (0)    8 :  0.012 0.449 0.068 0.017 0.145 0.018 0.073 0.166 0.052 
215  BAFF188    (0)   10 :  0.012 0.651 0.039 0.017 0.022 0.148 0.022 0.036 0.054 
216  BAFF051    (0)   12 :  0.027 0.055 0.280 0.036 0.027 0.011 0.081 0.104 0.378 
217  BAFF309    (0)   12 :  0.008 0.030 0.012 0.045 0.022 0.010 0.196 0.484 0.193 
218  BAFF269    (0)    1 :  0.053 0.404 0.009 0.021 0.110 0.011 0.222 0.089 0.082 
219  BAFF077    (0)    6 :  0.009 0.007 0.008 0.005 0.096 0.062 0.684 0.120 0.010 
220  BAFF496    (0)    6 :  0.011 0.008 0.008 0.007 0.895 0.004 0.017 0.027 0.023 
221  BAFF443    (0)    7 :  0.046 0.108 0.093 0.031 0.031 0.012 0.148 0.214 0.315 
222  BAFF198    (0)    8 :  0.008 0.021 0.028 0.090 0.189 0.016 0.065 0.113 0.471 
223  BAFF053    (0)   12 :  0.019 0.765 0.030 0.008 0.037 0.036 0.014 0.029 0.063 
224  BAFF310    (0)   12 :  0.007 0.068 0.615 0.007 0.010 0.018 0.220 0.035 0.020 
225  BAFF282    (0)    1 :  0.692 0.038 0.014 0.044 0.036 0.013 0.112 0.022 0.030 
226  BAFF497    (0)    6 :  0.011 0.021 0.015 0.013 0.122 0.009 0.497 0.148 0.164 
227  BAFF466    (0)    7 :  0.014 0.061 0.030 0.033 0.021 0.075 0.064 0.217 0.486 
228  BAFF200    (7)    8 :  0.013 0.051 0.041 0.409 0.031 0.029 0.074 0.203 0.150 
229  BAFF240    (0)   10 :  0.015 0.042 0.009 0.031 0.014 0.627 0.029 0.093 0.139 
230  BAFF055    (0)   12 :  0.019 0.124 0.745 0.028 0.009 0.011 0.023 0.023 0.017 
231  BAFF311    (7)   12 :  0.040 0.058 0.008 0.782 0.008 0.040 0.034 0.016 0.014 


Estimated Allele Frequencies in each cluster
First column gives estimated ancestral frequencies


Locus 1 : btern01 
9 alleles
0.0% missing data
   1   (0.140) 0.118 0.164 0.033 0.137 0.181 0.046 0.173 0.176 0.148 
   2   (0.017) 0.027 0.004 0.003 0.004 0.003 0.003 0.010 0.007 0.012 
   3   (0.166) 0.064 0.192 0.092 0.150 0.193 0.176 0.262 0.199 0.113 
   4   (0.214) 0.202 0.198 0.178 0.190 0.327 0.260 0.150 0.193 0.207 
   5   (0.282) 0.441 0.345 0.323 0.113 0.106 0.364 0.262 0.342 0.399 
   6   (0.074) 0.035 0.059 0.344 0.048 0.065 0.044 0.083 0.034 0.040 
   7   (0.051) 0.086 0.020 0.018 0.299 0.014 0.095 0.019 0.018 0.035 
   8   (0.016) 0.020 0.008 0.002 0.003 0.025 0.002 0.007 0.004 0.004 
   9   (0.039) 0.007 0.011 0.007 0.057 0.086 0.009 0.033 0.027 0.042 

Locus 2 : bt28 
5 alleles
0.0% missing data
   1   (0.667) 0.775 0.738 0.721 0.559 0.753 0.706 0.700 0.707 0.564 
   2   (0.149) 0.167 0.155 0.097 0.186 0.163 0.063 0.080 0.094 0.187 
   3   (0.148) 0.038 0.093 0.177 0.249 0.070 0.218 0.099 0.170 0.236 
   4   (0.025) 0.006 0.011 0.004 0.004 0.012 0.012 0.117 0.027 0.011 
   5   (0.011) 0.013 0.003 0.002 0.002 0.002 0.001 0.004 0.002 0.003 

Locus 3 : b96 
8 alleles
0.9% missing data
   1   (0.333) 0.361 0.465 0.328 0.378 0.222 0.233 0.336 0.320 0.288 
   2   (0.478) 0.423 0.321 0.502 0.494 0.729 0.571 0.541 0.566 0.625 
   3   (0.046) 0.011 0.059 0.048 0.033 0.012 0.037 0.032 0.057 0.028 
   4   (0.016) 0.004 0.004 0.003 0.003 0.003 0.116 0.007 0.005 0.006 
   5   (0.051) 0.027 0.058 0.030 0.042 0.014 0.010 0.050 0.026 0.029 
   6   (0.026) 0.097 0.014 0.005 0.040 0.005 0.006 0.008 0.008 0.006 
   7   (0.036) 0.073 0.076 0.006 0.008 0.014 0.025 0.022 0.015 0.015 
   8   (0.013) 0.003 0.003 0.078 0.003 0.002 0.002 0.003 0.003 0.003 

Locus 4 : bt30 
12 alleles
0.9% missing data
   1   (0.116) 0.281 0.066 0.112 0.177 0.030 0.040 0.075 0.097 0.159 
   2   (0.286) 0.285 0.276 0.293 0.283 0.388 0.126 0.270 0.379 0.299 
   3   (0.069) 0.016 0.035 0.024 0.026 0.101 0.037 0.157 0.178 0.081 
   4   (0.186) 0.099 0.225 0.230 0.174 0.137 0.131 0.215 0.151 0.316 
   5   (0.014) 0.004 0.005 0.003 0.016 0.004 0.002 0.005 0.005 0.007 
   6   (0.102) 0.114 0.077 0.058 0.241 0.097 0.031 0.146 0.067 0.056 
   7   (0.033) 0.021 0.042 0.021 0.009 0.015 0.043 0.014 0.018 0.019 
   8   (0.051) 0.046 0.078 0.063 0.010 0.011 0.086 0.027 0.031 0.017 
   9   (0.101) 0.058 0.158 0.187 0.041 0.197 0.498 0.079 0.063 0.035 
  10   (0.014) 0.071 0.003 0.002 0.002 0.003 0.002 0.003 0.003 0.003 
  11   (0.018) 0.004 0.033 0.004 0.018 0.005 0.002 0.006 0.005 0.005 
  12   (0.010) 0.002 0.003 0.002 0.002 0.012 0.002 0.004 0.003 0.003 

Locus 5 : btms0081 
3 alleles
0.9% missing data
   1   (0.499) 0.586 0.402 0.298 0.658 0.285 0.737 0.609 0.527 0.528 
   2   (0.351) 0.215 0.438 0.472 0.235 0.489 0.180 0.291 0.381 0.373 
   3   (0.151) 0.198 0.160 0.230 0.107 0.226 0.083 0.100 0.092 0.099 

Locus 6 : btms0066 
24 alleles
0.0% missing data
   1   (0.257) 0.385 0.303 0.384 0.340 0.219 0.090 0.224 0.316 0.304 
   2   (0.017) 0.056 0.004 0.003 0.003 0.027 0.002 0.007 0.005 0.005 
   3   (0.034) 0.006 0.114 0.010 0.018 0.012 0.008 0.019 0.041 0.030 
   4   (0.150) 0.055 0.112 0.119 0.153 0.386 0.030 0.258 0.191 0.287 
   5   (0.097) 0.026 0.187 0.105 0.039 0.089 0.024 0.115 0.160 0.105 
   6   (0.044) 0.009 0.046 0.015 0.216 0.031 0.215 0.022 0.017 0.024 
   7   (0.019) 0.017 0.004 0.003 0.057 0.003 0.003 0.006 0.008 0.006 
   8   (0.057) 0.082 0.032 0.035 0.017 0.045 0.028 0.110 0.044 0.025 
   9   (0.022) 0.004 0.018 0.006 0.010 0.004 0.346 0.009 0.021 0.013 
  10   (0.029) 0.152 0.007 0.005 0.006 0.006 0.015 0.024 0.034 0.019 
  11   (0.022) 0.149 0.007 0.013 0.008 0.018 0.004 0.008 0.005 0.007 
  12   (0.041) 0.008 0.029 0.017 0.008 0.102 0.012 0.097 0.045 0.028 
  13   (0.028) 0.006 0.015 0.017 0.026 0.006 0.013 0.014 0.022 0.014 
  14   (0.019) 0.004 0.005 0.047 0.004 0.003 0.077 0.005 0.007 0.009 
  15   (0.019) 0.004 0.026 0.003 0.003 0.008 0.003 0.025 0.026 0.011 
  16   (0.031) 0.006 0.015 0.091 0.024 0.009 0.014 0.011 0.015 0.054 
  17   (0.022) 0.008 0.017 0.040 0.005 0.004 0.093 0.007 0.011 0.013 
  18   (0.012) 0.002 0.003 0.034 0.002 0.002 0.001 0.003 0.002 0.002 
  19   (0.012) 0.002 0.037 0.002 0.003 0.002 0.002 0.003 0.004 0.003 
  20   (0.020) 0.007 0.007 0.011 0.028 0.012 0.009 0.017 0.009 0.008 
  21   (0.017) 0.005 0.004 0.003 0.021 0.003 0.005 0.005 0.008 0.017 
  22   (0.011) 0.002 0.002 0.002 0.006 0.002 0.002 0.004 0.004 0.008 
  23   (0.009) 0.002 0.003 0.032 0.002 0.001 0.001 0.002 0.002 0.002 
  24   (0.011) 0.004 0.003 0.002 0.002 0.002 0.002 0.007 0.005 0.005 

Locus 7 : btms0083 
31 alleles
3.0% missing data
   1   (0.014) 0.238 0.004 0.002 0.003 0.002 0.014 0.004 0.003 0.003 
   2   (0.025) 0.106 0.027 0.005 0.005 0.004 0.007 0.009 0.023 0.017 
   3   (0.027) 0.005 0.012 0.009 0.076 0.006 0.143 0.025 0.015 0.013 
   4   (0.041) 0.058 0.022 0.010 0.033 0.014 0.027 0.024 0.036 0.061 
   5   (0.194) 0.232 0.226 0.260 0.367 0.163 0.088 0.190 0.223 0.230 
   6   (0.017) 0.004 0.005 0.003 0.010 0.005 0.004 0.010 0.014 0.050 
   7   (0.062) 0.018 0.081 0.159 0.023 0.020 0.120 0.049 0.110 0.067 
   8   (0.035) 0.017 0.142 0.013 0.008 0.011 0.011 0.028 0.049 0.022 
   9   (0.034) 0.008 0.038 0.006 0.045 0.029 0.006 0.028 0.028 0.045 
  10   (0.024) 0.009 0.017 0.017 0.137 0.007 0.005 0.010 0.011 0.010 
  11   (0.060) 0.015 0.037 0.011 0.015 0.087 0.408 0.111 0.087 0.079 
  12   (0.016) 0.037 0.004 0.003 0.004 0.010 0.002 0.007 0.007 0.013 
  13   (0.055) 0.011 0.081 0.080 0.023 0.062 0.022 0.101 0.048 0.026 
  14   (0.035) 0.007 0.018 0.006 0.008 0.019 0.006 0.097 0.102 0.065 
  15   (0.027) 0.016 0.012 0.005 0.023 0.035 0.006 0.072 0.013 0.011 
  16   (0.029) 0.030 0.008 0.005 0.043 0.010 0.020 0.019 0.023 0.061 
  17   (0.027) 0.046 0.016 0.005 0.007 0.348 0.024 0.014 0.010 0.018 
  18   (0.046) 0.031 0.039 0.119 0.032 0.026 0.010 0.025 0.044 0.071 
  19   (0.022) 0.009 0.007 0.115 0.004 0.010 0.004 0.008 0.008 0.013 
  20   (0.027) 0.005 0.093 0.056 0.006 0.006 0.005 0.011 0.027 0.009 
  21   (0.011) 0.034 0.002 0.002 0.002 0.002 0.001 0.003 0.002 0.002 
  22   (0.012) 0.017 0.003 0.002 0.002 0.019 0.002 0.003 0.003 0.003 
  23   (0.016) 0.015 0.012 0.003 0.003 0.009 0.003 0.013 0.008 0.005 
  24   (0.010) 0.003 0.003 0.014 0.002 0.002 0.001 0.003 0.002 0.002 
  25   (0.035) 0.007 0.032 0.007 0.094 0.008 0.006 0.020 0.039 0.020 
  26   (0.013) 0.002 0.004 0.002 0.004 0.016 0.008 0.076 0.016 0.003 
  27   (0.031) 0.006 0.028 0.036 0.006 0.049 0.005 0.011 0.013 0.038 
  28   (0.021) 0.005 0.005 0.004 0.006 0.013 0.035 0.012 0.022 0.019 
  29   (0.009) 0.004 0.002 0.001 0.002 0.002 0.002 0.005 0.008 0.017 
  30   (0.014) 0.003 0.011 0.037 0.003 0.002 0.002 0.004 0.003 0.003 
  31   (0.012) 0.003 0.008 0.002 0.002 0.004 0.002 0.006 0.004 0.003 

Locus 8 : b126 
16 alleles
0.0% missing data
   1   (0.039) 0.044 0.038 0.012 0.072 0.010 0.008 0.042 0.019 0.013 
   2   (0.052) 0.135 0.065 0.009 0.013 0.073 0.012 0.039 0.039 0.027 
   3   (0.309) 0.178 0.355 0.396 0.245 0.474 0.690 0.275 0.354 0.371 
   4   (0.033) 0.008 0.011 0.007 0.016 0.044 0.005 0.073 0.021 0.027 
   5   (0.074) 0.020 0.036 0.051 0.125 0.066 0.015 0.058 0.112 0.130 
   6   (0.063) 0.014 0.128 0.155 0.014 0.017 0.011 0.119 0.106 0.046 
   7   (0.114) 0.023 0.141 0.145 0.202 0.052 0.180 0.116 0.107 0.096 
   8   (0.029) 0.006 0.014 0.078 0.007 0.017 0.008 0.053 0.018 0.009 
   9   (0.011) 0.002 0.003 0.002 0.047 0.002 0.001 0.003 0.002 0.002 
  10   (0.038) 0.028 0.017 0.037 0.067 0.021 0.014 0.016 0.014 0.087 
  11   (0.092) 0.408 0.087 0.022 0.033 0.037 0.031 0.097 0.108 0.134 
  12   (0.030) 0.026 0.026 0.030 0.006 0.006 0.004 0.015 0.034 0.017 
  13   (0.064) 0.098 0.035 0.048 0.101 0.143 0.009 0.034 0.043 0.023 
  14   (0.022) 0.005 0.009 0.005 0.010 0.033 0.004 0.047 0.012 0.008 
  15   (0.015) 0.003 0.030 0.003 0.011 0.003 0.002 0.004 0.003 0.004 
  16   (0.016) 0.003 0.004 0.003 0.033 0.003 0.006 0.008 0.008 0.004 

Locus 9 : btms0062 
34 alleles
0.0% missing data
   1   (0.025) 0.074 0.006 0.006 0.014 0.005 0.010 0.012 0.026 0.100 
   2   (0.057) 0.104 0.024 0.014 0.048 0.236 0.037 0.064 0.031 0.033 
   3   (0.077) 0.093 0.242 0.057 0.029 0.073 0.033 0.069 0.113 0.074 
   4   (0.107) 0.057 0.051 0.200 0.245 0.033 0.185 0.161 0.106 0.116 
   5   (0.053) 0.018 0.062 0.012 0.037 0.015 0.047 0.052 0.173 0.088 
   6   (0.025) 0.006 0.032 0.005 0.012 0.023 0.010 0.026 0.024 0.015 
   7   (0.009) 0.002 0.005 0.002 0.003 0.003 0.001 0.006 0.013 0.006 
   8   (0.028) 0.007 0.046 0.005 0.006 0.014 0.004 0.038 0.046 0.015 
   9   (0.042) 0.020 0.015 0.022 0.027 0.036 0.040 0.143 0.055 0.026 
  10   (0.058) 0.041 0.031 0.068 0.062 0.025 0.010 0.063 0.074 0.059 
  11   (0.060) 0.014 0.047 0.031 0.166 0.024 0.361 0.049 0.042 0.095 
  12   (0.041) 0.008 0.038 0.030 0.057 0.307 0.017 0.020 0.017 0.055 
  13   (0.047) 0.027 0.063 0.018 0.136 0.012 0.015 0.037 0.029 0.032 
  14   (0.039) 0.010 0.038 0.286 0.010 0.015 0.007 0.047 0.035 0.043 
  15   (0.017) 0.003 0.116 0.004 0.004 0.004 0.006 0.006 0.005 0.007 
  16   (0.017) 0.003 0.015 0.010 0.003 0.003 0.089 0.005 0.009 0.007 
  17   (0.020) 0.161 0.005 0.003 0.014 0.013 0.003 0.009 0.006 0.007 
  18   (0.018) 0.004 0.006 0.003 0.032 0.006 0.008 0.006 0.004 0.006 
  19   (0.042) 0.087 0.017 0.097 0.015 0.065 0.006 0.038 0.022 0.029 
  20   (0.009) 0.036 0.002 0.001 0.002 0.001 0.001 0.002 0.002 0.002 
  21   (0.034) 0.046 0.013 0.006 0.018 0.032 0.006 0.047 0.033 0.020 
  22   (0.017) 0.112 0.015 0.004 0.003 0.003 0.002 0.005 0.009 0.007 
  23   (0.012) 0.028 0.003 0.002 0.002 0.002 0.002 0.004 0.005 0.004 
  24   (0.014) 0.003 0.004 0.007 0.003 0.010 0.003 0.032 0.033 0.011 
  25   (0.011) 0.009 0.002 0.002 0.003 0.003 0.001 0.006 0.006 0.012 
  26   (0.028) 0.008 0.010 0.036 0.014 0.008 0.037 0.010 0.031 0.100 
  27   (0.018) 0.003 0.034 0.007 0.013 0.004 0.041 0.006 0.012 0.010 
  28   (0.011) 0.002 0.025 0.002 0.002 0.002 0.001 0.003 0.005 0.002 
  29   (0.013) 0.004 0.003 0.002 0.002 0.009 0.007 0.007 0.010 0.006 
  30   (0.012) 0.002 0.002 0.033 0.002 0.002 0.001 0.003 0.002 0.002 
  31   (0.006) 0.001 0.011 0.001 0.001 0.001 0.001 0.004 0.011 0.003 
  32   (0.010) 0.002 0.003 0.002 0.010 0.002 0.004 0.003 0.003 0.002 
  33   (0.009) 0.002 0.007 0.001 0.002 0.003 0.001 0.005 0.003 0.003 
  34   (0.014) 0.002 0.005 0.022 0.002 0.002 0.002 0.011 0.004 0.003 

Locus 10 : btern02 
25 alleles
4.8% missing data
   1   (0.097) 0.133 0.135 0.039 0.068 0.111 0.279 0.156 0.094 0.143 
   2   (0.010) 0.016 0.002 0.002 0.002 0.002 0.001 0.003 0.002 0.003 
   3   (0.079) 0.025 0.082 0.024 0.159 0.121 0.030 0.117 0.147 0.056 
   4   (0.050) 0.013 0.030 0.101 0.175 0.079 0.009 0.032 0.025 0.042 
   5   (0.027) 0.012 0.014 0.006 0.024 0.016 0.034 0.020 0.029 0.021 
   6   (0.042) 0.012 0.022 0.019 0.013 0.017 0.060 0.038 0.107 0.124 
   7   (0.032) 0.006 0.028 0.145 0.036 0.014 0.005 0.012 0.015 0.010 
   8   (0.036) 0.108 0.031 0.006 0.010 0.013 0.014 0.022 0.040 0.037 
   9   (0.075) 0.067 0.191 0.045 0.110 0.035 0.057 0.036 0.067 0.079 
  10   (0.030) 0.006 0.010 0.005 0.011 0.115 0.006 0.038 0.086 0.035 
  11   (0.062) 0.017 0.125 0.063 0.023 0.098 0.017 0.077 0.057 0.040 
  12   (0.034) 0.140 0.020 0.006 0.009 0.097 0.017 0.016 0.015 0.024 
  13   (0.050) 0.057 0.024 0.056 0.074 0.023 0.015 0.046 0.033 0.041 
  14   (0.052) 0.176 0.028 0.125 0.034 0.036 0.030 0.059 0.017 0.037 
  15   (0.010) 0.002 0.002 0.001 0.002 0.002 0.223 0.002 0.002 0.002 
  16   (0.046) 0.053 0.027 0.046 0.012 0.019 0.011 0.088 0.044 0.038 
  17   (0.031) 0.006 0.010 0.043 0.016 0.009 0.010 0.037 0.023 0.048 
  18   (0.045) 0.010 0.025 0.176 0.019 0.078 0.012 0.072 0.037 0.039 
  19   (0.041) 0.008 0.072 0.009 0.056 0.021 0.095 0.017 0.034 0.066 
  20   (0.042) 0.055 0.032 0.008 0.089 0.018 0.006 0.037 0.041 0.028 
  21   (0.025) 0.039 0.012 0.009 0.006 0.029 0.004 0.024 0.018 0.013 
  22   (0.013) 0.013 0.004 0.006 0.003 0.012 0.002 0.007 0.004 0.003 
  23   (0.029) 0.019 0.050 0.005 0.025 0.022 0.010 0.021 0.012 0.033 
  24   (0.029) 0.006 0.016 0.047 0.014 0.007 0.048 0.020 0.046 0.026 
  25   (0.014) 0.003 0.004 0.005 0.012 0.006 0.002 0.005 0.005 0.011 

Locus 11 : btms0086 
3 alleles
0.0% missing data
   1   (0.841) 0.778 0.912 0.926 0.728 0.806 0.973 0.893 0.843 0.850 
   2   (0.137) 0.204 0.054 0.066 0.268 0.188 0.024 0.099 0.140 0.140 
   3   (0.023) 0.018 0.034 0.008 0.004 0.005 0.003 0.008 0.017 0.010 

Locus 12 : bl13 
3 alleles
0.0% missing data
   1   (0.069) 0.235 0.029 0.345 0.033 0.030 0.019 0.032 0.031 0.035 
   2   (0.833) 0.745 0.846 0.595 0.859 0.936 0.644 0.851 0.873 0.915 
   3   (0.098) 0.019 0.125 0.060 0.108 0.034 0.337 0.117 0.095 0.050 

Locus 13 : btms0059 
9 alleles
0.0% missing data
   1   (0.348) 0.356 0.514 0.296 0.326 0.179 0.424 0.314 0.406 0.390 
   2   (0.111) 0.109 0.067 0.018 0.028 0.242 0.270 0.253 0.120 0.132 
   3   (0.063) 0.132 0.059 0.111 0.033 0.029 0.024 0.052 0.027 0.024 
   4   (0.055) 0.045 0.044 0.020 0.109 0.023 0.010 0.035 0.032 0.030 
   5   (0.079) 0.034 0.080 0.037 0.024 0.062 0.026 0.073 0.130 0.102 
   6   (0.294) 0.313 0.211 0.510 0.468 0.434 0.233 0.216 0.259 0.276 
   7   (0.016) 0.003 0.005 0.003 0.003 0.023 0.006 0.041 0.005 0.005 
   8   (0.022) 0.006 0.017 0.004 0.007 0.005 0.005 0.012 0.017 0.030 
   9   (0.011) 0.002 0.003 0.002 0.002 0.002 0.002 0.005 0.004 0.011 

Values of parameters used in structure:
DATAFILE=/Users/johnmola/Desktop/rpbbfeb27/rpbbstructure/project_data,	OUTFILE=/Users/johnmola/Desktop/rpbbfeb27/rpbbstructure/rpbb20k100k/Results/rpbb20k100k_run_88,	NUMINDS=231,	NUMLOCI=13,	MISSING=-9,	LABEL=1,	POPDATA=1,	POPFLAG=0,	PHENOTYPE=0,	EXTRACOLS=0,	MAXPOPS=9,	BURNIN=20000,	NUMREPS=100000,	USEPOPINFO=0,	INFERALPHA=1,	INFERLAMBDA=0,	POPSPECIFICLAMBDA=0,	POPALPHAS=0,	COMPUTEPROB=1,	NOADMIX=0,	ADMBURNIN=2500,	UPDATEFREQ=1,	PRINTLIKES=0,	INTERMEDSAVE=0,	PRINTKLD=0,	PRINTNET=0,	PRINTLAMBDA=0,	ANCESTDIST=0,	NUMBOXES=1000,	ANCESTPINT=0.90000,	GENSBACK=2,	MIGRPRIOR=0.05000,	PRINTQHAT=0,	PRINTQSUM=0,	ALPHA=1.0000,	FREQSCORR=1,	FPRIORMEAN=0.0100,	FPRIORSD=0.0500,	ONEFST=0,	LAMBDA=1.0000,	UNIFPRIORALPHA=1,	ALPHAMAX=10.0000,	ALPHAPRIORA=1.0000,	ALPHAPRIORB=2.0000,	ALPHAPROPSD=0.0250,	STARTATPOPINFO=0,	RANDOMIZE=1,	LINKAGE=0,	METROFREQ=10,	REPORTHITRATE=0,	MARKOVPHASE=-1,	PHASED=0,	PLOIDY=2,	PHASEINFO=0	LOCPRIOR=0, 	LOCPRIORINIT=1.000000, 	LOCDATA=0, 	LOCISPOP=0, 	LOCPRIORSTEP=0.100000, 	MAXLOCPRIOR=20.000000, 	SEED=1677523564,	
[STRAT parameters]:    NUMSIMSTATS=1000,	PHENOTYPECOL=-9,	POOLFREQ=10,	LOCUSxONLY=0,	EMERROR=0.00100,	MISSINGPHENO=-9,	