

----------------------------------------------------
STRUCTURE by Pritchard, Stephens and Donnelly (2000)
     and Falush, Stephens and Pritchard (2003)
       Code by Pritchard, Falush and Hubisz
             Version 2.3.4 (Jul 2012)
----------------------------------------------------



Command line arguments:   bin/structure -m "/Users/johnmola/Desktop/rpbbfeb27/rpbbstructure/rpbb20k100k/mainparams" -e "/Users/johnmola/Desktop/rpbbfeb27/rpbbstructure/rpbb20k100k/extraparams" 
Input File:    /Users/johnmola/Desktop/rpbbfeb27/rpbbstructure/project_data

Run parameters:
   231 individuals
   13 loci
   10 populations assumed
   20000 Burn-in period
   100000 Reps


--------------------------------------------
Proportion of membership of each pre-defined
 population in each of the 10 clusters

Given    Inferred Clusters                                                        Number of
 Pop       1      2      3      4      5      6      7      8      9     10      Individuals

  1:     0.031  0.071  0.028  0.037  0.025  0.031  0.043  0.705  0.014  0.014       21
  2:     0.119  0.033  0.092  0.121  0.097  0.270  0.144  0.017  0.012  0.093        7
  3:     0.114  0.140  0.073  0.129  0.059  0.198  0.137  0.063  0.019  0.068        7
  4:     0.131  0.054  0.100  0.243  0.150  0.023  0.149  0.047  0.047  0.057        8
  5:     0.125  0.034  0.173  0.221  0.162  0.043  0.166  0.044  0.022  0.010        4
  6:     0.212  0.098  0.078  0.166  0.067  0.087  0.134  0.031  0.077  0.049       35
  7:     0.119  0.075  0.084  0.127  0.086  0.129  0.257  0.059  0.029  0.036       40
  8:     0.165  0.168  0.083  0.094  0.071  0.129  0.116  0.038  0.078  0.059       19
  9:     0.028  0.139  0.078  0.106  0.072  0.086  0.228  0.198  0.025  0.041        4
 10:     0.241  0.052  0.206  0.070  0.118  0.057  0.036  0.019  0.125  0.075       11
 11:     0.018  0.014  0.055  0.129  0.029  0.015  0.054  0.127  0.011  0.549        8
 12:     0.089  0.028  0.170  0.049  0.188  0.041  0.070  0.028  0.293  0.044       60
 13:     0.073  0.401  0.087  0.036  0.072  0.111  0.153  0.038  0.016  0.013        7
--------------------------------------------

Allele-freq. divergence among pops (Net nucleotide distance),
computed using point estimates of P.

      1       2       3       4       5       6       7       8       9      10      
 1      -    0.0510  0.0251  0.0248  0.0233  0.0332  0.0201  0.0358  0.0374  0.0698  
 2   0.0510     -    0.0460  0.0499  0.0505  0.0700  0.0401  0.0720  0.0604  0.0949  
 3   0.0251  0.0460     -    0.0276  0.0045  0.0413  0.0159  0.0386  0.0303  0.0593  
 4   0.0248  0.0499  0.0276     -    0.0236  0.0442  0.0194  0.0396  0.0465  0.0554  
 5   0.0233  0.0505  0.0045  0.0236     -    0.0423  0.0161  0.0349  0.0311  0.0578  
 6   0.0332  0.0700  0.0413  0.0442  0.0423     -    0.0342  0.0510  0.0534  0.0732  
 7   0.0201  0.0401  0.0159  0.0194  0.0161  0.0342     -    0.0343  0.0364  0.0592  
 8   0.0358  0.0720  0.0386  0.0396  0.0349  0.0510  0.0343     -    0.0490  0.0845  
 9   0.0374  0.0604  0.0303  0.0465  0.0311  0.0534  0.0364  0.0490     -    0.0818  
10   0.0698  0.0949  0.0593  0.0554  0.0578  0.0732  0.0592  0.0845  0.0818     -    

Average distances (expected heterozygosity) between individuals in same cluster:
cluster  1  : 0.6887 
cluster  2  : 0.6125 
cluster  3  : 0.6641 
cluster  4  : 0.6790 
cluster  5  : 0.6740 
cluster  6  : 0.6624 
cluster  7  : 0.6777 
cluster  8  : 0.6833 
cluster  9  : 0.6740 
cluster 10  : 0.6036 

--------------------------------------------
Estimated Ln Prob of Data   = -9824.1
Mean value of ln likelihood = -9122.3
Variance of ln likelihood   = 1403.6
Mean value of alpha         = 0.0508

Mean value of Fst_1         = 0.0728
Mean value of Fst_2         = 0.1651
Mean value of Fst_3         = 0.0980
Mean value of Fst_4         = 0.0895
Mean value of Fst_5         = 0.0997
Mean value of Fst_6         = 0.1404
Mean value of Fst_7         = 0.0707
Mean value of Fst_8         = 0.1002
Mean value of Fst_9         = 0.1058
Mean value of Fst_10         = 0.2438


Inferred ancestry of individuals:
        Label (%Miss) Pop:  Inferred clusters
  1  BAFF014    (0)    1 :  0.013 0.015 0.008 0.022 0.021 0.009 0.013 0.885 0.005 0.008 
  2  BAFF379    (0)    2 :  0.040 0.035 0.230 0.140 0.195 0.084 0.201 0.012 0.012 0.051 
  3  BAFF212    (0)    3 :  0.634 0.028 0.019 0.034 0.022 0.014 0.188 0.013 0.031 0.016 
  4  BAFF018    (0)    4 :  0.029 0.007 0.180 0.016 0.389 0.010 0.296 0.007 0.017 0.050 
  5  BAFF247    (0)    4 :  0.048 0.011 0.169 0.068 0.255 0.021 0.397 0.007 0.013 0.012 
  6  BAFF024    (0)    5 :  0.209 0.039 0.017 0.552 0.035 0.053 0.030 0.019 0.036 0.009 
  7  BAFF088    (0)    6 :  0.797 0.009 0.018 0.023 0.019 0.042 0.033 0.010 0.020 0.030 
  8  BAFF429    (0)    6 :  0.131 0.175 0.092 0.219 0.135 0.096 0.081 0.019 0.013 0.039 
  9  BAFF087    (7)    7 :  0.918 0.006 0.005 0.005 0.005 0.035 0.007 0.007 0.006 0.005 
 10  BAFF225    (0)    7 :  0.412 0.109 0.023 0.059 0.023 0.069 0.253 0.032 0.013 0.008 
 11  BAFF195    (0)    8 :  0.064 0.044 0.061 0.109 0.082 0.070 0.076 0.036 0.013 0.446 
 12  BAFF238    (0)    9 :  0.055 0.402 0.077 0.054 0.035 0.101 0.125 0.099 0.030 0.022 
 13  BAFF019    (0)   10 :  0.032 0.007 0.044 0.028 0.034 0.042 0.017 0.024 0.754 0.019 
 14  BAFF175    (0)   10 :  0.104 0.100 0.311 0.046 0.163 0.117 0.092 0.011 0.033 0.024 
 15  BAFF156    (0)   11 :  0.005 0.005 0.007 0.005 0.006 0.006 0.005 0.005 0.006 0.950 
 16  BAFF301    (0)   11 :  0.032 0.029 0.015 0.040 0.016 0.011 0.022 0.806 0.020 0.009 
 17  BAFF141    (0)   12 :  0.014 0.005 0.331 0.006 0.407 0.005 0.174 0.048 0.005 0.006 
 18  BAFF302    (0)   12 :  0.020 0.019 0.024 0.732 0.028 0.010 0.106 0.015 0.033 0.013 
 19  BAFF290    (0)    1 :  0.017 0.100 0.068 0.015 0.050 0.027 0.037 0.668 0.012 0.006 
 20  BAFF498    (0)    6 :  0.033 0.032 0.029 0.211 0.028 0.159 0.216 0.176 0.057 0.059 
 21  BAFF455    (0)    7 :  0.038 0.064 0.116 0.017 0.063 0.634 0.020 0.020 0.018 0.009 
 22  BAFF203    (7)    8 :  0.071 0.021 0.030 0.019 0.038 0.755 0.040 0.007 0.010 0.008 
 23  BAFF056    (0)   12 :  0.012 0.020 0.015 0.012 0.019 0.008 0.061 0.015 0.834 0.004 
 24  BAFF327    (0)   12 :  0.043 0.010 0.240 0.016 0.581 0.010 0.011 0.030 0.041 0.018 
 25  BAFF255    (0)    1 :  0.011 0.014 0.010 0.010 0.010 0.008 0.022 0.903 0.007 0.005 
 26  BAFF256    (0)    1 :  0.010 0.011 0.007 0.005 0.007 0.007 0.007 0.932 0.011 0.004 
 27  BAFF257    (0)    1 :  0.006 0.008 0.007 0.004 0.006 0.007 0.007 0.946 0.005 0.004 
 28  BAFF260    (0)    1 :  0.011 0.013 0.006 0.009 0.006 0.014 0.008 0.922 0.007 0.004 
 29  BAFF259    (0)    1 :  0.009 0.009 0.009 0.007 0.009 0.006 0.007 0.926 0.012 0.007 
 30  BAFF261    (0)    1 :  0.009 0.007 0.010 0.007 0.009 0.007 0.016 0.921 0.008 0.007 
 31  BAFF274    (0)    1 :  0.022 0.012 0.017 0.039 0.020 0.023 0.048 0.794 0.014 0.010 
 32  BAFF262    (0)    1 :  0.023 0.006 0.013 0.012 0.016 0.024 0.008 0.881 0.007 0.008 
 33  BAFF294    (0)    1 :  0.039 0.006 0.007 0.014 0.008 0.014 0.008 0.890 0.008 0.006 
 34  BAFF292    (0)    1 :  0.011 0.472 0.028 0.029 0.025 0.009 0.020 0.383 0.009 0.013 
 35  BAFF296    (0)    1 :  0.007 0.473 0.013 0.022 0.012 0.008 0.025 0.415 0.014 0.013 
 36  BAFF295    (0)    1 :  0.034 0.159 0.050 0.011 0.038 0.021 0.023 0.648 0.011 0.006 
 37  BAFF298    (0)    1 :  0.016 0.008 0.013 0.029 0.017 0.009 0.025 0.854 0.021 0.008 
 38  BAFF299    (0)    1 :  0.011 0.006 0.006 0.008 0.007 0.009 0.005 0.897 0.035 0.015 
 39  BAFF375    (0)   13 :  0.006 0.944 0.007 0.006 0.006 0.006 0.008 0.007 0.005 0.005 
 40  BAFF376    (0)   13 :  0.046 0.816 0.018 0.034 0.015 0.016 0.019 0.011 0.017 0.007 
 41  BAFF377    (0)   13 :  0.006 0.931 0.007 0.013 0.006 0.006 0.009 0.010 0.007 0.006 
 42  BAFF022    (0)    5 :  0.092 0.024 0.220 0.206 0.276 0.013 0.050 0.098 0.009 0.013 
 43  BAFF021    (0)    5 :  0.111 0.014 0.370 0.099 0.302 0.019 0.028 0.038 0.013 0.007 
 44  BAFF499    (0)    6 :  0.012 0.023 0.180 0.048 0.106 0.014 0.030 0.006 0.571 0.009 
 45  BAFF204    (0)    8 :  0.028 0.026 0.051 0.090 0.138 0.017 0.592 0.008 0.039 0.011 
 46  BAFF068    (0)   12 :  0.008 0.011 0.025 0.017 0.022 0.011 0.022 0.054 0.820 0.008 
 47  BAFF336    (0)   12 :  0.080 0.009 0.087 0.037 0.072 0.021 0.074 0.011 0.513 0.094 
 48  BAFF447    (0)    7 :  0.018 0.014 0.027 0.157 0.021 0.016 0.713 0.006 0.010 0.019 
 49  BAFF457    (0)    7 :  0.009 0.056 0.027 0.202 0.024 0.015 0.587 0.025 0.010 0.044 
 50  BAFF448    (0)    7 :  0.111 0.030 0.027 0.026 0.044 0.231 0.435 0.049 0.007 0.040 
 51  BAFF465    (0)    7 :  0.049 0.014 0.023 0.015 0.020 0.784 0.060 0.012 0.012 0.012 
 52  BAFF194    (0)    8 :  0.048 0.040 0.018 0.753 0.026 0.032 0.036 0.021 0.011 0.015 
 53  BAFF199    (0)    8 :  0.019 0.021 0.306 0.168 0.180 0.024 0.227 0.014 0.013 0.028 
 54  BAFF500    (0)    6 :  0.085 0.033 0.021 0.170 0.045 0.113 0.233 0.216 0.076 0.007 
 55  BAFF206    (0)    8 :  0.312 0.180 0.170 0.022 0.159 0.023 0.058 0.022 0.045 0.009 
 56  BAFF069    (0)   12 :  0.040 0.015 0.017 0.013 0.016 0.012 0.013 0.009 0.848 0.017 
 57  BAFF330    (0)   12 :  0.693 0.013 0.026 0.016 0.045 0.054 0.050 0.019 0.019 0.063 
 58  BAFF239    (0)   10 :  0.023 0.010 0.502 0.006 0.266 0.022 0.012 0.012 0.117 0.031 
 59  BAFF241    (0)   10 :  0.016 0.008 0.447 0.016 0.249 0.032 0.014 0.019 0.184 0.015 
 60  BAFF157    (0)   11 :  0.004 0.005 0.006 0.008 0.006 0.005 0.005 0.004 0.004 0.952 
 61  BAFF161    (0)   11 :  0.004 0.005 0.005 0.005 0.004 0.005 0.004 0.004 0.005 0.959 
 62  BAFF160    (0)   11 :  0.005 0.005 0.005 0.006 0.005 0.006 0.005 0.004 0.005 0.954 
 63  BAFF008    (0)   12 :  0.300 0.022 0.040 0.016 0.025 0.203 0.199 0.031 0.150 0.013 
 64  BAFF013    (0)   12 :  0.861 0.012 0.036 0.012 0.018 0.020 0.015 0.008 0.010 0.008 
 65  BAFF407    (0)   12 :  0.030 0.012 0.017 0.011 0.022 0.009 0.013 0.010 0.864 0.012 
 66  BAFF503    (0)    6 :  0.035 0.014 0.017 0.010 0.009 0.062 0.021 0.006 0.805 0.019 
 67  BAFF449    (0)    7 :  0.819 0.006 0.061 0.009 0.058 0.011 0.011 0.007 0.011 0.006 
 68  BAFF207    (0)    8 :  0.311 0.081 0.024 0.063 0.025 0.060 0.031 0.012 0.390 0.004 
 69  BAFF070    (0)   12 :  0.014 0.012 0.026 0.010 0.040 0.012 0.014 0.010 0.855 0.008 
 70  BAFF335    (0)   12 :  0.011 0.005 0.292 0.013 0.626 0.009 0.012 0.008 0.015 0.010 
 71  BAFF507    (0)    6 :  0.009 0.037 0.011 0.844 0.016 0.014 0.028 0.022 0.006 0.012 
 72  BAFF450    (0)    7 :  0.054 0.333 0.096 0.064 0.044 0.022 0.173 0.090 0.042 0.082 
 73  BAFF209    (7)    8 :  0.069 0.248 0.114 0.062 0.074 0.274 0.037 0.025 0.022 0.075 
 74  BAFF072    (0)   12 :  0.009 0.011 0.607 0.008 0.212 0.030 0.026 0.009 0.021 0.068 
 75  BAFF339    (0)   12 :  0.036 0.227 0.069 0.045 0.092 0.010 0.117 0.011 0.383 0.010 
 76  BAFF508    (0)    6 :  0.016 0.037 0.106 0.014 0.050 0.021 0.269 0.057 0.015 0.415 
 77  BAFF451    (0)    7 :  0.016 0.023 0.107 0.264 0.083 0.112 0.354 0.009 0.022 0.010 
 78  BAFF210    (0)    8 :  0.227 0.112 0.019 0.032 0.021 0.020 0.114 0.065 0.383 0.006 
 79  BAFF139    (0)   12 :  0.027 0.038 0.097 0.306 0.091 0.054 0.290 0.043 0.014 0.039 
 80  BAFF341    (0)   12 :  0.022 0.106 0.279 0.020 0.150 0.172 0.196 0.014 0.010 0.030 
 81  BAFF509    (0)    6 :  0.707 0.016 0.028 0.038 0.026 0.087 0.017 0.051 0.024 0.007 
 82  BAFF453    (0)    7 :  0.064 0.612 0.065 0.029 0.053 0.034 0.040 0.009 0.085 0.009 
 83  BAFF389    (0)    8 :  0.019 0.604 0.011 0.016 0.012 0.016 0.007 0.011 0.005 0.298 
 84  BAFF163    (0)   12 :  0.007 0.017 0.006 0.005 0.005 0.013 0.005 0.003 0.931 0.007 
 85  BAFF344    (7)   12 :  0.038 0.073 0.208 0.030 0.387 0.019 0.027 0.009 0.179 0.030 
 86  BAFF510    (0)    6 :  0.173 0.013 0.029 0.608 0.036 0.021 0.034 0.009 0.026 0.051 
 87  BAFF456    (0)    7 :  0.018 0.046 0.068 0.381 0.052 0.012 0.362 0.016 0.033 0.012 
 88  BAFF390    (0)    8 :  0.007 0.936 0.007 0.013 0.007 0.004 0.005 0.005 0.004 0.010 
 89  BAFF142    (0)   12 :  0.009 0.008 0.388 0.009 0.278 0.013 0.094 0.175 0.016 0.009 
 90  BAFF363    (7)   12 :  0.010 0.006 0.013 0.008 0.021 0.009 0.008 0.007 0.898 0.020 
 91  BAFF517    (0)    6 :  0.025 0.247 0.068 0.365 0.126 0.015 0.095 0.007 0.037 0.014 
 92  BAFF458    (0)    7 :  0.386 0.017 0.047 0.098 0.092 0.028 0.245 0.044 0.031 0.012 
 93  BAFF391    (0)    8 :  0.023 0.038 0.138 0.099 0.114 0.024 0.111 0.123 0.323 0.009 
 94  BAFF149    (0)   12 :  0.017 0.077 0.392 0.014 0.398 0.010 0.030 0.010 0.025 0.027 
 95  BAFF366    (7)   12 :  0.014 0.028 0.337 0.072 0.366 0.006 0.110 0.011 0.022 0.033 
 96  BAFF512    (0)    6 :  0.045 0.060 0.015 0.097 0.026 0.078 0.504 0.115 0.045 0.017 
 97  BAFF460    (0)    7 :  0.010 0.020 0.200 0.041 0.449 0.014 0.227 0.014 0.013 0.013 
 98  BAFF138    (0)   12 :  0.012 0.012 0.321 0.013 0.573 0.005 0.022 0.013 0.014 0.013 
 99  BAFF374    (0)   12 :  0.762 0.012 0.013 0.018 0.018 0.013 0.008 0.026 0.098 0.032 
100  BAFF015    (0)    1 :  0.012 0.009 0.016 0.012 0.034 0.011 0.011 0.881 0.008 0.006 
101  BAFF380    (0)    2 :  0.502 0.014 0.031 0.101 0.057 0.014 0.036 0.011 0.028 0.207 
102  BAFF216    (0)    3 :  0.072 0.089 0.030 0.427 0.060 0.113 0.133 0.036 0.026 0.014 
103  BAFF017    (0)    4 :  0.016 0.130 0.006 0.720 0.030 0.005 0.056 0.015 0.015 0.005 
104  BAFF245    (0)    4 :  0.122 0.060 0.225 0.075 0.181 0.067 0.098 0.128 0.034 0.010 
105  BAFF378    (7)   13 :  0.017 0.022 0.056 0.099 0.047 0.049 0.487 0.194 0.011 0.018 
106  BAFF023    (0)    5 :  0.088 0.060 0.086 0.026 0.035 0.088 0.556 0.023 0.028 0.010 
107  BAFF079    (0)    6 :  0.262 0.069 0.062 0.319 0.066 0.045 0.053 0.045 0.046 0.032 
108  BAFF435    (0)    6 :  0.046 0.013 0.064 0.049 0.088 0.019 0.681 0.008 0.019 0.013 
109  BAFF174    (7)    7 :  0.032 0.813 0.034 0.017 0.021 0.018 0.016 0.006 0.030 0.013 
110  BAFF226    (0)    7 :  0.013 0.024 0.070 0.224 0.034 0.007 0.591 0.011 0.009 0.018 
111  BAFF190    (0)    8 :  0.056 0.011 0.136 0.014 0.058 0.611 0.039 0.015 0.049 0.011 
112  BAFF243    (0)    9 :  0.028 0.091 0.074 0.332 0.079 0.024 0.193 0.073 0.006 0.101 
113  BAFF177    (0)   10 :  0.762 0.052 0.024 0.030 0.032 0.032 0.016 0.021 0.006 0.025 
114  BAFF364    (7)   11 :  0.042 0.026 0.061 0.033 0.022 0.067 0.176 0.011 0.023 0.539 
115  BAFF305    (0)   12 :  0.012 0.022 0.267 0.014 0.622 0.011 0.011 0.018 0.013 0.008 
116  BAFF513    (0)    6 :  0.514 0.048 0.019 0.085 0.021 0.183 0.055 0.047 0.017 0.011 
117  BAFF462    (0)    7 :  0.064 0.008 0.072 0.017 0.079 0.282 0.097 0.339 0.030 0.014 
118  BAFF143    (0)   12 :  0.048 0.027 0.219 0.040 0.372 0.037 0.099 0.008 0.079 0.071 
119  BAFF403    (0)   12 :  0.011 0.007 0.008 0.008 0.008 0.006 0.007 0.007 0.926 0.010 
120  BAFF514    (0)    6 :  0.677 0.013 0.064 0.026 0.060 0.054 0.031 0.006 0.061 0.007 
121  BAFF463    (0)    7 :  0.007 0.005 0.007 0.004 0.006 0.951 0.005 0.005 0.004 0.006 
122  BAFF137    (0)   12 :  0.252 0.007 0.419 0.013 0.214 0.040 0.032 0.009 0.007 0.007 
123  BAFF404    (0)   12 :  0.009 0.008 0.012 0.012 0.010 0.008 0.010 0.014 0.897 0.020 
124  BAFF515    (0)    6 :  0.184 0.043 0.058 0.192 0.150 0.136 0.148 0.019 0.044 0.026 
125  BAFF144    (0)   12 :  0.341 0.017 0.080 0.042 0.112 0.045 0.120 0.010 0.074 0.161 
126  BAFF405    (7)   12 :  0.052 0.007 0.229 0.022 0.592 0.014 0.019 0.019 0.015 0.032 
127  BAFF518    (0)    6 :  0.037 0.020 0.259 0.038 0.169 0.010 0.099 0.009 0.344 0.015 
128  BAFF467    (0)    7 :  0.086 0.031 0.134 0.225 0.133 0.062 0.280 0.017 0.022 0.010 
129  BAFF145    (0)   12 :  0.088 0.020 0.158 0.017 0.106 0.009 0.124 0.070 0.011 0.396 
130  BAFF406    (0)   12 :  0.144 0.011 0.051 0.036 0.054 0.014 0.025 0.008 0.302 0.356 
131  BAFF519    (0)    6 :  0.059 0.492 0.066 0.059 0.062 0.091 0.135 0.010 0.012 0.014 
132  BAFF471    (0)    7 :  0.039 0.025 0.114 0.136 0.189 0.314 0.094 0.057 0.019 0.014 
133  BAFF136    (0)   12 :  0.039 0.051 0.042 0.009 0.116 0.019 0.008 0.005 0.705 0.007 
134  BAFF520    (7)    6 :  0.230 0.047 0.054 0.204 0.072 0.055 0.242 0.026 0.058 0.012 
135  BAFF472    (0)    7 :  0.090 0.058 0.137 0.036 0.117 0.317 0.162 0.019 0.014 0.050 
136  BAFF165    (0)   12 :  0.015 0.013 0.325 0.070 0.290 0.028 0.165 0.050 0.038 0.007 
137  BAFF408    (0)   12 :  0.020 0.017 0.525 0.022 0.219 0.014 0.048 0.027 0.071 0.037 
138  BAFF522    (0)    6 :  0.417 0.023 0.035 0.030 0.080 0.272 0.027 0.033 0.067 0.016 
139  BAFF475    (0)    7 :  0.120 0.038 0.073 0.494 0.065 0.029 0.127 0.008 0.032 0.014 
140  BAFF140    (0)   12 :  0.183 0.022 0.166 0.081 0.403 0.049 0.021 0.013 0.023 0.039 
141  BAFF409    (0)   12 :  0.027 0.017 0.015 0.011 0.015 0.048 0.012 0.083 0.761 0.011 
142  BAFF523    (0)    6 :  0.147 0.026 0.044 0.070 0.037 0.506 0.110 0.013 0.008 0.040 
143  BAFF476    (0)    7 :  0.011 0.038 0.052 0.376 0.049 0.018 0.137 0.007 0.032 0.279 
144  BAFF147    (0)   12 :  0.178 0.010 0.330 0.041 0.241 0.012 0.032 0.017 0.131 0.009 
145  BAFF410    (0)   12 :  0.019 0.015 0.088 0.223 0.199 0.007 0.016 0.013 0.411 0.008 
146  BAFF477    (0)    7 :  0.016 0.020 0.083 0.192 0.083 0.014 0.501 0.074 0.006 0.011 
147  BAFF411    (0)   12 :  0.017 0.272 0.052 0.009 0.056 0.009 0.098 0.316 0.093 0.079 
148  BAFF486    (7)    7 :  0.005 0.010 0.046 0.032 0.047 0.005 0.835 0.008 0.006 0.007 
149  BAFF412    (7)   12 :  0.116 0.014 0.017 0.031 0.014 0.052 0.023 0.037 0.673 0.022 
150  BAFF258    (0)    1 :  0.149 0.016 0.037 0.050 0.027 0.378 0.128 0.139 0.029 0.047 
151  BAFF392    (0)    2 :  0.086 0.018 0.007 0.005 0.006 0.845 0.005 0.004 0.006 0.018 
152  BAFF217    (0)    3 :  0.017 0.576 0.091 0.052 0.049 0.018 0.130 0.010 0.019 0.037 
153  BAFF016    (0)    4 :  0.053 0.034 0.028 0.673 0.120 0.006 0.008 0.005 0.025 0.048 
154  BAFF246    (0)    4 :  0.328 0.166 0.014 0.355 0.019 0.017 0.041 0.009 0.014 0.036 
155  BAFF381    (0)   13 :  0.026 0.045 0.282 0.054 0.197 0.021 0.321 0.010 0.031 0.011 
156  BAFF078    (0)    6 :  0.009 0.014 0.604 0.006 0.216 0.018 0.010 0.005 0.022 0.096 
157  BAFF481    (0)    6 :  0.094 0.117 0.223 0.051 0.135 0.027 0.284 0.020 0.038 0.011 
158  BAFF436    (0)    7 :  0.297 0.044 0.036 0.254 0.065 0.101 0.050 0.063 0.044 0.046 
159  BAFF191    (0)    8 :  0.369 0.428 0.025 0.050 0.022 0.019 0.049 0.009 0.019 0.011 
160  BAFF382    (0)    9 :  0.021 0.052 0.096 0.027 0.079 0.071 0.559 0.007 0.051 0.037 
161  BAFF178    (0)   10 :  0.829 0.047 0.010 0.035 0.015 0.017 0.010 0.007 0.025 0.005 
162  BAFF159    (7)   11 :  0.018 0.006 0.019 0.868 0.010 0.006 0.045 0.007 0.013 0.008 
163  BAFF365    (7)   11 :  0.031 0.029 0.319 0.065 0.159 0.012 0.171 0.178 0.013 0.023 
164  BAFF007    (0)   12 :  0.039 0.060 0.232 0.177 0.128 0.053 0.167 0.047 0.023 0.074 
165  BAFF304    (7)   12 :  0.018 0.012 0.480 0.030 0.275 0.011 0.089 0.010 0.044 0.032 
166  BAFF487    (0)    7 :  0.078 0.065 0.024 0.061 0.033 0.235 0.365 0.026 0.042 0.072 
167  BAFF415    (0)   12 :  0.016 0.010 0.083 0.051 0.092 0.049 0.045 0.057 0.579 0.018 
168  BAFF488    (0)    7 :  0.043 0.049 0.057 0.099 0.042 0.008 0.066 0.607 0.015 0.014 
169  BAFF417    (0)   12 :  0.120 0.019 0.176 0.022 0.276 0.009 0.036 0.014 0.315 0.012 
170  BAFF489    (0)    7 :  0.031 0.014 0.226 0.071 0.142 0.114 0.300 0.007 0.040 0.056 
171  BAFF426    (0)   12 :  0.018 0.012 0.055 0.011 0.036 0.021 0.015 0.016 0.810 0.006 
172  BAFF490    (7)    7 :  0.113 0.013 0.023 0.303 0.033 0.026 0.326 0.023 0.011 0.129 
173  BAFF491    (0)    7 :  0.261 0.032 0.032 0.024 0.045 0.026 0.496 0.041 0.008 0.035 
174  BAFF492    (0)    7 :  0.030 0.030 0.085 0.032 0.092 0.018 0.689 0.006 0.011 0.006 
175  BAFF493    (0)    7 :  0.042 0.018 0.030 0.025 0.045 0.251 0.094 0.451 0.031 0.013 
176  BAFF506    (0)    7 :  0.251 0.044 0.028 0.036 0.069 0.078 0.333 0.126 0.015 0.019 
177  BAFF393    (0)    2 :  0.027 0.022 0.099 0.094 0.140 0.011 0.282 0.028 0.012 0.284 
178  BAFF218    (0)    3 :  0.028 0.231 0.049 0.104 0.063 0.203 0.241 0.036 0.023 0.021 
179  BAFF254    (0)    4 :  0.041 0.012 0.157 0.011 0.185 0.013 0.255 0.032 0.011 0.283 
180  BAFF385    (0)   13 :  0.122 0.026 0.181 0.015 0.145 0.296 0.154 0.019 0.024 0.018 
181  BAFF076    (0)    6 :  0.887 0.010 0.007 0.007 0.008 0.041 0.009 0.009 0.010 0.012 
182  BAFF482    (0)    6 :  0.088 0.012 0.061 0.106 0.153 0.045 0.440 0.009 0.069 0.016 
183  BAFF437    (0)    7 :  0.014 0.010 0.238 0.109 0.288 0.055 0.250 0.021 0.010 0.005 
184  BAFF192    (0)    8 :  0.477 0.039 0.060 0.053 0.049 0.136 0.038 0.014 0.012 0.121 
185  BAFF383    (0)    9 :  0.008 0.010 0.064 0.011 0.097 0.148 0.034 0.612 0.011 0.006 
186  BAFF180    (0)   10 :  0.426 0.259 0.021 0.076 0.023 0.050 0.035 0.008 0.092 0.010 
187  BAFF048    (7)   12 :  0.111 0.009 0.032 0.186 0.100 0.033 0.041 0.076 0.018 0.394 
188  BAFF306    (0)   12 :  0.033 0.055 0.259 0.049 0.445 0.053 0.052 0.009 0.032 0.013 
189  BAFF394    (0)    2 :  0.149 0.119 0.113 0.273 0.153 0.020 0.040 0.048 0.012 0.072 
190  BAFF219    (0)    3 :  0.026 0.044 0.211 0.266 0.151 0.022 0.250 0.007 0.011 0.012 
191  BAFF388    (0)    4 :  0.412 0.012 0.022 0.024 0.019 0.042 0.044 0.171 0.245 0.009 
192  BAFF386    (7)   13 :  0.290 0.022 0.062 0.030 0.087 0.383 0.069 0.017 0.014 0.026 
193  BAFF084    (0)    6 :  0.018 0.014 0.049 0.047 0.042 0.012 0.250 0.011 0.011 0.547 
194  BAFF483    (0)    6 :  0.739 0.031 0.031 0.042 0.031 0.015 0.034 0.024 0.046 0.007 
195  BAFF438   (15)    7 :  0.037 0.021 0.335 0.020 0.239 0.040 0.194 0.017 0.024 0.073 
196  BAFF193    (0)    8 :  0.097 0.044 0.043 0.022 0.032 0.037 0.381 0.312 0.017 0.016 
197  BAFF183    (0)   10 :  0.049 0.024 0.182 0.428 0.134 0.022 0.076 0.053 0.017 0.015 
198  BAFF153    (0)   12 :  0.013 0.006 0.362 0.014 0.550 0.009 0.016 0.007 0.013 0.011 
199  BAFF307    (0)   12 :  0.030 0.019 0.225 0.018 0.453 0.022 0.121 0.010 0.022 0.079 
200  BAFF397    (0)    2 :  0.005 0.016 0.158 0.232 0.120 0.005 0.430 0.007 0.012 0.014 
201  BAFF220    (0)    3 :  0.009 0.005 0.007 0.009 0.006 0.928 0.009 0.006 0.007 0.013 
202  BAFF095    (0)    6 :  0.813 0.014 0.012 0.013 0.013 0.070 0.012 0.035 0.011 0.006 
203  BAFF494    (0)    6 :  0.050 0.018 0.018 0.051 0.019 0.514 0.246 0.006 0.041 0.037 
204  BAFF439    (0)    7 :  0.056 0.116 0.315 0.017 0.129 0.007 0.124 0.008 0.219 0.009 
205  BAFF182    (0)   10 :  0.359 0.029 0.082 0.061 0.068 0.150 0.023 0.033 0.122 0.074 
206  BAFF054    (0)   12 :  0.012 0.006 0.010 0.007 0.013 0.006 0.009 0.006 0.924 0.008 
207  BAFF308    (0)   12 :  0.013 0.008 0.538 0.022 0.260 0.025 0.086 0.017 0.017 0.015 
208  BAFF266    (0)    1 :  0.057 0.011 0.042 0.213 0.045 0.022 0.291 0.161 0.052 0.105 
209  BAFF398    (7)    2 :  0.027 0.005 0.005 0.005 0.009 0.913 0.015 0.010 0.005 0.005 
210  BAFF221    (0)    3 :  0.013 0.007 0.101 0.009 0.061 0.090 0.008 0.332 0.017 0.362 
211  BAFF090    (0)    6 :  0.023 0.018 0.328 0.018 0.227 0.186 0.091 0.013 0.045 0.051 
212  BAFF495    (0)    6 :  0.030 0.721 0.012 0.143 0.021 0.007 0.037 0.008 0.013 0.008 
213  BAFF459    (0)    7 :  0.021 0.061 0.020 0.668 0.046 0.013 0.073 0.006 0.013 0.079 
214  BAFF197    (0)    8 :  0.031 0.133 0.283 0.090 0.196 0.017 0.158 0.011 0.068 0.013 
215  BAFF188    (0)   10 :  0.021 0.019 0.549 0.018 0.270 0.011 0.028 0.013 0.020 0.050 
216  BAFF051    (0)   12 :  0.067 0.023 0.065 0.085 0.046 0.034 0.218 0.022 0.427 0.013 
217  BAFF309    (0)   12 :  0.022 0.017 0.038 0.027 0.066 0.148 0.636 0.008 0.014 0.025 
218  BAFF269    (0)    1 :  0.129 0.113 0.191 0.159 0.124 0.014 0.183 0.067 0.010 0.010 
219  BAFF077    (0)    6 :  0.005 0.012 0.006 0.901 0.009 0.005 0.007 0.007 0.010 0.039 
220  BAFF496    (0)    6 :  0.008 0.910 0.007 0.012 0.007 0.006 0.027 0.010 0.008 0.004 
221  BAFF443    (0)    7 :  0.063 0.029 0.123 0.131 0.144 0.031 0.298 0.056 0.112 0.014 
222  BAFF198    (0)    8 :  0.207 0.161 0.052 0.086 0.068 0.260 0.112 0.008 0.030 0.015 
223  BAFF053    (0)   12 :  0.008 0.035 0.581 0.011 0.245 0.011 0.052 0.018 0.027 0.010 
224  BAFF310    (0)   12 :  0.012 0.008 0.071 0.048 0.063 0.008 0.025 0.007 0.743 0.014 
225  BAFF282    (0)    1 :  0.066 0.026 0.031 0.105 0.025 0.020 0.016 0.685 0.015 0.011 
226  BAFF497    (0)    6 :  0.013 0.062 0.021 0.696 0.042 0.023 0.109 0.010 0.013 0.010 
227  BAFF466    (0)    7 :  0.020 0.020 0.073 0.096 0.171 0.133 0.297 0.014 0.031 0.144 
228  BAFF200    (7)    8 :  0.692 0.013 0.023 0.025 0.040 0.051 0.098 0.011 0.021 0.026 
229  BAFF240    (0)   10 :  0.029 0.014 0.100 0.024 0.049 0.130 0.071 0.014 0.010 0.560 
230  BAFF055    (0)   12 :  0.051 0.008 0.067 0.016 0.079 0.015 0.022 0.015 0.719 0.008 
231  BAFF311    (7)   12 :  0.112 0.006 0.012 0.015 0.017 0.782 0.008 0.028 0.006 0.014 


Estimated Allele Frequencies in each cluster
First column gives estimated ancestral frequencies


Locus 1 : btern01 
9 alleles
0.0% missing data
   1   (0.137) 0.199 0.170 0.117 0.179 0.194 0.049 0.147 0.120 0.036 0.090 
   2   (0.017) 0.005 0.003 0.004 0.010 0.005 0.005 0.010 0.029 0.004 0.004 
   3   (0.167) 0.083 0.201 0.201 0.261 0.186 0.155 0.213 0.063 0.090 0.169 
   4   (0.211) 0.233 0.340 0.213 0.113 0.165 0.171 0.221 0.200 0.168 0.272 
   5   (0.287) 0.202 0.094 0.347 0.294 0.352 0.178 0.332 0.445 0.352 0.389 
   6   (0.078) 0.089 0.045 0.087 0.083 0.068 0.028 0.031 0.033 0.324 0.018 
   7   (0.052) 0.111 0.011 0.016 0.014 0.015 0.393 0.017 0.085 0.017 0.047 
   8   (0.015) 0.004 0.033 0.005 0.005 0.004 0.003 0.005 0.018 0.002 0.002 
   9   (0.037) 0.074 0.103 0.010 0.040 0.011 0.017 0.023 0.007 0.007 0.010 

Locus 2 : bt28 
5 alleles
0.0% missing data
   1   (0.675) 0.645 0.757 0.689 0.665 0.749 0.515 0.703 0.768 0.715 0.656 
   2   (0.148) 0.253 0.168 0.157 0.110 0.118 0.067 0.106 0.175 0.092 0.048 
   3   (0.142) 0.093 0.067 0.142 0.081 0.124 0.411 0.166 0.037 0.186 0.286 
   4   (0.024) 0.007 0.005 0.009 0.140 0.007 0.004 0.023 0.006 0.004 0.009 
   5   (0.011) 0.003 0.002 0.003 0.004 0.002 0.002 0.003 0.013 0.002 0.002 

Locus 3 : b96 
8 alleles
0.9% missing data
   1   (0.332) 0.456 0.205 0.402 0.334 0.385 0.268 0.304 0.363 0.307 0.190 
   2   (0.481) 0.453 0.755 0.456 0.553 0.414 0.604 0.588 0.421 0.511 0.583 
   3   (0.044) 0.021 0.010 0.038 0.020 0.085 0.026 0.042 0.010 0.050 0.061 
   4   (0.015) 0.004 0.002 0.003 0.005 0.003 0.003 0.006 0.004 0.003 0.125 
   5   (0.051) 0.029 0.011 0.032 0.053 0.051 0.045 0.028 0.028 0.036 0.011 
   6   (0.028) 0.019 0.004 0.009 0.006 0.015 0.045 0.006 0.098 0.005 0.005 
   7   (0.038) 0.013 0.010 0.057 0.025 0.043 0.008 0.022 0.074 0.007 0.023 
   8   (0.013) 0.004 0.002 0.003 0.003 0.002 0.003 0.003 0.003 0.082 0.002 

Locus 4 : bt30 
12 alleles
0.9% missing data
   1   (0.117) 0.137 0.025 0.093 0.078 0.097 0.207 0.104 0.281 0.107 0.023 
   2   (0.291) 0.297 0.431 0.325 0.230 0.301 0.236 0.385 0.283 0.290 0.149 
   3   (0.076) 0.036 0.069 0.053 0.138 0.050 0.032 0.238 0.019 0.027 0.072 
   4   (0.185) 0.198 0.129 0.246 0.292 0.220 0.236 0.107 0.101 0.240 0.125 
   5   (0.012) 0.026 0.002 0.002 0.003 0.002 0.003 0.005 0.003 0.002 0.002 
   6   (0.101) 0.185 0.071 0.046 0.157 0.057 0.234 0.052 0.113 0.049 0.028 
   7   (0.030) 0.009 0.014 0.066 0.011 0.039 0.012 0.017 0.021 0.011 0.008 
   8   (0.051) 0.014 0.010 0.046 0.022 0.057 0.011 0.038 0.047 0.071 0.091 
   9   (0.098) 0.049 0.229 0.104 0.059 0.163 0.022 0.043 0.056 0.196 0.497 
  10   (0.013) 0.003 0.003 0.003 0.003 0.002 0.002 0.003 0.072 0.002 0.001 
  11   (0.016) 0.044 0.004 0.012 0.004 0.009 0.003 0.004 0.003 0.003 0.002 
  12   (0.010) 0.002 0.014 0.003 0.003 0.003 0.002 0.004 0.002 0.002 0.002 

Locus 5 : btms0081 
3 alleles
0.9% missing data
   1   (0.498) 0.575 0.243 0.381 0.638 0.412 0.655 0.549 0.599 0.311 0.755 
   2   (0.351) 0.264 0.523 0.398 0.268 0.424 0.293 0.373 0.209 0.505 0.211 
   3   (0.151) 0.161 0.234 0.220 0.093 0.165 0.052 0.078 0.192 0.184 0.034 

Locus 6 : btms0066 
24 alleles
0.0% missing data
   1   (0.277) 0.247 0.223 0.307 0.167 0.327 0.460 0.326 0.382 0.398 0.109 
   2   (0.016) 0.004 0.033 0.004 0.004 0.004 0.003 0.005 0.056 0.003 0.003 
   3   (0.032) 0.013 0.011 0.067 0.011 0.119 0.030 0.028 0.006 0.009 0.008 
   4   (0.142) 0.267 0.413 0.103 0.320 0.118 0.112 0.202 0.053 0.124 0.032 
   5   (0.093) 0.074 0.071 0.190 0.091 0.180 0.047 0.155 0.023 0.095 0.025 
   6   (0.058) 0.118 0.038 0.044 0.023 0.037 0.209 0.028 0.012 0.014 0.172 
   7   (0.016) 0.055 0.003 0.003 0.003 0.003 0.005 0.008 0.016 0.003 0.002 
   8   (0.051) 0.022 0.038 0.030 0.130 0.025 0.014 0.034 0.081 0.036 0.026 
   9   (0.024) 0.010 0.004 0.044 0.006 0.019 0.006 0.010 0.004 0.005 0.360 
  10   (0.029) 0.008 0.006 0.009 0.016 0.008 0.009 0.037 0.156 0.005 0.037 
  11   (0.022) 0.008 0.015 0.006 0.008 0.006 0.006 0.007 0.152 0.015 0.005 
  12   (0.035) 0.008 0.101 0.028 0.132 0.025 0.007 0.039 0.007 0.013 0.008 
  13   (0.026) 0.008 0.005 0.031 0.007 0.019 0.029 0.022 0.006 0.013 0.017 
  14   (0.020) 0.008 0.003 0.005 0.005 0.005 0.004 0.006 0.004 0.049 0.088 
  15   (0.019) 0.007 0.007 0.016 0.020 0.013 0.004 0.042 0.005 0.003 0.004 
  16   (0.028) 0.040 0.007 0.009 0.014 0.013 0.010 0.008 0.006 0.111 0.044 
  17   (0.020) 0.005 0.004 0.062 0.005 0.034 0.009 0.011 0.010 0.018 0.039 
  18   (0.012) 0.003 0.002 0.002 0.002 0.002 0.002 0.002 0.002 0.035 0.002 
  19   (0.014) 0.007 0.002 0.022 0.003 0.023 0.003 0.004 0.003 0.003 0.002 
  20   (0.020) 0.051 0.007 0.005 0.016 0.006 0.005 0.006 0.005 0.007 0.005 
  21   (0.013) 0.026 0.002 0.004 0.004 0.004 0.011 0.006 0.004 0.003 0.006 
  22   (0.008) 0.004 0.002 0.002 0.003 0.002 0.012 0.003 0.002 0.001 0.002 
  23   (0.011) 0.002 0.002 0.002 0.002 0.003 0.002 0.002 0.002 0.034 0.001 
  24   (0.012) 0.003 0.002 0.003 0.006 0.003 0.002 0.006 0.004 0.003 0.004 

Locus 7 : btms0083 
31 alleles
3.0% missing data
   1   (0.014) 0.003 0.002 0.004 0.003 0.004 0.009 0.003 0.239 0.002 0.008 
   2   (0.025) 0.006 0.004 0.029 0.006 0.031 0.007 0.017 0.106 0.005 0.008 
   3   (0.032) 0.024 0.006 0.014 0.024 0.012 0.113 0.013 0.006 0.010 0.143 
   4   (0.040) 0.019 0.012 0.029 0.016 0.024 0.084 0.048 0.059 0.010 0.025 
   5   (0.206) 0.388 0.162 0.231 0.162 0.227 0.201 0.211 0.236 0.274 0.115 
   6   (0.021) 0.041 0.004 0.008 0.020 0.009 0.007 0.012 0.005 0.004 0.006 
   7   (0.062) 0.020 0.016 0.204 0.044 0.133 0.028 0.096 0.016 0.115 0.021 
   8   (0.037) 0.013 0.010 0.109 0.026 0.086 0.012 0.056 0.017 0.014 0.007 
   9   (0.035) 0.038 0.030 0.027 0.038 0.031 0.061 0.029 0.008 0.007 0.007 
  10   (0.018) 0.156 0.004 0.007 0.005 0.013 0.007 0.007 0.005 0.007 0.003 
  11   (0.056) 0.033 0.082 0.047 0.111 0.036 0.029 0.084 0.015 0.011 0.485 
  12   (0.018) 0.006 0.009 0.005 0.007 0.006 0.014 0.009 0.039 0.004 0.003 
  13   (0.057) 0.047 0.041 0.053 0.123 0.080 0.028 0.032 0.011 0.068 0.021 
  14   (0.032) 0.009 0.009 0.030 0.114 0.032 0.013 0.128 0.007 0.006 0.008 
  15   (0.026) 0.028 0.019 0.009 0.090 0.014 0.008 0.011 0.016 0.005 0.006 
  16   (0.021) 0.020 0.007 0.007 0.011 0.006 0.148 0.027 0.027 0.004 0.006 
  17   (0.023) 0.015 0.425 0.009 0.008 0.009 0.013 0.010 0.038 0.004 0.011 
  18   (0.054) 0.063 0.027 0.029 0.027 0.037 0.030 0.050 0.040 0.128 0.013 
  19   (0.016) 0.004 0.007 0.006 0.006 0.006 0.003 0.010 0.007 0.128 0.004 
  20   (0.025) 0.008 0.004 0.044 0.007 0.108 0.005 0.012 0.004 0.054 0.004 
  21   (0.011) 0.003 0.002 0.002 0.003 0.002 0.002 0.002 0.035 0.002 0.001 
  22   (0.014) 0.003 0.021 0.003 0.003 0.003 0.003 0.004 0.017 0.003 0.003 
  23   (0.017) 0.006 0.010 0.009 0.012 0.007 0.005 0.010 0.016 0.003 0.003 
  24   (0.013) 0.003 0.002 0.003 0.003 0.003 0.003 0.003 0.003 0.015 0.002 
  25   (0.032) 0.015 0.007 0.022 0.009 0.033 0.133 0.053 0.006 0.007 0.006 
  26   (0.015) 0.005 0.010 0.004 0.098 0.006 0.003 0.005 0.003 0.003 0.004 
  27   (0.027) 0.008 0.052 0.027 0.007 0.021 0.008 0.013 0.005 0.061 0.006 
  28   (0.017) 0.006 0.010 0.012 0.005 0.007 0.011 0.018 0.004 0.003 0.063 
  29   (0.014) 0.004 0.003 0.004 0.006 0.004 0.008 0.016 0.005 0.003 0.004 
  30   (0.016) 0.006 0.002 0.008 0.004 0.007 0.003 0.004 0.003 0.039 0.002 
  31   (0.008) 0.003 0.003 0.004 0.004 0.003 0.002 0.004 0.002 0.001 0.001 

Locus 8 : b126 
16 alleles
0.0% missing data
   1   (0.044) 0.035 0.009 0.024 0.048 0.023 0.082 0.020 0.045 0.014 0.008 
   2   (0.052) 0.020 0.079 0.047 0.037 0.043 0.018 0.046 0.141 0.009 0.009 
   3   (0.310) 0.282 0.514 0.511 0.239 0.340 0.237 0.387 0.172 0.368 0.622 
   4   (0.032) 0.010 0.026 0.012 0.095 0.015 0.020 0.029 0.008 0.007 0.005 
   5   (0.076) 0.159 0.053 0.037 0.040 0.045 0.145 0.126 0.022 0.042 0.026 
   6   (0.062) 0.023 0.015 0.104 0.106 0.147 0.017 0.085 0.014 0.161 0.010 
   7   (0.102) 0.248 0.037 0.081 0.121 0.162 0.042 0.070 0.020 0.141 0.213 
   8   (0.029) 0.009 0.010 0.010 0.062 0.013 0.008 0.010 0.007 0.087 0.006 
   9   (0.011) 0.045 0.002 0.002 0.002 0.002 0.003 0.002 0.002 0.002 0.001 
  10   (0.042) 0.053 0.018 0.015 0.017 0.014 0.148 0.014 0.028 0.058 0.007 
  11   (0.091) 0.039 0.032 0.077 0.129 0.112 0.039 0.110 0.420 0.020 0.071 
  12   (0.031) 0.007 0.005 0.028 0.010 0.031 0.007 0.036 0.024 0.032 0.004 
  13   (0.061) 0.015 0.167 0.030 0.025 0.035 0.168 0.044 0.087 0.050 0.009 
  14   (0.023) 0.022 0.027 0.006 0.057 0.006 0.005 0.008 0.005 0.005 0.004 
  15   (0.017) 0.029 0.004 0.012 0.004 0.009 0.003 0.004 0.003 0.003 0.002 
  16   (0.016) 0.003 0.003 0.004 0.007 0.004 0.057 0.007 0.003 0.003 0.002 

Locus 9 : btms0062 
34 alleles
0.0% missing data
   1   (0.029) 0.044 0.007 0.010 0.024 0.018 0.030 0.029 0.087 0.008 0.037 
   2   (0.051) 0.057 0.252 0.026 0.067 0.026 0.042 0.027 0.105 0.013 0.022 
   3   (0.077) 0.064 0.062 0.203 0.052 0.222 0.028 0.078 0.083 0.056 0.042 
   4   (0.097) 0.279 0.023 0.042 0.158 0.036 0.059 0.133 0.051 0.215 0.219 
   5   (0.051) 0.076 0.011 0.067 0.021 0.089 0.020 0.190 0.016 0.011 0.066 
   6   (0.027) 0.009 0.022 0.023 0.016 0.037 0.015 0.030 0.007 0.006 0.016 
   7   (0.014) 0.005 0.003 0.006 0.004 0.007 0.004 0.018 0.003 0.002 0.002 
   8   (0.020) 0.007 0.011 0.038 0.032 0.036 0.005 0.047 0.005 0.004 0.003 
   9   (0.044) 0.043 0.020 0.021 0.169 0.023 0.017 0.029 0.021 0.019 0.058 
  10   (0.056) 0.059 0.017 0.029 0.063 0.030 0.116 0.070 0.039 0.058 0.009 
  11   (0.061) 0.042 0.020 0.075 0.069 0.056 0.245 0.046 0.016 0.038 0.336 
  12   (0.040) 0.060 0.362 0.023 0.015 0.037 0.078 0.014 0.008 0.029 0.007 
  13   (0.046) 0.084 0.010 0.032 0.042 0.050 0.131 0.025 0.027 0.018 0.016 
  14   (0.047) 0.013 0.013 0.031 0.068 0.056 0.019 0.037 0.012 0.290 0.010 
  15   (0.018) 0.007 0.004 0.094 0.005 0.056 0.004 0.008 0.003 0.004 0.003 
  16   (0.020) 0.005 0.004 0.021 0.005 0.019 0.004 0.007 0.004 0.007 0.080 
  17   (0.019) 0.014 0.013 0.004 0.006 0.004 0.006 0.006 0.165 0.003 0.003 
  18   (0.011) 0.006 0.003 0.003 0.003 0.003 0.058 0.003 0.002 0.002 0.003 
  19   (0.049) 0.032 0.064 0.020 0.042 0.018 0.011 0.026 0.088 0.104 0.007 
  20   (0.014) 0.003 0.002 0.003 0.003 0.002 0.002 0.003 0.037 0.002 0.002 
  21   (0.035) 0.012 0.032 0.011 0.047 0.014 0.025 0.044 0.046 0.006 0.007 
  22   (0.016) 0.003 0.002 0.020 0.004 0.015 0.003 0.007 0.109 0.003 0.002 
  23   (0.011) 0.003 0.002 0.002 0.002 0.002 0.002 0.007 0.027 0.002 0.001 
  24   (0.020) 0.008 0.008 0.005 0.032 0.006 0.004 0.046 0.004 0.008 0.004 
  25   (0.013) 0.004 0.002 0.003 0.007 0.004 0.005 0.013 0.010 0.003 0.002 
  26   (0.021) 0.019 0.006 0.085 0.018 0.056 0.048 0.018 0.007 0.013 0.007 
  27   (0.019) 0.017 0.003 0.062 0.004 0.025 0.004 0.005 0.003 0.005 0.008 
  28   (0.011) 0.002 0.002 0.012 0.002 0.025 0.002 0.002 0.002 0.002 0.001 
  29   (0.012) 0.003 0.008 0.006 0.003 0.004 0.002 0.009 0.004 0.002 0.016 
  30   (0.011) 0.002 0.002 0.002 0.002 0.002 0.002 0.002 0.002 0.034 0.001 
  31   (0.015) 0.003 0.003 0.010 0.004 0.013 0.003 0.011 0.003 0.003 0.002 
  32   (0.010) 0.010 0.002 0.003 0.003 0.003 0.004 0.003 0.002 0.002 0.004 
  33   (0.008) 0.003 0.003 0.004 0.004 0.003 0.001 0.004 0.002 0.001 0.001 
  34   (0.007) 0.002 0.001 0.004 0.003 0.003 0.001 0.002 0.001 0.027 0.001 

Locus 10 : btern02 
25 alleles
4.8% missing data
   1   (0.096) 0.084 0.128 0.118 0.213 0.194 0.056 0.042 0.136 0.028 0.263 
   2   (0.011) 0.003 0.002 0.002 0.003 0.002 0.002 0.002 0.017 0.002 0.002 
   3   (0.084) 0.165 0.129 0.082 0.099 0.099 0.056 0.136 0.027 0.024 0.035 
   4   (0.057) 0.127 0.076 0.036 0.035 0.032 0.123 0.030 0.015 0.099 0.010 
   5   (0.026) 0.021 0.014 0.010 0.012 0.012 0.017 0.048 0.011 0.006 0.042 
   6   (0.046) 0.042 0.021 0.045 0.030 0.053 0.048 0.106 0.017 0.020 0.105 
   7   (0.028) 0.049 0.010 0.021 0.008 0.017 0.006 0.013 0.005 0.149 0.004 
   8   (0.034) 0.019 0.012 0.026 0.021 0.042 0.011 0.034 0.114 0.006 0.017 
   9   (0.072) 0.124 0.036 0.179 0.031 0.185 0.063 0.041 0.060 0.029 0.019 
  10   (0.027) 0.011 0.135 0.016 0.022 0.013 0.011 0.121 0.006 0.005 0.005 
  11   (0.062) 0.033 0.091 0.108 0.074 0.080 0.019 0.069 0.017 0.067 0.018 
  12   (0.037) 0.011 0.110 0.020 0.016 0.015 0.015 0.025 0.144 0.007 0.020 
  13   (0.049) 0.034 0.020 0.019 0.058 0.021 0.112 0.033 0.056 0.058 0.009 
  14   (0.052) 0.053 0.021 0.037 0.078 0.029 0.018 0.018 0.179 0.121 0.014 
  15   (0.010) 0.002 0.002 0.002 0.002 0.002 0.002 0.002 0.002 0.002 0.229 
  16   (0.048) 0.020 0.016 0.031 0.092 0.021 0.014 0.058 0.050 0.053 0.011 
  17   (0.030) 0.010 0.008 0.010 0.021 0.010 0.040 0.037 0.007 0.068 0.019 
  18   (0.051) 0.061 0.061 0.024 0.083 0.034 0.021 0.035 0.012 0.170 0.012 
  19   (0.032) 0.016 0.017 0.115 0.010 0.051 0.165 0.018 0.006 0.007 0.022 
  20   (0.036) 0.013 0.013 0.021 0.031 0.024 0.162 0.053 0.039 0.007 0.006 
  21   (0.023) 0.007 0.033 0.016 0.019 0.013 0.005 0.020 0.038 0.010 0.005 
  22   (0.016) 0.004 0.015 0.005 0.005 0.005 0.003 0.005 0.013 0.007 0.002 
  23   (0.031) 0.051 0.020 0.032 0.024 0.028 0.012 0.014 0.021 0.007 0.012 
  24   (0.030) 0.029 0.006 0.021 0.010 0.014 0.007 0.031 0.006 0.045 0.115 
  25   (0.012) 0.011 0.005 0.004 0.004 0.003 0.013 0.007 0.002 0.004 0.002 

Locus 11 : btms0086 
3 alleles
0.0% missing data
   1   (0.835) 0.771 0.803 0.919 0.901 0.901 0.835 0.780 0.775 0.921 0.970 
   2   (0.144) 0.223 0.192 0.051 0.094 0.063 0.161 0.208 0.211 0.072 0.028 
   3   (0.021) 0.005 0.005 0.030 0.005 0.036 0.004 0.012 0.015 0.007 0.003 

Locus 12 : bl13 
3 alleles
0.0% missing data
   1   (0.073) 0.074 0.023 0.033 0.026 0.028 0.021 0.039 0.236 0.345 0.016 
   2   (0.828) 0.840 0.951 0.890 0.864 0.845 0.825 0.889 0.745 0.595 0.660 
   3   (0.099) 0.085 0.026 0.077 0.110 0.127 0.154 0.072 0.019 0.060 0.324 

Locus 13 : btms0059 
9 alleles
0.0% missing data
   1   (0.341) 0.357 0.153 0.451 0.310 0.510 0.370 0.336 0.349 0.278 0.502 
   2   (0.106) 0.050 0.282 0.058 0.323 0.071 0.037 0.104 0.115 0.018 0.274 
   3   (0.065) 0.055 0.023 0.060 0.035 0.043 0.016 0.024 0.131 0.121 0.020 
   4   (0.055) 0.122 0.017 0.029 0.027 0.024 0.035 0.046 0.045 0.020 0.010 
   5   (0.080) 0.050 0.059 0.070 0.054 0.085 0.034 0.161 0.035 0.049 0.034 
   6   (0.304) 0.352 0.451 0.301 0.175 0.243 0.485 0.293 0.314 0.505 0.146 
   7   (0.017) 0.004 0.010 0.004 0.053 0.005 0.003 0.009 0.003 0.003 0.007 
   8   (0.022) 0.008 0.004 0.021 0.013 0.015 0.017 0.024 0.006 0.004 0.005 
   9   (0.011) 0.003 0.002 0.005 0.010 0.004 0.002 0.003 0.003 0.002 0.002 

Values of parameters used in structure:
