

----------------------------------------------------
STRUCTURE by Pritchard, Stephens and Donnelly (2000)
     and Falush, Stephens and Pritchard (2003)
       Code by Pritchard, Falush and Hubisz
             Version 2.3.4 (Jul 2012)
----------------------------------------------------



Command line arguments:   bin/structure -m "/Users/johnmola/Desktop/rpbbfeb27/rpbbstructure/rpbb20k100k/mainparams" -e "/Users/johnmola/Desktop/rpbbfeb27/rpbbstructure/rpbb20k100k/extraparams" 
Input File:    /Users/johnmola/Desktop/rpbbfeb27/rpbbstructure/project_data

Run parameters:
   231 individuals
   13 loci
   5 populations assumed
   20000 Burn-in period
   100000 Reps


--------------------------------------------
Proportion of membership of each pre-defined
 population in each of the 5 clusters

Given    Inferred Clusters                     Number of
 Pop       1      2      3      4      5      Individuals

  1:     0.857  0.058  0.026  0.018  0.041       21
  2:     0.026  0.250  0.342  0.021  0.361        7
  3:     0.109  0.450  0.054  0.058  0.329        7
  4:     0.078  0.418  0.320  0.058  0.126        8
  5:     0.259  0.372  0.118  0.052  0.199        4
  6:     0.053  0.310  0.165  0.128  0.344       35
  7:     0.106  0.360  0.165  0.074  0.295       40
  8:     0.082  0.366  0.147  0.137  0.268       19
  9:     0.286  0.461  0.114  0.061  0.078        4
 10:     0.061  0.084  0.170  0.353  0.332       11
 11:     0.161  0.190  0.598  0.017  0.034        8
 12:     0.065  0.088  0.302  0.415  0.130       60
 13:     0.083  0.507  0.121  0.058  0.231        7
--------------------------------------------

Allele-freq. divergence among pops (Net nucleotide distance),
computed using point estimates of P.

      1       2       3       4       5      
 1      -    0.0243  0.0245  0.0301  0.0226  
 2   0.0243     -    0.0153  0.0246  0.0179  
 3   0.0245  0.0153     -    0.0207  0.0195  
 4   0.0301  0.0246  0.0207     -    0.0243  
 5   0.0226  0.0179  0.0195  0.0243     -    

Average distances (expected heterozygosity) between individuals in same cluster:
cluster  1  : 0.6876 
cluster  2  : 0.6856 
cluster  3  : 0.6726 
cluster  4  : 0.6853 
cluster  5  : 0.6952 

--------------------------------------------
Estimated Ln Prob of Data   = -10056.3
Mean value of ln likelihood = -9657.2
Variance of ln likelihood   = 798.0
Mean value of alpha         = 0.0555

Mean value of Fst_1         = 0.0599
Mean value of Fst_2         = 0.0456
Mean value of Fst_3         = 0.0577
Mean value of Fst_4         = 0.0675
Mean value of Fst_5         = 0.0453


Inferred ancestry of individuals:
        Label (%Miss) Pop:  Inferred clusters
  1  BAFF014    (0)    1 :  0.959 0.013 0.008 0.007 0.013 
  2  BAFF379    (0)    2 :  0.016 0.095 0.809 0.028 0.052 
  3  BAFF212    (0)    3 :  0.035 0.092 0.068 0.083 0.722 
  4  BAFF018    (0)    4 :  0.012 0.027 0.911 0.025 0.026 
  5  BAFF247    (0)    4 :  0.015 0.430 0.378 0.035 0.142 
  6  BAFF024    (0)    5 :  0.025 0.596 0.022 0.053 0.305 
  7  BAFF088    (0)    6 :  0.013 0.020 0.043 0.034 0.889 
  8  BAFF429    (0)    6 :  0.022 0.322 0.107 0.028 0.521 
  9  BAFF087    (7)    7 :  0.010 0.007 0.007 0.007 0.970 
 10  BAFF225    (0)    7 :  0.049 0.407 0.029 0.024 0.492 
 11  BAFF195    (0)    8 :  0.035 0.121 0.757 0.014 0.074 
 12  BAFF238    (0)    9 :  0.160 0.686 0.045 0.046 0.063 
 13  BAFF019    (0)   10 :  0.039 0.015 0.033 0.839 0.074 
 14  BAFF175    (0)   10 :  0.015 0.188 0.177 0.312 0.308 
 15  BAFF156    (0)   11 :  0.005 0.006 0.976 0.007 0.006 
 16  BAFF301    (0)   11 :  0.907 0.029 0.017 0.022 0.025 
 17  BAFF141    (0)   12 :  0.655 0.020 0.290 0.020 0.015 
 18  BAFF302    (0)   12 :  0.025 0.869 0.031 0.050 0.025 
 19  BAFF290    (0)    1 :  0.930 0.023 0.017 0.014 0.016 
 20  BAFF498    (0)    6 :  0.312 0.288 0.175 0.084 0.140 
 21  BAFF455    (0)    7 :  0.033 0.076 0.048 0.045 0.799 
 22  BAFF203    (7)    8 :  0.012 0.033 0.029 0.015 0.912 
 23  BAFF056    (0)   12 :  0.023 0.024 0.010 0.929 0.014 
 24  BAFF327    (0)   12 :  0.081 0.038 0.477 0.359 0.045 
 25  BAFF255    (0)    1 :  0.961 0.012 0.008 0.008 0.010 
 26  BAFF256    (0)    1 :  0.963 0.008 0.007 0.012 0.011 
 27  BAFF257    (0)    1 :  0.972 0.007 0.006 0.006 0.008 
 28  BAFF260    (0)    1 :  0.958 0.013 0.006 0.009 0.015 
 29  BAFF259    (0)    1 :  0.954 0.009 0.011 0.017 0.009 
 30  BAFF261    (0)    1 :  0.963 0.009 0.009 0.009 0.011 
 31  BAFF274    (0)    1 :  0.901 0.038 0.023 0.015 0.023 
 32  BAFF262    (0)    1 :  0.945 0.010 0.011 0.010 0.023 
 33  BAFF294    (0)    1 :  0.954 0.008 0.007 0.008 0.023 
 34  BAFF292    (0)    1 :  0.862 0.103 0.015 0.011 0.010 
 35  BAFF296    (0)    1 :  0.881 0.079 0.015 0.016 0.009 
 36  BAFF295    (0)    1 :  0.924 0.030 0.012 0.013 0.021 
 37  BAFF298    (0)    1 :  0.939 0.018 0.014 0.017 0.013 
 38  BAFF299    (0)    1 :  0.953 0.007 0.008 0.020 0.011 
 39  BAFF375    (0)   13 :  0.029 0.927 0.012 0.012 0.019 
 40  BAFF376    (0)   13 :  0.023 0.851 0.017 0.039 0.070 
 41  BAFF377    (0)   13 :  0.023 0.945 0.010 0.011 0.011 
 42  BAFF022    (0)    5 :  0.544 0.291 0.098 0.017 0.051 
 43  BAFF021    (0)    5 :  0.407 0.257 0.129 0.070 0.137 
 44  BAFF499    (0)    6 :  0.010 0.058 0.032 0.884 0.016 
 45  BAFF204    (0)    8 :  0.012 0.714 0.157 0.065 0.053 
 46  BAFF068    (0)   12 :  0.056 0.015 0.018 0.901 0.010 
 47  BAFF336    (0)   12 :  0.017 0.027 0.455 0.447 0.053 
 48  BAFF447    (0)    7 :  0.011 0.846 0.079 0.018 0.046 
 49  BAFF457    (0)    7 :  0.027 0.917 0.034 0.011 0.011 
 50  BAFF448    (0)    7 :  0.102 0.117 0.188 0.012 0.581 
 51  BAFF465    (0)    7 :  0.015 0.026 0.030 0.015 0.914 
 52  BAFF194    (0)    8 :  0.038 0.854 0.026 0.013 0.068 
 53  BAFF199    (0)    8 :  0.030 0.265 0.635 0.033 0.038 
 54  BAFF500    (0)    6 :  0.444 0.195 0.025 0.131 0.206 
 55  BAFF206    (0)    8 :  0.056 0.349 0.080 0.137 0.379 
 56  BAFF069    (0)   12 :  0.012 0.012 0.022 0.937 0.017 
 57  BAFF330    (0)   12 :  0.020 0.023 0.174 0.027 0.755 
 58  BAFF239    (0)   10 :  0.072 0.010 0.093 0.800 0.025 
 59  BAFF241    (0)   10 :  0.082 0.009 0.022 0.874 0.014 
 60  BAFF157    (0)   11 :  0.006 0.012 0.964 0.009 0.009 
 61  BAFF161    (0)   11 :  0.006 0.008 0.969 0.009 0.009 
 62  BAFF160    (0)   11 :  0.006 0.009 0.967 0.007 0.011 
 63  BAFF008    (0)   12 :  0.044 0.043 0.036 0.129 0.748 
 64  BAFF013    (0)   12 :  0.013 0.023 0.049 0.014 0.900 
 65  BAFF407    (0)   12 :  0.011 0.011 0.023 0.940 0.015 
 66  BAFF503    (0)    6 :  0.007 0.011 0.064 0.717 0.201 
 67  BAFF449    (0)    7 :  0.016 0.013 0.029 0.059 0.884 
 68  BAFF207    (0)    8 :  0.020 0.138 0.010 0.740 0.093 
 69  BAFF070    (0)   12 :  0.010 0.014 0.015 0.948 0.014 
 70  BAFF335    (0)   12 :  0.017 0.017 0.634 0.295 0.037 
 71  BAFF507    (0)    6 :  0.059 0.889 0.022 0.010 0.020 
 72  BAFF450    (0)    7 :  0.247 0.234 0.387 0.063 0.069 
 73  BAFF209    (7)    8 :  0.053 0.580 0.059 0.049 0.259 
 74  BAFF072    (0)   12 :  0.010 0.015 0.894 0.056 0.025 
 75  BAFF339    (0)   12 :  0.016 0.172 0.055 0.734 0.024 
 76  BAFF508    (0)    6 :  0.054 0.018 0.899 0.013 0.016 
 77  BAFF451    (0)    7 :  0.014 0.861 0.023 0.025 0.076 
 78  BAFF210    (0)    8 :  0.092 0.218 0.020 0.459 0.211 
 79  BAFF139    (0)   12 :  0.069 0.813 0.070 0.019 0.030 
 80  BAFF341    (0)   12 :  0.034 0.208 0.540 0.052 0.165 
 81  BAFF509    (0)    6 :  0.037 0.027 0.014 0.038 0.884 
 82  BAFF453    (0)    7 :  0.011 0.291 0.042 0.385 0.271 
 83  BAFF389    (0)    8 :  0.116 0.731 0.108 0.011 0.034 
 84  BAFF163    (0)   12 :  0.004 0.007 0.014 0.946 0.027 
 85  BAFF344    (7)   12 :  0.011 0.063 0.333 0.550 0.043 
 86  BAFF510    (0)    6 :  0.014 0.407 0.246 0.051 0.282 
 87  BAFF456    (0)    7 :  0.021 0.907 0.027 0.032 0.013 
 88  BAFF390    (0)    8 :  0.010 0.922 0.009 0.010 0.048 
 89  BAFF142    (0)   12 :  0.677 0.023 0.183 0.102 0.015 
 90  BAFF363    (7)   12 :  0.008 0.008 0.032 0.938 0.015 
 91  BAFF517    (0)    6 :  0.008 0.915 0.033 0.026 0.018 
 92  BAFF458    (0)    7 :  0.146 0.121 0.162 0.079 0.491 
 93  BAFF391    (0)    8 :  0.319 0.073 0.134 0.430 0.042 
 94  BAFF149    (0)   12 :  0.015 0.055 0.677 0.238 0.014 
 95  BAFF366    (7)   12 :  0.017 0.426 0.353 0.194 0.010 
 96  BAFF512    (0)    6 :  0.242 0.309 0.104 0.058 0.287 
 97  BAFF460    (0)    7 :  0.022 0.332 0.515 0.108 0.022 
 98  BAFF138    (0)   12 :  0.063 0.019 0.627 0.279 0.012 
 99  BAFF374    (0)   12 :  0.034 0.019 0.030 0.214 0.703 
100  BAFF015    (0)    1 :  0.951 0.009 0.008 0.017 0.016 
101  BAFF380    (0)    2 :  0.022 0.024 0.430 0.050 0.474 
102  BAFF216    (0)    3 :  0.063 0.463 0.027 0.042 0.406 
103  BAFF017    (0)    4 :  0.035 0.910 0.006 0.027 0.021 
104  BAFF245    (0)    4 :  0.330 0.441 0.060 0.040 0.129 
105  BAFF378    (7)   13 :  0.383 0.332 0.162 0.022 0.101 
106  BAFF023    (0)    5 :  0.061 0.346 0.222 0.068 0.302 
107  BAFF079    (0)    6 :  0.042 0.645 0.036 0.051 0.226 
108  BAFF435    (0)    6 :  0.019 0.483 0.304 0.081 0.113 
109  BAFF174    (7)    7 :  0.012 0.462 0.044 0.126 0.357 
110  BAFF226    (0)    7 :  0.024 0.896 0.052 0.012 0.015 
111  BAFF190    (0)    8 :  0.019 0.019 0.125 0.094 0.743 
112  BAFF243    (0)    9 :  0.042 0.799 0.112 0.011 0.035 
113  BAFF177    (0)   10 :  0.030 0.042 0.030 0.011 0.886 
114  BAFF364    (7)   11 :  0.018 0.037 0.763 0.021 0.161 
115  BAFF305    (0)   12 :  0.042 0.055 0.607 0.263 0.033 
116  BAFF513    (0)    6 :  0.065 0.048 0.018 0.019 0.851 
117  BAFF462    (0)    7 :  0.659 0.021 0.039 0.069 0.211 
118  BAFF143    (0)   12 :  0.010 0.162 0.492 0.302 0.034 
119  BAFF403    (0)   12 :  0.008 0.008 0.010 0.963 0.011 
120  BAFF514    (0)    6 :  0.010 0.019 0.019 0.294 0.658 
121  BAFF463    (0)    7 :  0.008 0.007 0.008 0.006 0.971 
122  BAFF137    (0)   12 :  0.018 0.022 0.214 0.099 0.648 
123  BAFF404    (0)   12 :  0.015 0.011 0.021 0.943 0.010 
124  BAFF515    (0)    6 :  0.025 0.195 0.118 0.044 0.619 
125  BAFF144    (0)   12 :  0.019 0.021 0.591 0.087 0.282 
126  BAFF405    (7)   12 :  0.049 0.020 0.709 0.145 0.077 
127  BAFF518    (0)    6 :  0.028 0.036 0.084 0.837 0.015 
128  BAFF467    (0)    7 :  0.042 0.393 0.085 0.053 0.428 
129  BAFF145    (0)   12 :  0.072 0.050 0.824 0.018 0.036 
130  BAFF406    (0)   12 :  0.009 0.017 0.686 0.240 0.047 
131  BAFF519    (0)    6 :  0.015 0.770 0.087 0.022 0.106 
132  BAFF471    (0)    7 :  0.095 0.186 0.282 0.054 0.382 
133  BAFF136    (0)   12 :  0.006 0.023 0.031 0.892 0.048 
134  BAFF520    (7)    6 :  0.063 0.505 0.092 0.125 0.215 
135  BAFF472    (0)    7 :  0.079 0.135 0.284 0.064 0.439 
136  BAFF165    (0)   12 :  0.102 0.629 0.077 0.171 0.021 
137  BAFF408    (0)   12 :  0.053 0.020 0.672 0.237 0.018 
138  BAFF522    (0)    6 :  0.031 0.019 0.027 0.038 0.885 
139  BAFF475    (0)    7 :  0.011 0.832 0.068 0.038 0.051 
140  BAFF140    (0)   12 :  0.027 0.078 0.452 0.150 0.292 
141  BAFF409    (0)   12 :  0.094 0.013 0.015 0.822 0.056 
142  BAFF523    (0)    6 :  0.017 0.023 0.091 0.009 0.860 
143  BAFF476    (0)    7 :  0.013 0.665 0.276 0.029 0.017 
144  BAFF147    (0)   12 :  0.022 0.040 0.291 0.479 0.168 
145  BAFF410    (0)   12 :  0.023 0.047 0.042 0.876 0.013 
146  BAFF477    (0)    7 :  0.166 0.725 0.076 0.013 0.021 
147  BAFF411    (0)   12 :  0.655 0.033 0.156 0.137 0.019 
148  BAFF486    (7)    7 :  0.015 0.734 0.230 0.011 0.011 
149  BAFF412    (7)   12 :  0.056 0.032 0.019 0.787 0.106 
150  BAFF258    (0)    1 :  0.420 0.040 0.053 0.031 0.456 
151  BAFF392    (0)    2 :  0.006 0.008 0.013 0.007 0.966 
152  BAFF217    (0)    3 :  0.016 0.900 0.050 0.020 0.014 
153  BAFF016    (0)    4 :  0.006 0.680 0.236 0.061 0.017 
154  BAFF246    (0)    4 :  0.012 0.815 0.040 0.033 0.099 
155  BAFF381    (0)   13 :  0.018 0.425 0.307 0.176 0.074 
156  BAFF078    (0)    6 :  0.008 0.009 0.914 0.052 0.017 
157  BAFF481    (0)    6 :  0.062 0.317 0.300 0.136 0.185 
158  BAFF436    (0)    7 :  0.096 0.088 0.055 0.080 0.681 
159  BAFF191    (0)    8 :  0.015 0.741 0.011 0.021 0.212 
160  BAFF382    (0)    9 :  0.013 0.338 0.286 0.169 0.195 
161  BAFF178    (0)   10 :  0.010 0.044 0.011 0.048 0.887 
162  BAFF159    (7)   11 :  0.020 0.913 0.020 0.024 0.024 
163  BAFF365    (7)   11 :  0.324 0.506 0.113 0.033 0.024 
164  BAFF007    (0)   12 :  0.150 0.154 0.604 0.045 0.047 
165  BAFF304    (7)   12 :  0.018 0.033 0.796 0.138 0.016 
166  BAFF487    (0)    7 :  0.044 0.128 0.225 0.045 0.559 
167  BAFF415    (0)   12 :  0.074 0.071 0.078 0.727 0.050 
168  BAFF488    (0)    7 :  0.791 0.144 0.023 0.017 0.024 
169  BAFF417    (0)   12 :  0.020 0.032 0.329 0.570 0.050 
170  BAFF489    (0)    7 :  0.013 0.138 0.648 0.073 0.128 
171  BAFF426    (0)   12 :  0.022 0.013 0.009 0.935 0.020 
172  BAFF490    (7)    7 :  0.030 0.572 0.240 0.015 0.143 
173  BAFF491    (0)    7 :  0.089 0.188 0.222 0.013 0.489 
174  BAFF492    (0)    7 :  0.016 0.652 0.213 0.044 0.075 
175  BAFF493    (0)    7 :  0.694 0.041 0.046 0.036 0.183 
176  BAFF506    (0)    7 :  0.228 0.053 0.131 0.025 0.562 
177  BAFF393    (0)    2 :  0.024 0.081 0.861 0.013 0.021 
178  BAFF218    (0)    3 :  0.051 0.817 0.039 0.023 0.070 
179  BAFF254    (0)    4 :  0.041 0.014 0.911 0.013 0.021 
180  BAFF385    (0)   13 :  0.073 0.035 0.285 0.114 0.493 
181  BAFF076    (0)    6 :  0.013 0.009 0.014 0.013 0.951 
182  BAFF482    (0)    6 :  0.015 0.251 0.338 0.142 0.253 
183  BAFF437    (0)    7 :  0.075 0.809 0.043 0.031 0.042 
184  BAFF192    (0)    8 :  0.026 0.067 0.393 0.019 0.494 
185  BAFF383    (0)    9 :  0.928 0.020 0.015 0.016 0.020 
186  BAFF180    (0)   10 :  0.011 0.184 0.020 0.188 0.597 
187  BAFF048    (7)   12 :  0.139 0.040 0.534 0.023 0.264 
188  BAFF306    (0)   12 :  0.014 0.121 0.606 0.157 0.102 
189  BAFF394    (0)    2 :  0.067 0.684 0.162 0.022 0.064 
190  BAFF219    (0)    3 :  0.015 0.857 0.046 0.028 0.054 
191  BAFF388    (0)    4 :  0.173 0.023 0.017 0.232 0.556 
192  BAFF386    (7)   13 :  0.034 0.036 0.054 0.029 0.847 
193  BAFF084    (0)    6 :  0.013 0.036 0.929 0.009 0.013 
194  BAFF483    (0)    6 :  0.040 0.132 0.041 0.117 0.670 
195  BAFF438   (15)    7 :  0.019 0.047 0.785 0.085 0.064 
196  BAFF193    (0)    8 :  0.658 0.098 0.057 0.027 0.160 
197  BAFF183    (0)   10 :  0.309 0.312 0.115 0.162 0.103 
198  BAFF153    (0)   12 :  0.010 0.013 0.677 0.286 0.014 
199  BAFF307    (0)   12 :  0.014 0.027 0.858 0.071 0.030 
200  BAFF397    (0)    2 :  0.014 0.847 0.114 0.018 0.007 
201  BAFF220    (0)    3 :  0.009 0.011 0.017 0.010 0.954 
202  BAFF095    (0)    6 :  0.040 0.011 0.012 0.013 0.924 
203  BAFF494    (0)    6 :  0.008 0.077 0.099 0.028 0.788 
204  BAFF439    (0)    7 :  0.016 0.119 0.066 0.768 0.031 
205  BAFF182    (0)   10 :  0.028 0.035 0.083 0.193 0.661 
206  BAFF054    (0)   12 :  0.007 0.008 0.010 0.966 0.010 
207  BAFF308    (0)   12 :  0.031 0.042 0.702 0.174 0.051 
208  BAFF266    (0)    1 :  0.376 0.184 0.269 0.097 0.074 
209  BAFF398    (7)    2 :  0.034 0.008 0.007 0.006 0.945 
210  BAFF221    (0)    3 :  0.571 0.012 0.133 0.198 0.085 
211  BAFF090    (0)    6 :  0.057 0.032 0.426 0.325 0.160 
212  BAFF495    (0)    6 :  0.012 0.945 0.013 0.014 0.016 
213  BAFF459    (0)    7 :  0.009 0.934 0.029 0.013 0.016 
214  BAFF197    (0)    8 :  0.021 0.620 0.045 0.287 0.026 
215  BAFF188    (0)   10 :  0.064 0.054 0.405 0.443 0.034 
216  BAFF051    (0)   12 :  0.030 0.074 0.032 0.746 0.118 
217  BAFF309    (0)   12 :  0.029 0.298 0.262 0.026 0.385 
218  BAFF269    (0)    1 :  0.315 0.576 0.028 0.023 0.059 
219  BAFF077    (0)    6 :  0.013 0.947 0.020 0.012 0.007 
220  BAFF496    (0)    6 :  0.015 0.946 0.009 0.013 0.016 
221  BAFF443    (0)    7 :  0.257 0.168 0.156 0.287 0.132 
222  BAFF198    (0)    8 :  0.018 0.338 0.053 0.128 0.462 
223  BAFF053    (0)   12 :  0.031 0.067 0.524 0.365 0.014 
224  BAFF310    (0)   12 :  0.019 0.027 0.122 0.817 0.014 
225  BAFF282    (0)    1 :  0.913 0.022 0.017 0.014 0.033 
226  BAFF497    (0)    6 :  0.013 0.944 0.013 0.017 0.013 
227  BAFF466    (0)    7 :  0.019 0.119 0.671 0.053 0.138 
228  BAFF200    (7)    8 :  0.016 0.067 0.077 0.055 0.785 
229  BAFF240    (0)   10 :  0.013 0.028 0.878 0.012 0.068 
230  BAFF055    (0)   12 :  0.027 0.016 0.029 0.900 0.028 
231  BAFF311    (7)   12 :  0.025 0.014 0.013 0.008 0.941 


Estimated Allele Frequencies in each cluster
First column gives estimated ancestral frequencies


Locus 1 : btern01 
9 alleles
0.0% missing data
   1   (0.143) 0.126 0.163 0.150 0.068 0.152 
   2   (0.017) 0.027 0.005 0.004 0.004 0.005 
   3   (0.154) 0.077 0.252 0.185 0.120 0.119 
   4   (0.211) 0.208 0.190 0.247 0.180 0.205 
   5   (0.291) 0.408 0.256 0.347 0.333 0.212 
   6   (0.076) 0.037 0.061 0.030 0.263 0.059 
   7   (0.056) 0.078 0.015 0.020 0.022 0.191 
   8   (0.016) 0.029 0.007 0.003 0.003 0.003 
   9   (0.036) 0.008 0.051 0.014 0.008 0.053 

Locus 2 : bt28 
5 alleles
0.0% missing data
   1   (0.667) 0.750 0.712 0.703 0.716 0.585 
   2   (0.149) 0.164 0.128 0.079 0.115 0.194 
   3   (0.148) 0.063 0.088 0.208 0.162 0.213 
   4   (0.023) 0.011 0.069 0.008 0.005 0.005 
   5   (0.012) 0.013 0.002 0.002 0.002 0.002 

Locus 3 : b96 
8 alleles
0.9% missing data
   1   (0.323) 0.352 0.314 0.303 0.354 0.360 
   2   (0.487) 0.483 0.591 0.501 0.479 0.527 
   3   (0.041) 0.012 0.014 0.086 0.039 0.030 
   4   (0.016) 0.006 0.004 0.035 0.003 0.003 
   5   (0.050) 0.024 0.032 0.029 0.045 0.038 
   6   (0.029) 0.067 0.005 0.009 0.007 0.028 
   7   (0.040) 0.053 0.038 0.035 0.019 0.010 
   8   (0.014) 0.003 0.002 0.002 0.053 0.004 

Locus 4 : bt30 
12 alleles
0.9% missing data
   1   (0.115) 0.234 0.061 0.059 0.113 0.160 
   2   (0.278) 0.294 0.336 0.298 0.257 0.290 
   3   (0.074) 0.027 0.158 0.090 0.046 0.047 
   4   (0.185) 0.152 0.153 0.216 0.231 0.215 
   5   (0.013) 0.003 0.003 0.002 0.003 0.017 
   6   (0.102) 0.090 0.124 0.045 0.056 0.171 
   7   (0.033) 0.023 0.019 0.016 0.042 0.012 
   8   (0.049) 0.038 0.030 0.058 0.064 0.012 
   9   (0.109) 0.085 0.099 0.206 0.181 0.042 
  10   (0.013) 0.048 0.002 0.002 0.002 0.002 
  11   (0.017) 0.004 0.005 0.005 0.005 0.029 
  12   (0.011) 0.002 0.009 0.002 0.002 0.002 

Locus 5 : btms0081 
3 alleles
0.9% missing data
   1   (0.502) 0.603 0.487 0.519 0.327 0.585 
   2   (0.341) 0.216 0.396 0.375 0.448 0.294 
   3   (0.156) 0.181 0.118 0.106 0.224 0.121 

Locus 6 : btms0066 
24 alleles
0.0% missing data
   1   (0.266) 0.372 0.217 0.293 0.340 0.318 
   2   (0.017) 0.053 0.005 0.005 0.003 0.004 
   3   (0.032) 0.007 0.014 0.087 0.027 0.022 
   4   (0.145) 0.076 0.272 0.088 0.164 0.242 
   5   (0.098) 0.076 0.141 0.121 0.119 0.055 
   6   (0.057) 0.017 0.040 0.058 0.027 0.142 
   7   (0.020) 0.015 0.004 0.004 0.003 0.034 
   8   (0.049) 0.067 0.077 0.031 0.030 0.016 
   9   (0.021) 0.004 0.004 0.133 0.005 0.007 
  10   (0.032) 0.116 0.018 0.026 0.006 0.009 
  11   (0.024) 0.112 0.005 0.005 0.012 0.009 
  12   (0.027) 0.009 0.114 0.008 0.017 0.006 
  13   (0.026) 0.006 0.006 0.031 0.015 0.018 
  14   (0.020) 0.004 0.003 0.033 0.030 0.005 
  15   (0.018) 0.009 0.040 0.006 0.004 0.004 
  16   (0.029) 0.009 0.006 0.022 0.070 0.034 
  17   (0.023) 0.018 0.006 0.013 0.058 0.007 
  18   (0.011) 0.002 0.002 0.002 0.023 0.002 
  19   (0.015) 0.003 0.003 0.014 0.010 0.009 
  20   (0.021) 0.006 0.015 0.005 0.008 0.024 
  21   (0.017) 0.008 0.003 0.008 0.004 0.019 
  22   (0.010) 0.002 0.002 0.002 0.002 0.009 
  23   (0.010) 0.002 0.002 0.002 0.023 0.002 
  24   (0.009) 0.006 0.003 0.004 0.002 0.002 

Locus 7 : btms0083 
31 alleles
3.0% missing data
   1   (0.014) 0.165 0.002 0.003 0.003 0.003 
   2   (0.022) 0.093 0.004 0.022 0.005 0.005 
   3   (0.029) 0.007 0.008 0.058 0.008 0.052 
   4   (0.039) 0.046 0.016 0.046 0.012 0.043 
   5   (0.197) 0.230 0.146 0.230 0.250 0.318 
   6   (0.021) 0.010 0.007 0.010 0.006 0.030 
   7   (0.058) 0.036 0.063 0.097 0.145 0.021 
   8   (0.044) 0.025 0.061 0.056 0.034 0.018 
   9   (0.029) 0.007 0.031 0.018 0.008 0.059 
  10   (0.024) 0.007 0.007 0.008 0.016 0.089 
  11   (0.050) 0.019 0.134 0.152 0.010 0.025 
  12   (0.019) 0.035 0.009 0.004 0.004 0.007 
  13   (0.054) 0.013 0.084 0.050 0.078 0.025 
  14   (0.035) 0.010 0.113 0.031 0.008 0.018 
  15   (0.032) 0.023 0.039 0.012 0.008 0.025 
  16   (0.027) 0.040 0.010 0.009 0.006 0.060 
  17   (0.035) 0.067 0.121 0.008 0.007 0.017 
  18   (0.049) 0.041 0.019 0.027 0.106 0.055 
  19   (0.020) 0.012 0.004 0.005 0.087 0.005 
  20   (0.026) 0.006 0.010 0.049 0.064 0.007 
  21   (0.012) 0.025 0.002 0.002 0.002 0.003 
  22   (0.011) 0.023 0.002 0.002 0.002 0.002 
  23   (0.015) 0.019 0.013 0.003 0.003 0.004 
  24   (0.009) 0.002 0.002 0.002 0.011 0.002 
  25   (0.031) 0.008 0.015 0.028 0.012 0.066 
  26   (0.016) 0.003 0.045 0.005 0.003 0.005 
  27   (0.025) 0.005 0.011 0.018 0.061 0.014 
  28   (0.018) 0.007 0.006 0.036 0.004 0.009 
  29   (0.014) 0.007 0.006 0.006 0.003 0.008 
  30   (0.013) 0.003 0.002 0.003 0.031 0.004 
  31   (0.011) 0.006 0.006 0.002 0.002 0.003 

Locus 8 : b126 
16 alleles
0.0% missing data
   1   (0.041) 0.039 0.029 0.011 0.014 0.057 
   2   (0.042) 0.117 0.077 0.014 0.009 0.015 
   3   (0.311) 0.242 0.348 0.463 0.414 0.294 
   4   (0.033) 0.014 0.052 0.014 0.009 0.019 
   5   (0.076) 0.034 0.063 0.055 0.062 0.141 
   6   (0.066) 0.023 0.090 0.085 0.147 0.025 
   7   (0.100) 0.023 0.073 0.179 0.123 0.157 
   8   (0.031) 0.009 0.029 0.011 0.060 0.010 
   9   (0.012) 0.002 0.002 0.002 0.002 0.027 
  10   (0.041) 0.026 0.022 0.009 0.037 0.084 
  11   (0.092) 0.332 0.074 0.108 0.036 0.046 
  12   (0.031) 0.044 0.014 0.014 0.026 0.009 
  13   (0.072) 0.085 0.075 0.023 0.048 0.065 
  14   (0.020) 0.005 0.039 0.004 0.004 0.011 
  15   (0.015) 0.003 0.004 0.004 0.004 0.021 
  16   (0.017) 0.003 0.009 0.003 0.003 0.021 

Locus 9 : btms0062 
34 alleles
0.0% missing data
   1   (0.031) 0.066 0.009 0.023 0.008 0.054 
   2   (0.051) 0.092 0.111 0.029 0.015 0.041 
   3   (0.078) 0.111 0.062 0.178 0.093 0.041 
   4   (0.104) 0.062 0.103 0.102 0.161 0.194 
   5   (0.056) 0.045 0.060 0.115 0.024 0.062 
   6   (0.026) 0.010 0.029 0.031 0.007 0.011 
   7   (0.012) 0.003 0.008 0.007 0.003 0.006 
   8   (0.023) 0.009 0.065 0.010 0.006 0.007 
   9   (0.040) 0.020 0.075 0.050 0.015 0.032 
  10   (0.054) 0.052 0.066 0.017 0.055 0.060 
  11   (0.063) 0.025 0.046 0.119 0.055 0.128 
  12   (0.048) 0.014 0.101 0.019 0.049 0.081 
  13   (0.047) 0.030 0.033 0.027 0.023 0.097 
  14   (0.041) 0.015 0.038 0.031 0.210 0.016 
  15   (0.019) 0.004 0.009 0.050 0.029 0.010 
  16   (0.019) 0.005 0.003 0.034 0.016 0.004 
  17   (0.019) 0.118 0.004 0.004 0.003 0.011 
  18   (0.014) 0.003 0.006 0.003 0.002 0.023 
  19   (0.040) 0.070 0.039 0.011 0.082 0.020 
  20   (0.009) 0.025 0.002 0.001 0.001 0.002 
  21   (0.028) 0.047 0.035 0.012 0.005 0.024 
  22   (0.015) 0.085 0.006 0.004 0.004 0.003 
  23   (0.012) 0.023 0.002 0.002 0.002 0.003 
  24   (0.014) 0.004 0.041 0.003 0.006 0.004 
  25   (0.013) 0.013 0.006 0.003 0.003 0.005 
  26   (0.028) 0.023 0.012 0.025 0.055 0.029 
  27   (0.017) 0.004 0.003 0.041 0.008 0.011 
  28   (0.014) 0.003 0.002 0.014 0.007 0.003 
  29   (0.013) 0.006 0.004 0.014 0.002 0.003 
  30   (0.011) 0.002 0.002 0.002 0.022 0.002 
  31   (0.009) 0.002 0.007 0.008 0.004 0.002 
  32   (0.010) 0.002 0.002 0.005 0.002 0.006 
  33   (0.009) 0.005 0.006 0.002 0.002 0.002 
  34   (0.010) 0.002 0.002 0.004 0.020 0.002 

Locus 10 : btern02 
25 alleles
4.8% missing data
   1   (0.103) 0.127 0.133 0.145 0.076 0.092 
   2   (0.010) 0.013 0.002 0.002 0.002 0.002 
   3   (0.074) 0.028 0.122 0.118 0.029 0.111 
   4   (0.050) 0.017 0.045 0.012 0.080 0.128 
   5   (0.029) 0.016 0.016 0.031 0.008 0.026 
   6   (0.047) 0.027 0.034 0.112 0.019 0.049 
   7   (0.028) 0.006 0.012 0.008 0.114 0.028 
   8   (0.038) 0.082 0.020 0.039 0.010 0.021 
   9   (0.078) 0.107 0.028 0.101 0.079 0.100 
  10   (0.029) 0.008 0.097 0.023 0.008 0.017 
  11   (0.055) 0.027 0.090 0.057 0.095 0.025 
  12   (0.038) 0.110 0.042 0.021 0.010 0.013 
  13   (0.047) 0.045 0.050 0.009 0.042 0.063 
  14   (0.055) 0.131 0.044 0.013 0.102 0.038 
  15   (0.012) 0.002 0.002 0.058 0.002 0.002 
  16   (0.047) 0.053 0.056 0.023 0.047 0.023 
  17   (0.030) 0.009 0.017 0.021 0.045 0.031 
  18   (0.043) 0.014 0.063 0.019 0.150 0.026 
  19   (0.035) 0.008 0.012 0.080 0.015 0.077 
  20   (0.039) 0.053 0.054 0.008 0.009 0.055 
  21   (0.024) 0.050 0.015 0.012 0.011 0.006 
  22   (0.014) 0.018 0.003 0.003 0.007 0.003 
  23   (0.033) 0.037 0.031 0.015 0.007 0.030 
  24   (0.027) 0.007 0.006 0.067 0.030 0.019 
  25   (0.014) 0.003 0.005 0.003 0.005 0.014 

Locus 11 : btms0086 
3 alleles
0.0% missing data
   1   (0.834) 0.791 0.849 0.924 0.914 0.782 
   2   (0.143) 0.175 0.147 0.061 0.072 0.213 
   3   (0.023) 0.033 0.004 0.015 0.014 0.004 

Locus 12 : bl13 
3 alleles
0.0% missing data
   1   (0.080) 0.171 0.028 0.025 0.245 0.047 
   2   (0.822) 0.808 0.880 0.802 0.691 0.854 
   3   (0.097) 0.021 0.093 0.172 0.064 0.100 

Locus 13 : btms0059 
9 alleles
0.0% missing data
   1   (0.338) 0.389 0.292 0.456 0.329 0.341 
   2   (0.106) 0.124 0.243 0.119 0.025 0.062 
   3   (0.065) 0.099 0.021 0.057 0.089 0.038 
   4   (0.054) 0.046 0.033 0.019 0.022 0.083 
   5   (0.079) 0.038 0.106 0.079 0.063 0.044 
   6   (0.307) 0.284 0.261 0.243 0.460 0.408 
   7   (0.016) 0.004 0.030 0.005 0.003 0.003 
   8   (0.024) 0.009 0.010 0.020 0.006 0.018 
   9   (0.011) 0.006 0.004 0.003 0.003 0.003 

Values of parameters used in structure:
DATAFILE=/Users/johnmola/Desktop/rpbbfeb27/rpbbstructure/project_data,	OUTFILE=/Users/johnmola/Desktop/rpbbfeb27/rpbbstructure/rpbb20k100k/Results/rpbb20k100k_run_42,	NUMINDS=231,	NUMLOCI=13,	MISSING=-9,	LABEL=1,	POPDATA=1,	POPFLAG=0,	PHENOTYPE=0,	EXTRACOLS=0,	MAXPOPS=5,	BURNIN=20000,	NUMREPS=100000,	USEPOPINFO=0,	INFERALPHA=1,	INFERLAMBDA=0,	POPSPECIFICLAMBDA=0,	POPALPHAS=0,	COMPUTEPROB=1,	NOADMIX=0,	ADMBURNIN=2500,	UPDATEFREQ=1,	PRINTLIKES=0,	INTERMEDSAVE=0,	PRINTKLD=0,	PRINTNET=0,	PRINTLAMBDA=0,	ANCESTDIST=0,	NUMBOXES=1000,	ANCESTPINT=0.90000,	GENSBACK=2,	MIGRPRIOR=0.05000,	PRINTQHAT=0,	PRINTQSUM=0,	ALPHA=1.0000,	FREQSCORR=1,	FPRIORMEAN=0.0100,	FPRIORSD=0.0500,	ONEFST=0,	LAMBDA=1.0000,	UNIFPRIORALPHA=1,	ALPHAMAX=10.0000,	ALPHAPRIORA=1.0000,	ALPHAPRIORB=2.0000,	ALPHAPROPSD=0.0250,	STARTATPOPINFO=0,	RANDOMIZE=1,	LINKAGE=0,	METROFREQ=10,	REPORTHITRATE=0,	MARKOVPHASE=-1,	PHASED=0,	PLOIDY=2,	PHASEINFO=0	LOCPRIOR=0, 	LOCPRIORINIT=1.000000, 	LOCDATA=0, 	LOCISPOP=0, 	LOCPRIORSTEP=0.100000, 	MAXLOCPRIOR=20.000000, 	SEED=1677519465,	
[STRAT parameters]:    NUMSIMSTATS=1000,	PHENOTYPECOL=-9,	POOLFREQ=10,	LOCUSxONLY=0,	EMERROR=0.00100,	MISSINGPHENO=-9,	