

----------------------------------------------------
STRUCTURE by Pritchard, Stephens and Donnelly (2000)
     and Falush, Stephens and Pritchard (2003)
       Code by Pritchard, Falush and Hubisz
             Version 2.3.4 (Jul 2012)
----------------------------------------------------



Command line arguments:   bin/structure -m "/Users/johnmola/Desktop/rpbbfeb27/rpbbstructure/rpbb20k100k/mainparams" -e "/Users/johnmola/Desktop/rpbbfeb27/rpbbstructure/rpbb20k100k/extraparams" 
Input File:    /Users/johnmola/Desktop/rpbbfeb27/rpbbstructure/project_data

Run parameters:
   231 individuals
   13 loci
   6 populations assumed
   20000 Burn-in period
   100000 Reps


--------------------------------------------
Proportion of membership of each pre-defined
 population in each of the 6 clusters

Given    Inferred Clusters                            Number of
 Pop       1      2      3      4      5      6      Individuals

  1:     0.040  0.016  0.022  0.053  0.822  0.046       21
  2:     0.336  0.015  0.260  0.235  0.021  0.133        7
  3:     0.278  0.047  0.062  0.206  0.103  0.304        7
  4:     0.088  0.062  0.225  0.208  0.065  0.353        8
  5:     0.125  0.036  0.067  0.385  0.121  0.266        4
  6:     0.296  0.116  0.132  0.159  0.047  0.251       35
  7:     0.238  0.049  0.110  0.321  0.089  0.194       40
  8:     0.224  0.114  0.113  0.182  0.068  0.300       19
  9:     0.059  0.042  0.061  0.224  0.264  0.349        4
 10:     0.271  0.283  0.184  0.098  0.037  0.127       11
 11:     0.024  0.016  0.590  0.131  0.149  0.090        8
 12:     0.113  0.353  0.230  0.202  0.049  0.054       60
 13:     0.189  0.033  0.069  0.211  0.073  0.425        7
--------------------------------------------

Allele-freq. divergence among pops (Net nucleotide distance),
computed using point estimates of P.

      1       2       3       4       5       6      
 1      -    0.0307  0.0241  0.0180  0.0270  0.0216  
 2   0.0307     -    0.0283  0.0247  0.0356  0.0312  
 3   0.0241  0.0283     -    0.0112  0.0301  0.0220  
 4   0.0180  0.0247  0.0112     -    0.0224  0.0133  
 5   0.0270  0.0356  0.0301  0.0224     -    0.0307  
 6   0.0216  0.0312  0.0220  0.0133  0.0307     -    

Average distances (expected heterozygosity) between individuals in same cluster:
cluster  1  : 0.6920 
cluster  2  : 0.6805 
cluster  3  : 0.6694 
cluster  4  : 0.6846 
cluster  5  : 0.6869 
cluster  6  : 0.6821 

--------------------------------------------
Estimated Ln Prob of Data   = -10002.6
Mean value of ln likelihood = -9533.1
Variance of ln likelihood   = 939.1
Mean value of alpha         = 0.0539

Mean value of Fst_1         = 0.0569
Mean value of Fst_2         = 0.0816
Mean value of Fst_3         = 0.0757
Mean value of Fst_4         = 0.0433
Mean value of Fst_5         = 0.0706
Mean value of Fst_6         = 0.0610


Inferred ancestry of individuals:
        Label (%Miss) Pop:  Inferred clusters
  1  BAFF014    (0)    1 :  0.012 0.006 0.008 0.012 0.945 0.017 
  2  BAFF379    (0)    2 :  0.052 0.012 0.401 0.433 0.015 0.086 
  3  BAFF212    (0)    3 :  0.557 0.079 0.068 0.202 0.034 0.060 
  4  BAFF018    (0)    4 :  0.025 0.020 0.654 0.277 0.010 0.014 
  5  BAFF247    (0)    4 :  0.045 0.016 0.058 0.851 0.009 0.021 
  6  BAFF024    (0)    5 :  0.226 0.054 0.016 0.122 0.021 0.561 
  7  BAFF088    (0)    6 :  0.835 0.032 0.037 0.062 0.012 0.021 
  8  BAFF429    (0)    6 :  0.283 0.019 0.087 0.125 0.021 0.465 
  9  BAFF087    (7)    7 :  0.964 0.007 0.006 0.007 0.009 0.007 
 10  BAFF225    (0)    7 :  0.455 0.022 0.023 0.182 0.048 0.270 
 11  BAFF195    (0)    8 :  0.067 0.011 0.722 0.058 0.040 0.101 
 12  BAFF238    (0)    9 :  0.051 0.037 0.033 0.103 0.116 0.661 
 13  BAFF019    (0)   10 :  0.058 0.848 0.036 0.017 0.025 0.016 
 14  BAFF175    (0)   10 :  0.200 0.132 0.140 0.259 0.012 0.256 
 15  BAFF156    (0)   11 :  0.006 0.006 0.972 0.006 0.005 0.005 
 16  BAFF301    (0)   11 :  0.022 0.022 0.016 0.020 0.877 0.043 
 17  BAFF141    (0)   12 :  0.010 0.009 0.212 0.487 0.274 0.008 
 18  BAFF302    (0)   12 :  0.026 0.061 0.030 0.360 0.034 0.489 
 19  BAFF290    (0)    1 :  0.018 0.014 0.014 0.041 0.880 0.033 
 20  BAFF498    (0)    6 :  0.108 0.083 0.104 0.203 0.286 0.216 
 21  BAFF455    (0)    7 :  0.755 0.037 0.031 0.055 0.026 0.097 
 22  BAFF203    (7)    8 :  0.880 0.013 0.023 0.047 0.011 0.026 
 23  BAFF056    (0)   12 :  0.010 0.897 0.008 0.043 0.020 0.021 
 24  BAFF327    (0)   12 :  0.040 0.231 0.349 0.281 0.077 0.022 
 25  BAFF255    (0)    1 :  0.009 0.007 0.008 0.013 0.952 0.010 
 26  BAFF256    (0)    1 :  0.011 0.012 0.006 0.007 0.956 0.009 
 27  BAFF257    (0)    1 :  0.008 0.006 0.006 0.006 0.968 0.007 
 28  BAFF260    (0)    1 :  0.015 0.008 0.005 0.007 0.952 0.012 
 29  BAFF259    (0)    1 :  0.008 0.016 0.010 0.008 0.949 0.009 
 30  BAFF261    (0)    1 :  0.009 0.008 0.009 0.011 0.955 0.008 
 31  BAFF274    (0)    1 :  0.025 0.015 0.017 0.046 0.873 0.023 
 32  BAFF262    (0)    1 :  0.029 0.009 0.012 0.014 0.927 0.009 
 33  BAFF294    (0)    1 :  0.031 0.008 0.007 0.009 0.937 0.009 
 34  BAFF292    (0)    1 :  0.009 0.010 0.015 0.015 0.784 0.167 
 35  BAFF296    (0)    1 :  0.009 0.016 0.014 0.019 0.825 0.118 
 36  BAFF295    (0)    1 :  0.021 0.013 0.013 0.029 0.882 0.042 
 37  BAFF298    (0)    1 :  0.013 0.018 0.013 0.022 0.916 0.017 
 38  BAFF299    (0)    1 :  0.011 0.024 0.008 0.006 0.943 0.007 
 39  BAFF375    (0)   13 :  0.014 0.011 0.009 0.015 0.026 0.926 
 40  BAFF376    (0)   13 :  0.055 0.034 0.013 0.032 0.025 0.842 
 41  BAFF377    (0)   13 :  0.010 0.009 0.009 0.013 0.022 0.938 
 42  BAFF022    (0)    5 :  0.041 0.014 0.089 0.392 0.261 0.204 
 43  BAFF021    (0)    5 :  0.094 0.034 0.096 0.500 0.165 0.111 
 44  BAFF499    (0)    6 :  0.016 0.832 0.041 0.054 0.009 0.049 
 45  BAFF204    (0)    8 :  0.034 0.050 0.073 0.675 0.010 0.158 
 46  BAFF068    (0)   12 :  0.010 0.868 0.014 0.027 0.068 0.013 
 47  BAFF336    (0)   12 :  0.054 0.509 0.330 0.071 0.015 0.020 
 48  BAFF447    (0)    7 :  0.032 0.015 0.065 0.675 0.010 0.204 
 49  BAFF457    (0)    7 :  0.012 0.009 0.050 0.602 0.028 0.300 
 50  BAFF448    (0)    7 :  0.519 0.009 0.112 0.200 0.082 0.077 
 51  BAFF465    (0)    7 :  0.874 0.012 0.029 0.035 0.014 0.036 
 52  BAFF194    (0)    8 :  0.058 0.013 0.024 0.204 0.037 0.665 
 53  BAFF199    (0)    8 :  0.028 0.023 0.354 0.443 0.024 0.128 
 54  BAFF500    (0)    6 :  0.141 0.108 0.014 0.141 0.383 0.212 
 55  BAFF206    (0)    8 :  0.260 0.079 0.048 0.377 0.065 0.172 
 56  BAFF069    (0)   12 :  0.014 0.924 0.022 0.013 0.010 0.017 
 57  BAFF330    (0)   12 :  0.724 0.023 0.164 0.052 0.018 0.019 
 58  BAFF239    (0)   10 :  0.022 0.636 0.212 0.073 0.035 0.021 
 59  BAFF241    (0)   10 :  0.012 0.791 0.099 0.030 0.046 0.022 
 60  BAFF157    (0)   11 :  0.009 0.007 0.959 0.008 0.006 0.011 
 61  BAFF161    (0)   11 :  0.008 0.008 0.963 0.008 0.005 0.008 
 62  BAFF160    (0)   11 :  0.010 0.006 0.962 0.008 0.005 0.008 
 63  BAFF008    (0)   12 :  0.650 0.129 0.029 0.102 0.052 0.038 
 64  BAFF013    (0)   12 :  0.872 0.014 0.044 0.035 0.012 0.023 
 65  BAFF407    (0)   12 :  0.013 0.931 0.022 0.013 0.010 0.011 
 66  BAFF503    (0)    6 :  0.131 0.785 0.037 0.010 0.007 0.029 
 67  BAFF449    (0)    7 :  0.712 0.038 0.029 0.195 0.013 0.014 
 68  BAFF207    (0)    8 :  0.051 0.684 0.007 0.041 0.015 0.202 
 69  BAFF070    (0)   12 :  0.014 0.932 0.014 0.017 0.009 0.013 
 70  BAFF335    (0)   12 :  0.024 0.072 0.479 0.400 0.013 0.013 
 71  BAFF507    (0)    6 :  0.014 0.009 0.018 0.121 0.043 0.795 
 72  BAFF450    (0)    7 :  0.045 0.055 0.265 0.098 0.206 0.332 
 73  BAFF209    (7)    8 :  0.219 0.036 0.069 0.092 0.041 0.543 
 74  BAFF072    (0)   12 :  0.025 0.048 0.730 0.174 0.010 0.013 
 75  BAFF339    (0)   12 :  0.018 0.518 0.039 0.138 0.016 0.271 
 76  BAFF508    (0)    6 :  0.016 0.014 0.826 0.071 0.047 0.025 
 77  BAFF451    (0)    7 :  0.076 0.023 0.018 0.658 0.012 0.214 
 78  BAFF210    (0)    8 :  0.134 0.473 0.016 0.052 0.102 0.223 
 79  BAFF139    (0)   12 :  0.031 0.014 0.069 0.527 0.054 0.305 
 80  BAFF341    (0)   12 :  0.093 0.033 0.315 0.354 0.027 0.178 
 81  BAFF509    (0)    6 :  0.816 0.037 0.012 0.038 0.047 0.050 
 82  BAFF453    (0)    7 :  0.119 0.191 0.030 0.057 0.011 0.592 
 83  BAFF389    (0)    8 :  0.020 0.008 0.100 0.011 0.037 0.822 
 84  BAFF163    (0)   12 :  0.010 0.966 0.007 0.006 0.004 0.008 
 85  BAFF344    (7)   12 :  0.039 0.404 0.316 0.164 0.010 0.067 
 86  BAFF510    (0)    6 :  0.276 0.047 0.136 0.169 0.012 0.360 
 87  BAFF456    (0)    7 :  0.014 0.035 0.020 0.538 0.021 0.371 
 88  BAFF390    (0)    8 :  0.017 0.007 0.008 0.009 0.008 0.952 
 89  BAFF142    (0)   12 :  0.015 0.088 0.163 0.333 0.390 0.012 
 90  BAFF363    (7)   12 :  0.013 0.925 0.035 0.012 0.008 0.008 
 91  BAFF517    (0)    6 :  0.025 0.033 0.022 0.320 0.008 0.592 
 92  BAFF458    (0)    7 :  0.341 0.063 0.121 0.296 0.093 0.086 
 93  BAFF391    (0)    8 :  0.035 0.363 0.039 0.283 0.243 0.036 
 94  BAFF149    (0)   12 :  0.013 0.068 0.429 0.427 0.015 0.048 
 95  BAFF366    (7)   12 :  0.008 0.054 0.299 0.481 0.014 0.144 
 96  BAFF512    (0)    6 :  0.205 0.045 0.067 0.280 0.233 0.170 
 97  BAFF460    (0)    7 :  0.011 0.017 0.181 0.736 0.018 0.038 
 98  BAFF138    (0)   12 :  0.010 0.060 0.510 0.372 0.033 0.015 
 99  BAFF374    (0)   12 :  0.617 0.269 0.041 0.014 0.035 0.023 
100  BAFF015    (0)    1 :  0.013 0.013 0.010 0.011 0.943 0.010 
101  BAFF380    (0)    2 :  0.340 0.038 0.530 0.038 0.017 0.037 
102  BAFF216    (0)    3 :  0.241 0.034 0.025 0.175 0.059 0.466 
103  BAFF017    (0)    4 :  0.010 0.024 0.006 0.018 0.021 0.921 
104  BAFF245    (0)    4 :  0.136 0.046 0.050 0.288 0.225 0.256 
105  BAFF378    (7)   13 :  0.042 0.014 0.064 0.409 0.345 0.125 
106  BAFF023    (0)    5 :  0.137 0.044 0.069 0.525 0.037 0.188 
107  BAFF079    (0)    6 :  0.188 0.048 0.046 0.103 0.041 0.574 
108  BAFF435    (0)    6 :  0.057 0.038 0.157 0.644 0.011 0.093 
109  BAFF174    (7)    7 :  0.111 0.061 0.031 0.027 0.009 0.760 
110  BAFF226    (0)    7 :  0.012 0.010 0.045 0.664 0.015 0.254 
111  BAFF190    (0)    8 :  0.683 0.097 0.112 0.070 0.020 0.019 
112  BAFF243    (0)    9 :  0.028 0.008 0.092 0.180 0.044 0.648 
113  BAFF177    (0)   10 :  0.776 0.010 0.034 0.036 0.028 0.115 
114  BAFF364    (7)   11 :  0.099 0.024 0.739 0.091 0.016 0.031 
115  BAFF305    (0)   12 :  0.026 0.070 0.473 0.360 0.029 0.042 
116  BAFF513    (0)    6 :  0.765 0.021 0.027 0.039 0.064 0.083 
117  BAFF462    (0)    7 :  0.212 0.073 0.058 0.048 0.581 0.028 
118  BAFF143    (0)   12 :  0.045 0.159 0.389 0.268 0.009 0.130 
119  BAFF403    (0)   12 :  0.010 0.955 0.011 0.008 0.008 0.009 
120  BAFF514    (0)    6 :  0.603 0.310 0.023 0.025 0.009 0.031 
121  BAFF463    (0)    7 :  0.957 0.005 0.007 0.007 0.007 0.016 
122  BAFF137    (0)   12 :  0.408 0.031 0.170 0.368 0.012 0.012 
123  BAFF404    (0)   12 :  0.009 0.934 0.021 0.011 0.014 0.011 
124  BAFF515    (0)    6 :  0.521 0.039 0.106 0.138 0.025 0.172 
125  BAFF144    (0)   12 :  0.296 0.069 0.520 0.073 0.016 0.027 
126  BAFF405    (7)   12 :  0.074 0.041 0.626 0.192 0.048 0.018 
127  BAFF518    (0)    6 :  0.014 0.656 0.061 0.219 0.018 0.033 
128  BAFF467    (0)    7 :  0.250 0.041 0.049 0.368 0.036 0.257 
129  BAFF145    (0)   12 :  0.030 0.013 0.760 0.117 0.052 0.028 
130  BAFF406    (0)   12 :  0.047 0.266 0.620 0.033 0.009 0.024 
131  BAFF519    (0)    6 :  0.080 0.017 0.045 0.189 0.015 0.654 
132  BAFF471    (0)    7 :  0.266 0.037 0.180 0.324 0.086 0.107 
133  BAFF136    (0)   12 :  0.045 0.852 0.031 0.025 0.006 0.041 
134  BAFF520    (7)    6 :  0.174 0.116 0.072 0.320 0.053 0.266 
135  BAFF472    (0)    7 :  0.353 0.045 0.253 0.155 0.052 0.143 
136  BAFF165    (0)   12 :  0.022 0.118 0.049 0.663 0.065 0.083 
137  BAFF408    (0)   12 :  0.017 0.097 0.492 0.337 0.037 0.020 
138  BAFF522    (0)    6 :  0.835 0.046 0.038 0.024 0.027 0.029 
139  BAFF475    (0)    7 :  0.056 0.043 0.046 0.293 0.011 0.552 
140  BAFF140    (0)   12 :  0.285 0.048 0.366 0.174 0.023 0.103 
141  BAFF409    (0)   12 :  0.050 0.792 0.014 0.013 0.117 0.014 
142  BAFF523    (0)    6 :  0.778 0.009 0.101 0.060 0.018 0.035 
143  BAFF476    (0)    7 :  0.015 0.030 0.180 0.151 0.010 0.615 
144  BAFF147    (0)   12 :  0.123 0.329 0.240 0.259 0.018 0.030 
145  BAFF410    (0)   12 :  0.011 0.781 0.031 0.079 0.021 0.078 
146  BAFF477    (0)    7 :  0.016 0.008 0.031 0.734 0.093 0.118 
147  BAFF411    (0)   12 :  0.017 0.096 0.121 0.073 0.644 0.049 
148  BAFF486    (7)    7 :  0.008 0.008 0.103 0.763 0.010 0.109 
149  BAFF412    (7)   12 :  0.096 0.767 0.020 0.028 0.063 0.027 
150  BAFF258    (0)    1 :  0.461 0.028 0.054 0.071 0.359 0.027 
151  BAFF392    (0)    2 :  0.933 0.007 0.031 0.006 0.006 0.017 
152  BAFF217    (0)    3 :  0.016 0.020 0.046 0.096 0.016 0.806 
153  BAFF016    (0)    4 :  0.011 0.036 0.145 0.073 0.006 0.729 
154  BAFF246    (0)    4 :  0.055 0.026 0.038 0.039 0.011 0.831 
155  BAFF381    (0)   13 :  0.029 0.046 0.067 0.793 0.012 0.053 
156  BAFF078    (0)    6 :  0.017 0.047 0.823 0.097 0.007 0.010 
157  BAFF481    (0)    6 :  0.102 0.074 0.100 0.467 0.044 0.212 
158  BAFF436    (0)    7 :  0.561 0.057 0.060 0.046 0.103 0.172 
159  BAFF191    (0)    8 :  0.137 0.020 0.012 0.039 0.011 0.782 
160  BAFF382    (0)    9 :  0.134 0.112 0.107 0.557 0.010 0.079 
161  BAFF178    (0)   10 :  0.763 0.057 0.010 0.017 0.010 0.142 
162  BAFF159    (7)   11 :  0.020 0.032 0.015 0.414 0.024 0.496 
163  BAFF365    (7)   11 :  0.020 0.024 0.096 0.494 0.250 0.115 
164  BAFF007    (0)   12 :  0.050 0.034 0.333 0.368 0.097 0.117 
165  BAFF304    (7)   12 :  0.015 0.106 0.501 0.346 0.014 0.017 
166  BAFF487    (0)    7 :  0.348 0.043 0.193 0.185 0.038 0.194 
167  BAFF415    (0)   12 :  0.046 0.634 0.058 0.155 0.077 0.030 
168  BAFF488    (0)    7 :  0.021 0.016 0.024 0.110 0.727 0.102 
169  BAFF417    (0)   12 :  0.048 0.450 0.194 0.268 0.018 0.022 
170  BAFF489    (0)    7 :  0.080 0.042 0.243 0.579 0.010 0.046 
171  BAFF426    (0)   12 :  0.018 0.925 0.009 0.017 0.018 0.012 
172  BAFF490    (7)    7 :  0.113 0.014 0.248 0.367 0.027 0.231 
173  BAFF491    (0)    7 :  0.360 0.011 0.151 0.346 0.057 0.075 
174  BAFF492    (0)    7 :  0.062 0.029 0.113 0.645 0.012 0.139 
175  BAFF493    (0)    7 :  0.162 0.038 0.040 0.084 0.642 0.035 
176  BAFF506    (0)    7 :  0.343 0.022 0.149 0.206 0.204 0.076 
177  BAFF393    (0)    2 :  0.018 0.010 0.643 0.235 0.026 0.068 
178  BAFF218    (0)    3 :  0.088 0.025 0.043 0.230 0.071 0.544 
179  BAFF254    (0)    4 :  0.021 0.012 0.833 0.089 0.033 0.012 
180  BAFF385    (0)   13 :  0.390 0.095 0.245 0.156 0.055 0.058 
181  BAFF076    (0)    6 :  0.943 0.013 0.013 0.009 0.013 0.010 
182  BAFF482    (0)    6 :  0.143 0.090 0.106 0.604 0.012 0.044 
183  BAFF437    (0)    7 :  0.030 0.015 0.017 0.830 0.039 0.070 
184  BAFF192    (0)    8 :  0.481 0.016 0.307 0.073 0.026 0.098 
185  BAFF383    (0)    9 :  0.021 0.013 0.013 0.058 0.885 0.010 
186  BAFF180    (0)   10 :  0.390 0.157 0.015 0.030 0.009 0.399 
187  BAFF048    (7)   12 :  0.177 0.016 0.630 0.052 0.087 0.038 
188  BAFF306    (0)   12 :  0.081 0.053 0.341 0.399 0.012 0.114 
189  BAFF394    (0)    2 :  0.059 0.022 0.173 0.099 0.046 0.602 
190  BAFF219    (0)    3 :  0.035 0.016 0.027 0.683 0.010 0.229 
191  BAFF388    (0)    4 :  0.403 0.316 0.017 0.025 0.203 0.036 
192  BAFF386    (7)   13 :  0.782 0.023 0.080 0.061 0.024 0.031 
193  BAFF084    (0)    6 :  0.012 0.009 0.877 0.066 0.012 0.024 
194  BAFF483    (0)    6 :  0.526 0.118 0.024 0.176 0.038 0.118 
195  BAFF438   (15)    7 :  0.073 0.059 0.563 0.252 0.019 0.034 
196  BAFF193    (0)    8 :  0.130 0.024 0.047 0.177 0.549 0.073 
197  BAFF183    (0)   10 :  0.053 0.103 0.208 0.164 0.166 0.306 
198  BAFF153    (0)   12 :  0.015 0.061 0.508 0.398 0.008 0.010 
199  BAFF307    (0)   12 :  0.026 0.038 0.635 0.254 0.012 0.035 
200  BAFF397    (0)    2 :  0.005 0.011 0.035 0.822 0.010 0.117 
201  BAFF220    (0)    3 :  0.917 0.010 0.032 0.024 0.009 0.008 
202  BAFF095    (0)    6 :  0.903 0.014 0.012 0.014 0.044 0.014 
203  BAFF494    (0)    6 :  0.690 0.029 0.058 0.117 0.007 0.099 
204  BAFF439    (0)    7 :  0.021 0.518 0.047 0.269 0.012 0.133 
205  BAFF182    (0)   10 :  0.608 0.177 0.100 0.032 0.031 0.052 
206  BAFF054    (0)   12 :  0.008 0.960 0.009 0.010 0.006 0.007 
207  BAFF308    (0)   12 :  0.030 0.040 0.353 0.538 0.020 0.018 
208  BAFF266    (0)    1 :  0.042 0.069 0.181 0.325 0.288 0.095 
209  BAFF398    (7)    2 :  0.943 0.006 0.007 0.012 0.026 0.007 
210  BAFF221    (0)    3 :  0.091 0.147 0.190 0.032 0.524 0.016 
211  BAFF090    (0)    6 :  0.099 0.261 0.474 0.093 0.034 0.039 
212  BAFF495    (0)    6 :  0.011 0.011 0.010 0.020 0.009 0.940 
213  BAFF459    (0)    7 :  0.014 0.013 0.035 0.230 0.008 0.701 
214  BAFF197    (0)    8 :  0.020 0.124 0.037 0.657 0.017 0.144 
215  BAFF188    (0)   10 :  0.026 0.192 0.336 0.376 0.034 0.036 
216  BAFF051    (0)   12 :  0.083 0.574 0.028 0.210 0.037 0.067 
217  BAFF309    (0)   12 :  0.222 0.020 0.117 0.505 0.016 0.120 
218  BAFF269    (0)    1 :  0.054 0.016 0.043 0.426 0.159 0.303 
219  BAFF077    (0)    6 :  0.006 0.013 0.011 0.189 0.011 0.770 
220  BAFF496    (0)    6 :  0.014 0.011 0.007 0.027 0.015 0.925 
221  BAFF443    (0)    7 :  0.085 0.143 0.075 0.494 0.134 0.069 
222  BAFF198    (0)    8 :  0.289 0.076 0.056 0.068 0.012 0.498 
223  BAFF053    (0)   12 :  0.012 0.118 0.389 0.420 0.023 0.037 
224  BAFF310    (0)   12 :  0.011 0.812 0.023 0.112 0.009 0.033 
225  BAFF282    (0)    1 :  0.043 0.014 0.019 0.021 0.868 0.034 
226  BAFF497    (0)    6 :  0.016 0.014 0.011 0.330 0.012 0.616 
227  BAFF466    (0)    7 :  0.076 0.042 0.460 0.320 0.018 0.083 
228  BAFF200    (7)    8 :  0.705 0.047 0.091 0.079 0.015 0.064 
229  BAFF240    (0)   10 :  0.072 0.010 0.829 0.044 0.014 0.031 
230  BAFF055    (0)   12 :  0.031 0.849 0.027 0.058 0.022 0.012 
231  BAFF311    (7)   12 :  0.930 0.007 0.013 0.011 0.023 0.015 


Estimated Allele Frequencies in each cluster
First column gives estimated ancestral frequencies


Locus 1 : btern01 
9 alleles
0.0% missing data
   1   (0.142) 0.148 0.046 0.155 0.152 0.118 0.177 
   2   (0.016) 0.004 0.004 0.004 0.007 0.028 0.005 
   3   (0.163) 0.124 0.108 0.161 0.230 0.076 0.223 
   4   (0.213) 0.196 0.175 0.240 0.188 0.208 0.235 
   5   (0.289) 0.193 0.335 0.366 0.341 0.415 0.191 
   6   (0.072) 0.053 0.303 0.029 0.040 0.035 0.078 
   7   (0.052) 0.224 0.021 0.026 0.016 0.084 0.016 
   8   (0.017) 0.003 0.003 0.003 0.007 0.028 0.008 
   9   (0.036) 0.056 0.007 0.015 0.019 0.007 0.066 

Locus 2 : bt28 
5 alleles
0.0% missing data
   1   (0.666) 0.587 0.716 0.694 0.694 0.761 0.699 
   2   (0.150) 0.186 0.108 0.082 0.122 0.164 0.152 
   3   (0.147) 0.219 0.169 0.215 0.146 0.052 0.085 
   4   (0.026) 0.005 0.005 0.007 0.036 0.009 0.063 
   5   (0.011) 0.002 0.002 0.002 0.003 0.013 0.002 

Locus 3 : b96 
8 alleles
0.9% missing data
   1   (0.325) 0.359 0.337 0.275 0.390 0.347 0.284 
   2   (0.485) 0.522 0.501 0.512 0.491 0.474 0.628 
   3   (0.043) 0.030 0.039 0.094 0.030 0.013 0.016 
   4   (0.016) 0.003 0.003 0.044 0.006 0.006 0.003 
   5   (0.050) 0.041 0.041 0.028 0.034 0.025 0.030 
   6   (0.027) 0.032 0.006 0.009 0.008 0.076 0.005 
   7   (0.041) 0.009 0.012 0.035 0.038 0.057 0.031 
   8   (0.013) 0.003 0.063 0.002 0.003 0.003 0.002 

Locus 4 : bt30 
12 alleles
0.9% missing data
   1   (0.112) 0.169 0.117 0.057 0.090 0.251 0.052 
   2   (0.281) 0.281 0.274 0.287 0.332 0.287 0.313 
   3   (0.075) 0.037 0.035 0.076 0.151 0.024 0.123 
   4   (0.184) 0.215 0.235 0.221 0.161 0.130 0.194 
   5   (0.013) 0.018 0.003 0.003 0.005 0.003 0.003 
   6   (0.101) 0.187 0.056 0.046 0.070 0.095 0.138 
   7   (0.035) 0.011 0.030 0.018 0.034 0.022 0.017 
   8   (0.050) 0.012 0.061 0.059 0.050 0.041 0.018 
   9   (0.110) 0.041 0.180 0.225 0.089 0.086 0.125 
  10   (0.012) 0.002 0.002 0.002 0.002 0.055 0.002 
  11   (0.017) 0.025 0.004 0.004 0.014 0.004 0.005 
  12   (0.011) 0.002 0.002 0.002 0.003 0.002 0.010 

Locus 5 : btms0081 
3 alleles
0.9% missing data
   1   (0.499) 0.609 0.316 0.519 0.503 0.594 0.474 
   2   (0.348) 0.281 0.457 0.378 0.385 0.224 0.371 
   3   (0.153) 0.110 0.227 0.103 0.111 0.182 0.155 

Locus 6 : btms0066 
24 alleles
0.0% missing data
   1   (0.264) 0.329 0.353 0.272 0.289 0.386 0.193 
   2   (0.017) 0.003 0.003 0.004 0.004 0.057 0.008 
   3   (0.034) 0.021 0.013 0.065 0.062 0.007 0.011 
   4   (0.157) 0.220 0.153 0.085 0.172 0.072 0.345 
   5   (0.095) 0.046 0.114 0.082 0.193 0.044 0.111 
   6   (0.053) 0.160 0.023 0.072 0.028 0.013 0.051 
   7   (0.019) 0.040 0.003 0.004 0.006 0.016 0.004 
   8   (0.053) 0.017 0.031 0.031 0.043 0.071 0.078 
   9   (0.019) 0.007 0.004 0.172 0.008 0.004 0.004 
  10   (0.032) 0.008 0.005 0.031 0.019 0.128 0.012 
  11   (0.020) 0.008 0.011 0.004 0.005 0.127 0.005 
  12   (0.033) 0.007 0.016 0.010 0.057 0.008 0.104 
  13   (0.022) 0.019 0.015 0.030 0.013 0.005 0.006 
  14   (0.022) 0.006 0.036 0.040 0.005 0.005 0.004 
  15   (0.018) 0.004 0.003 0.006 0.035 0.006 0.018 
  16   (0.027) 0.030 0.084 0.033 0.009 0.007 0.007 
  17   (0.023) 0.007 0.056 0.019 0.015 0.016 0.005 
  18   (0.011) 0.002 0.027 0.002 0.002 0.002 0.002 
  19   (0.014) 0.007 0.005 0.013 0.013 0.003 0.003 
  20   (0.022) 0.024 0.011 0.007 0.006 0.007 0.021 
  21   (0.016) 0.022 0.003 0.008 0.004 0.007 0.003 
  22   (0.012) 0.010 0.002 0.003 0.003 0.002 0.002 
  23   (0.009) 0.002 0.026 0.001 0.002 0.002 0.002 
  24   (0.009) 0.002 0.002 0.003 0.005 0.005 0.002 

Locus 7 : btms0083 
31 alleles
3.0% missing data
   1   (0.013) 0.003 0.003 0.003 0.003 0.186 0.002 
   2   (0.024) 0.006 0.005 0.023 0.018 0.093 0.005 
   3   (0.031) 0.061 0.009 0.064 0.015 0.007 0.010 
   4   (0.042) 0.038 0.012 0.039 0.036 0.051 0.021 
   5   (0.191) 0.331 0.258 0.213 0.205 0.222 0.157 
   6   (0.021) 0.028 0.006 0.016 0.011 0.008 0.009 
   7   (0.063) 0.022 0.153 0.104 0.088 0.026 0.043 
   8   (0.040) 0.014 0.020 0.041 0.104 0.021 0.018 
   9   (0.034) 0.055 0.007 0.014 0.029 0.008 0.044 
  10   (0.025) 0.099 0.020 0.008 0.010 0.008 0.009 
  11   (0.051) 0.021 0.010 0.194 0.071 0.017 0.126 
  12   (0.019) 0.006 0.004 0.004 0.006 0.037 0.011 
  13   (0.048) 0.020 0.075 0.042 0.055 0.011 0.097 
  14   (0.033) 0.012 0.006 0.021 0.111 0.009 0.054 
  15   (0.030) 0.024 0.007 0.011 0.013 0.022 0.054 
  16   (0.024) 0.068 0.005 0.010 0.013 0.040 0.010 
  17   (0.033) 0.013 0.006 0.008 0.014 0.068 0.171 
  18   (0.052) 0.052 0.112 0.030 0.036 0.042 0.025 
  19   (0.022) 0.005 0.097 0.005 0.010 0.013 0.005 
  20   (0.026) 0.007 0.057 0.047 0.034 0.006 0.008 
  21   (0.012) 0.002 0.002 0.002 0.003 0.028 0.002 
  22   (0.012) 0.002 0.002 0.003 0.003 0.024 0.003 
  23   (0.016) 0.004 0.003 0.003 0.012 0.018 0.009 
  24   (0.010) 0.002 0.012 0.002 0.002 0.003 0.002 
  25   (0.030) 0.071 0.007 0.018 0.038 0.007 0.011 
  26   (0.015) 0.005 0.003 0.003 0.015 0.003 0.048 
  27   (0.024) 0.009 0.057 0.016 0.016 0.005 0.025 
  28   (0.017) 0.008 0.003 0.045 0.007 0.006 0.008 
  29   (0.016) 0.007 0.003 0.006 0.009 0.007 0.006 
  30   (0.013) 0.003 0.034 0.003 0.005 0.003 0.002 
  31   (0.012) 0.003 0.002 0.002 0.006 0.004 0.005 

Locus 8 : b126 
16 alleles
0.0% missing data
   1   (0.043) 0.061 0.014 0.011 0.028 0.039 0.028 
   2   (0.047) 0.015 0.008 0.015 0.055 0.119 0.066 
   3   (0.314) 0.281 0.397 0.483 0.361 0.235 0.366 
   4   (0.032) 0.016 0.007 0.010 0.025 0.012 0.065 
   5   (0.075) 0.137 0.062 0.056 0.071 0.031 0.070 
   6   (0.068) 0.021 0.156 0.058 0.137 0.020 0.043 
   7   (0.101) 0.168 0.128 0.196 0.079 0.022 0.089 
   8   (0.029) 0.008 0.068 0.008 0.016 0.008 0.036 
   9   (0.013) 0.032 0.002 0.002 0.003 0.002 0.002 
  10   (0.040) 0.090 0.046 0.010 0.012 0.026 0.030 
  11   (0.090) 0.040 0.028 0.113 0.097 0.352 0.064 
  12   (0.030) 0.007 0.028 0.012 0.030 0.031 0.008 
  13   (0.069) 0.071 0.046 0.016 0.052 0.092 0.077 
  14   (0.020) 0.010 0.004 0.004 0.013 0.004 0.046 
  15   (0.014) 0.018 0.003 0.004 0.011 0.003 0.003 
  16   (0.015) 0.023 0.003 0.003 0.009 0.003 0.004 

Locus 9 : btms0062 
34 alleles
0.0% missing data
   1   (0.032) 0.048 0.008 0.036 0.016 0.072 0.012 
   2   (0.049) 0.040 0.014 0.024 0.024 0.096 0.162 
   3   (0.081) 0.040 0.069 0.149 0.142 0.109 0.055 
   4   (0.099) 0.203 0.187 0.110 0.107 0.062 0.078 
   5   (0.051) 0.058 0.016 0.108 0.119 0.027 0.022 
   6   (0.025) 0.011 0.006 0.028 0.020 0.008 0.032 
   7   (0.012) 0.004 0.002 0.003 0.015 0.003 0.004 
   8   (0.021) 0.006 0.005 0.005 0.071 0.007 0.019 
   9   (0.044) 0.031 0.017 0.050 0.035 0.021 0.092 
  10   (0.055) 0.066 0.061 0.017 0.061 0.048 0.046 
  11   (0.068) 0.134 0.050 0.145 0.048 0.026 0.061 
  12   (0.043) 0.073 0.040 0.018 0.020 0.011 0.166 
  13   (0.045) 0.109 0.020 0.028 0.040 0.028 0.024 
  14   (0.044) 0.014 0.240 0.023 0.044 0.015 0.038 
  15   (0.018) 0.008 0.011 0.043 0.041 0.004 0.007 
  16   (0.014) 0.003 0.013 0.044 0.005 0.003 0.003 
  17   (0.018) 0.011 0.003 0.003 0.005 0.133 0.005 
  18   (0.014) 0.026 0.002 0.003 0.004 0.003 0.007 
  19   (0.044) 0.020 0.088 0.009 0.026 0.075 0.050 
  20   (0.011) 0.002 0.002 0.002 0.002 0.028 0.002 
  21   (0.035) 0.023 0.006 0.011 0.027 0.052 0.036 
  22   (0.019) 0.004 0.005 0.005 0.014 0.088 0.004 
  23   (0.010) 0.002 0.002 0.002 0.003 0.024 0.002 
  24   (0.020) 0.005 0.008 0.005 0.031 0.005 0.025 
  25   (0.012) 0.004 0.003 0.002 0.007 0.014 0.005 
  26   (0.029) 0.026 0.056 0.041 0.017 0.017 0.020 
  27   (0.017) 0.012 0.007 0.043 0.012 0.003 0.003 
  28   (0.008) 0.002 0.002 0.012 0.009 0.002 0.002 
  29   (0.014) 0.003 0.003 0.016 0.004 0.005 0.006 
  30   (0.012) 0.002 0.027 0.002 0.003 0.002 0.002 
  31   (0.010) 0.002 0.002 0.004 0.016 0.002 0.002 
  32   (0.011) 0.007 0.002 0.005 0.003 0.002 0.003 
  33   (0.008) 0.002 0.001 0.002 0.005 0.004 0.004 
  34   (0.006) 0.001 0.022 0.001 0.003 0.001 0.002 

Locus 10 : btern02 
25 alleles
4.8% missing data
   1   (0.103) 0.086 0.064 0.174 0.086 0.127 0.167 
   2   (0.010) 0.002 0.002 0.002 0.002 0.014 0.002 
   3   (0.075) 0.119 0.023 0.084 0.135 0.028 0.105 
   4   (0.052) 0.136 0.089 0.012 0.038 0.017 0.052 
   5   (0.028) 0.025 0.007 0.032 0.026 0.015 0.010 
   6   (0.045) 0.043 0.020 0.121 0.056 0.024 0.028 
   7   (0.031) 0.029 0.125 0.006 0.024 0.006 0.010 
   8   (0.037) 0.018 0.007 0.034 0.032 0.090 0.021 
   9   (0.076) 0.106 0.059 0.105 0.092 0.088 0.026 
  10   (0.033) 0.016 0.007 0.016 0.072 0.009 0.077 
  11   (0.059) 0.024 0.078 0.049 0.093 0.022 0.084 
  12   (0.034) 0.011 0.007 0.019 0.019 0.123 0.051 
  13   (0.048) 0.066 0.048 0.010 0.038 0.051 0.040 
  14   (0.052) 0.036 0.118 0.016 0.021 0.142 0.054 
  15   (0.012) 0.002 0.002 0.077 0.003 0.002 0.002 
  16   (0.046) 0.018 0.048 0.015 0.053 0.055 0.049 
  17   (0.028) 0.026 0.054 0.016 0.020 0.008 0.022 
  18   (0.043) 0.021 0.162 0.016 0.028 0.013 0.092 
  19   (0.038) 0.079 0.012 0.076 0.041 0.008 0.017 
  20   (0.039) 0.064 0.008 0.008 0.049 0.053 0.030 
  21   (0.023) 0.005 0.009 0.008 0.024 0.049 0.010 
  22   (0.013) 0.003 0.006 0.002 0.005 0.018 0.004 
  23   (0.034) 0.033 0.007 0.017 0.026 0.027 0.033 
  24   (0.029) 0.018 0.034 0.081 0.015 0.006 0.007 
  25   (0.014) 0.014 0.005 0.003 0.005 0.003 0.008 

Locus 11 : btms0086 
3 alleles
0.0% missing data
   1   (0.835) 0.777 0.919 0.938 0.854 0.787 0.842 
   2   (0.142) 0.218 0.071 0.048 0.126 0.189 0.153 
   3   (0.023) 0.004 0.011 0.014 0.020 0.024 0.005 

Locus 12 : bl13 
3 alleles
0.0% missing data
   1   (0.072) 0.040 0.285 0.023 0.032 0.191 0.028 
   2   (0.828) 0.850 0.655 0.788 0.883 0.788 0.881 
   3   (0.100) 0.110 0.060 0.188 0.085 0.021 0.092 

Locus 13 : btms0059 
9 alleles
0.0% missing data
   1   (0.341) 0.341 0.306 0.472 0.409 0.375 0.246 
   2   (0.106) 0.048 0.020 0.133 0.120 0.122 0.274 
   3   (0.065) 0.036 0.100 0.049 0.037 0.108 0.028 
   4   (0.053) 0.090 0.021 0.018 0.039 0.045 0.028 
   5   (0.081) 0.040 0.052 0.072 0.127 0.038 0.066 
   6   (0.303) 0.425 0.492 0.236 0.234 0.298 0.305 
   7   (0.015) 0.003 0.002 0.004 0.005 0.003 0.040 
   8   (0.024) 0.015 0.004 0.012 0.024 0.008 0.008 
   9   (0.011) 0.002 0.003 0.004 0.004 0.004 0.005 

Values of parameters used in structure:
DATAFILE=/Users/johnmola/Desktop/rpbbfeb27/rpbbstructure/project_data,	OUTFILE=/Users/johnmola/Desktop/rpbbfeb27/rpbbstructure/rpbb20k100k/Results/rpbb20k100k_run_54,	NUMINDS=231,	NUMLOCI=13,	MISSING=-9,	LABEL=1,	POPDATA=1,	POPFLAG=0,	PHENOTYPE=0,	EXTRACOLS=0,	MAXPOPS=6,	BURNIN=20000,	NUMREPS=100000,	USEPOPINFO=0,	INFERALPHA=1,	INFERLAMBDA=0,	POPSPECIFICLAMBDA=0,	POPALPHAS=0,	COMPUTEPROB=1,	NOADMIX=0,	ADMBURNIN=2500,	UPDATEFREQ=1,	PRINTLIKES=0,	INTERMEDSAVE=0,	PRINTKLD=0,	PRINTNET=0,	PRINTLAMBDA=0,	ANCESTDIST=0,	NUMBOXES=1000,	ANCESTPINT=0.90000,	GENSBACK=2,	MIGRPRIOR=0.05000,	PRINTQHAT=0,	PRINTQSUM=0,	ALPHA=1.0000,	FREQSCORR=1,	FPRIORMEAN=0.0100,	FPRIORSD=0.0500,	ONEFST=0,	LAMBDA=1.0000,	UNIFPRIORALPHA=1,	ALPHAMAX=10.0000,	ALPHAPRIORA=1.0000,	ALPHAPRIORB=2.0000,	ALPHAPROPSD=0.0250,	STARTATPOPINFO=0,	RANDOMIZE=1,	LINKAGE=0,	METROFREQ=10,	REPORTHITRATE=0,	MARKOVPHASE=-1,	PHASED=0,	PLOIDY=2,	PHASEINFO=0	LOCPRIOR=0, 	LOCPRIORINIT=1.000000, 	LOCDATA=0, 	LOCISPOP=0, 	LOCPRIORSTEP=0.100000, 	MAXLOCPRIOR=20.000000, 	SEED=1677520280,	
[STRAT parameters]:    NUMSIMSTATS=1000,	PHENOTYPECOL=-9,	POOLFREQ=10,	LOCUSxONLY=0,	EMERROR=0.00100,	MISSINGPHENO=-9,	