

----------------------------------------------------
STRUCTURE by Pritchard, Stephens and Donnelly (2000)
     and Falush, Stephens and Pritchard (2003)
       Code by Pritchard, Falush and Hubisz
             Version 2.3.4 (Jul 2012)
----------------------------------------------------



Command line arguments:   bin/structure -m "/Users/johnmola/Desktop/rpbbfeb27/rpbbstructure/rpbb20k100k/mainparams" -e "/Users/johnmola/Desktop/rpbbfeb27/rpbbstructure/rpbb20k100k/extraparams" 
Input File:    /Users/johnmola/Desktop/rpbbfeb27/rpbbstructure/project_data

Run parameters:
   231 individuals
   13 loci
   6 populations assumed
   20000 Burn-in period
   100000 Reps


--------------------------------------------
Proportion of membership of each pre-defined
 population in each of the 6 clusters

Given    Inferred Clusters                            Number of
 Pop       1      2      3      4      5      6      Individuals

  1:     0.046  0.063  0.820  0.038  0.015  0.019       21
  2:     0.159  0.197  0.020  0.335  0.016  0.274        7
  3:     0.271  0.282  0.101  0.251  0.042  0.053        7
  4:     0.277  0.248  0.066  0.087  0.061  0.261        8
  5:     0.297  0.293  0.178  0.122  0.034  0.076        4
  6:     0.234  0.211  0.041  0.286  0.111  0.116       35
  7:     0.242  0.313  0.084  0.220  0.047  0.094       40
  8:     0.265  0.229  0.062  0.216  0.116  0.113       19
  9:     0.295  0.288  0.272  0.047  0.039  0.060        4
 10:     0.122  0.103  0.032  0.280  0.287  0.176       11
 11:     0.096  0.136  0.149  0.028  0.017  0.574        8
 12:     0.078  0.097  0.053  0.113  0.345  0.314       60
 13:     0.385  0.309  0.057  0.168  0.033  0.048        7
--------------------------------------------

Allele-freq. divergence among pops (Net nucleotide distance),
computed using point estimates of P.

      1       2       3       4       5       6      
 1      -    0.0015  0.0250  0.0171  0.0268  0.0177  
 2   0.0015     -    0.0231  0.0174  0.0263  0.0152  
 3   0.0250  0.0231     -    0.0279  0.0368  0.0305  
 4   0.0171  0.0174  0.0279     -    0.0318  0.0268  
 5   0.0268  0.0263  0.0368  0.0318     -    0.0289  
 6   0.0177  0.0152  0.0305  0.0268  0.0289     -    

Average distances (expected heterozygosity) between individuals in same cluster:
cluster  1  : 0.6877 
cluster  2  : 0.6880 
cluster  3  : 0.6865 
cluster  4  : 0.6920 
cluster  5  : 0.6789 
cluster  6  : 0.6696 

--------------------------------------------
Estimated Ln Prob of Data   = -10004.6
Mean value of ln likelihood = -9528.9
Variance of ln likelihood   = 951.3
Mean value of alpha         = 0.0536

Mean value of Fst_1         = 0.0561
Mean value of Fst_2         = 0.0488
Mean value of Fst_3         = 0.0723
Mean value of Fst_4         = 0.0571
Mean value of Fst_5         = 0.0829
Mean value of Fst_6         = 0.0671


Inferred ancestry of individuals:
        Label (%Miss) Pop:  Inferred clusters
  1  BAFF014    (0)    1 :  0.018 0.014 0.941 0.013 0.006 0.008 
  2  BAFF379    (0)    2 :  0.170 0.204 0.014 0.038 0.011 0.562 
  3  BAFF212    (0)    3 :  0.201 0.279 0.027 0.397 0.064 0.033 
  4  BAFF018    (0)    4 :  0.054 0.082 0.009 0.018 0.015 0.821 
  5  BAFF247    (0)    4 :  0.309 0.524 0.010 0.048 0.016 0.093 
  6  BAFF024    (0)    5 :  0.407 0.241 0.023 0.267 0.049 0.014 
  7  BAFF088    (0)    6 :  0.040 0.052 0.011 0.840 0.029 0.028 
  8  BAFF429    (0)    6 :  0.415 0.219 0.021 0.244 0.014 0.086 
  9  BAFF087    (7)    7 :  0.007 0.008 0.008 0.963 0.006 0.006 
 10  BAFF225    (0)    7 :  0.297 0.245 0.040 0.389 0.015 0.014 
 11  BAFF195    (0)    8 :  0.060 0.054 0.031 0.048 0.009 0.798 
 12  BAFF238    (0)    9 :  0.464 0.286 0.140 0.040 0.040 0.030 
 13  BAFF019    (0)   10 :  0.024 0.021 0.025 0.062 0.839 0.029 
 14  BAFF175    (0)   10 :  0.227 0.228 0.013 0.222 0.128 0.182 
 15  BAFF156    (0)   11 :  0.006 0.006 0.005 0.006 0.006 0.972 
 16  BAFF301    (0)   11 :  0.035 0.029 0.878 0.020 0.025 0.014 
 17  BAFF141    (0)   12 :  0.051 0.132 0.419 0.012 0.011 0.375 
 18  BAFF302    (0)   12 :  0.339 0.523 0.026 0.027 0.057 0.029 
 19  BAFF290    (0)    1 :  0.028 0.029 0.894 0.016 0.013 0.020 
 20  BAFF498    (0)    6 :  0.273 0.258 0.261 0.078 0.069 0.061 
 21  BAFF455    (0)    7 :  0.085 0.053 0.023 0.775 0.035 0.028 
 22  BAFF203    (7)    8 :  0.049 0.037 0.010 0.869 0.012 0.022 
 23  BAFF056    (0)   12 :  0.047 0.051 0.019 0.011 0.864 0.008 
 24  BAFF327    (0)   12 :  0.030 0.034 0.081 0.043 0.208 0.605 
 25  BAFF255    (0)    1 :  0.011 0.014 0.952 0.009 0.007 0.008 
 26  BAFF256    (0)    1 :  0.008 0.007 0.956 0.010 0.013 0.006 
 27  BAFF257    (0)    1 :  0.008 0.006 0.967 0.008 0.006 0.006 
 28  BAFF260    (0)    1 :  0.011 0.009 0.949 0.017 0.008 0.006 
 29  BAFF259    (0)    1 :  0.009 0.008 0.950 0.008 0.017 0.009 
 30  BAFF261    (0)    1 :  0.011 0.012 0.950 0.009 0.009 0.008 
 31  BAFF274    (0)    1 :  0.033 0.041 0.869 0.025 0.014 0.018 
 32  BAFF262    (0)    1 :  0.009 0.011 0.932 0.028 0.008 0.012 
 33  BAFF294    (0)    1 :  0.008 0.009 0.935 0.034 0.007 0.007 
 34  BAFF292    (0)    1 :  0.066 0.088 0.809 0.009 0.011 0.016 
 35  BAFF296    (0)    1 :  0.043 0.077 0.845 0.008 0.015 0.012 
 36  BAFF295    (0)    1 :  0.019 0.039 0.896 0.021 0.011 0.014 
 37  BAFF298    (0)    1 :  0.019 0.021 0.917 0.012 0.017 0.013 
 38  BAFF299    (0)    1 :  0.007 0.006 0.941 0.012 0.026 0.008 
 39  BAFF375    (0)   13 :  0.605 0.323 0.037 0.014 0.011 0.009 
 40  BAFF376    (0)   13 :  0.566 0.305 0.025 0.058 0.031 0.015 
 41  BAFF377    (0)   13 :  0.610 0.327 0.035 0.010 0.009 0.009 
 42  BAFF022    (0)    5 :  0.238 0.227 0.372 0.036 0.015 0.113 
 43  BAFF021    (0)    5 :  0.196 0.219 0.283 0.108 0.039 0.156 
 44  BAFF499    (0)    6 :  0.049 0.049 0.009 0.017 0.843 0.033 
 45  BAFF204    (0)    8 :  0.300 0.551 0.009 0.026 0.048 0.065 
 46  BAFF068    (0)   12 :  0.019 0.024 0.065 0.008 0.868 0.015 
 47  BAFF336    (0)   12 :  0.035 0.043 0.015 0.034 0.503 0.370 
 48  BAFF447    (0)    7 :  0.272 0.659 0.008 0.025 0.014 0.022 
 49  BAFF457    (0)    7 :  0.283 0.644 0.028 0.011 0.009 0.025 
 50  BAFF448    (0)    7 :  0.118 0.210 0.084 0.467 0.009 0.113 
 51  BAFF465    (0)    7 :  0.025 0.029 0.015 0.897 0.012 0.022 
 52  BAFF194    (0)    8 :  0.475 0.393 0.039 0.058 0.013 0.022 
 53  BAFF199    (0)    8 :  0.241 0.353 0.023 0.022 0.022 0.339 
 54  BAFF500    (0)    6 :  0.282 0.225 0.286 0.100 0.097 0.009 
 55  BAFF206    (0)    8 :  0.234 0.254 0.055 0.313 0.069 0.075 
 56  BAFF069    (0)   12 :  0.015 0.015 0.010 0.014 0.927 0.019 
 57  BAFF330    (0)   12 :  0.037 0.031 0.017 0.737 0.023 0.155 
 58  BAFF239    (0)   10 :  0.040 0.075 0.020 0.028 0.683 0.154 
 59  BAFF241    (0)   10 :  0.036 0.070 0.026 0.011 0.831 0.027 
 60  BAFF157    (0)   11 :  0.010 0.010 0.006 0.009 0.009 0.957 
 61  BAFF161    (0)   11 :  0.009 0.008 0.006 0.009 0.008 0.961 
 62  BAFF160    (0)   11 :  0.008 0.009 0.005 0.011 0.006 0.961 
 63  BAFF008    (0)   12 :  0.072 0.115 0.045 0.614 0.129 0.024 
 64  BAFF013    (0)   12 :  0.027 0.022 0.012 0.885 0.012 0.042 
 65  BAFF407    (0)   12 :  0.013 0.011 0.010 0.014 0.927 0.025 
 66  BAFF503    (0)    6 :  0.055 0.033 0.006 0.147 0.747 0.011 
 67  BAFF449    (0)    7 :  0.025 0.026 0.015 0.854 0.039 0.042 
 68  BAFF207    (0)    8 :  0.172 0.063 0.016 0.044 0.697 0.007 
 69  BAFF070    (0)   12 :  0.013 0.012 0.010 0.014 0.934 0.017 
 70  BAFF335    (0)   12 :  0.020 0.032 0.013 0.035 0.062 0.837 
 71  BAFF507    (0)    6 :  0.501 0.409 0.046 0.016 0.008 0.019 
 72  BAFF450    (0)    7 :  0.272 0.225 0.189 0.035 0.047 0.232 
 73  BAFF209    (7)    8 :  0.401 0.257 0.039 0.207 0.037 0.059 
 74  BAFF072    (0)   12 :  0.032 0.033 0.009 0.020 0.026 0.879 
 75  BAFF339    (0)   12 :  0.262 0.177 0.015 0.017 0.484 0.045 
 76  BAFF508    (0)    6 :  0.092 0.092 0.051 0.015 0.014 0.736 
 77  BAFF451    (0)    7 :  0.306 0.573 0.011 0.072 0.022 0.016 
 78  BAFF210    (0)    8 :  0.148 0.112 0.081 0.154 0.491 0.014 
 79  BAFF139    (0)   12 :  0.333 0.490 0.064 0.032 0.014 0.067 
 80  BAFF341    (0)   12 :  0.343 0.338 0.021 0.059 0.031 0.207 
 81  BAFF509    (0)    6 :  0.057 0.027 0.042 0.821 0.040 0.014 
 82  BAFF453    (0)    7 :  0.438 0.203 0.011 0.140 0.178 0.030 
 83  BAFF389    (0)    8 :  0.529 0.298 0.051 0.023 0.008 0.091 
 84  BAFF163    (0)   12 :  0.008 0.006 0.004 0.015 0.961 0.006 
 85  BAFF344    (7)   12 :  0.072 0.055 0.010 0.037 0.322 0.504 
 86  BAFF510    (0)    6 :  0.246 0.212 0.013 0.302 0.037 0.190 
 87  BAFF456    (0)    7 :  0.321 0.590 0.020 0.012 0.037 0.020 
 88  BAFF390    (0)    8 :  0.604 0.364 0.008 0.010 0.007 0.008 
 89  BAFF142    (0)   12 :  0.053 0.108 0.497 0.012 0.104 0.227 
 90  BAFF363    (7)   12 :  0.009 0.008 0.007 0.013 0.924 0.039 
 91  BAFF517    (0)    6 :  0.455 0.468 0.007 0.020 0.028 0.022 
 92  BAFF458    (0)    7 :  0.293 0.344 0.077 0.191 0.046 0.049 
 93  BAFF391    (0)    8 :  0.085 0.147 0.252 0.035 0.412 0.069 
 94  BAFF149    (0)   12 :  0.096 0.121 0.015 0.012 0.053 0.703 
 95  BAFF366    (7)   12 :  0.173 0.294 0.014 0.008 0.037 0.473 
 96  BAFF512    (0)    6 :  0.232 0.372 0.169 0.153 0.044 0.029 
 97  BAFF460    (0)    7 :  0.186 0.397 0.020 0.014 0.022 0.360 
 98  BAFF138    (0)   12 :  0.014 0.021 0.034 0.009 0.044 0.878 
 99  BAFF374    (0)   12 :  0.019 0.016 0.037 0.646 0.252 0.031 
100  BAFF015    (0)    1 :  0.017 0.020 0.931 0.011 0.014 0.008 
101  BAFF380    (0)    2 :  0.103 0.075 0.016 0.355 0.041 0.411 
102  BAFF216    (0)    3 :  0.406 0.304 0.050 0.193 0.030 0.017 
103  BAFF017    (0)    4 :  0.523 0.412 0.018 0.017 0.025 0.005 
104  BAFF245    (0)    4 :  0.238 0.252 0.276 0.128 0.036 0.070 
105  BAFF378    (7)   13 :  0.293 0.426 0.220 0.024 0.013 0.025 
106  BAFF023    (0)    5 :  0.346 0.486 0.036 0.079 0.032 0.020 
107  BAFF079    (0)    6 :  0.399 0.278 0.041 0.189 0.044 0.050 
108  BAFF435    (0)    6 :  0.340 0.558 0.011 0.031 0.026 0.033 
109  BAFF174    (7)    7 :  0.539 0.269 0.009 0.104 0.055 0.024 
110  BAFF226    (0)    7 :  0.299 0.642 0.017 0.011 0.009 0.022 
111  BAFF190    (0)    8 :  0.077 0.048 0.020 0.684 0.080 0.091 
112  BAFF243    (0)    9 :  0.427 0.364 0.041 0.027 0.007 0.134 
113  BAFF177    (0)   10 :  0.105 0.041 0.030 0.781 0.010 0.033 
114  BAFF364    (7)   11 :  0.115 0.106 0.015 0.132 0.026 0.606 
115  BAFF305    (0)   12 :  0.049 0.046 0.030 0.024 0.070 0.782 
116  BAFF513    (0)    6 :  0.103 0.078 0.060 0.723 0.019 0.017 
117  BAFF462    (0)    7 :  0.124 0.086 0.538 0.154 0.078 0.021 
118  BAFF143    (0)   12 :  0.096 0.093 0.009 0.033 0.118 0.651 
119  BAFF403    (0)   12 :  0.009 0.008 0.007 0.009 0.957 0.010 
120  BAFF514    (0)    6 :  0.071 0.041 0.008 0.573 0.290 0.016 
121  BAFF463    (0)    7 :  0.008 0.007 0.007 0.966 0.006 0.006 
122  BAFF137    (0)   12 :  0.056 0.076 0.015 0.579 0.021 0.253 
123  BAFF404    (0)   12 :  0.011 0.011 0.013 0.008 0.939 0.017 
124  BAFF515    (0)    6 :  0.137 0.116 0.022 0.590 0.041 0.095 
125  BAFF144    (0)   12 :  0.113 0.075 0.016 0.213 0.069 0.514 
126  BAFF405    (7)   12 :  0.028 0.027 0.045 0.064 0.032 0.805 
127  BAFF518    (0)    6 :  0.079 0.128 0.022 0.014 0.665 0.092 
128  BAFF467    (0)    7 :  0.335 0.396 0.021 0.190 0.038 0.021 
129  BAFF145    (0)   12 :  0.038 0.049 0.045 0.027 0.010 0.831 
130  BAFF406    (0)   12 :  0.021 0.016 0.009 0.046 0.246 0.662 
131  BAFF519    (0)    6 :  0.532 0.312 0.015 0.077 0.015 0.050 
132  BAFF471    (0)    7 :  0.199 0.237 0.080 0.232 0.036 0.216 
133  BAFF136    (0)   12 :  0.041 0.018 0.006 0.058 0.832 0.046 
134  BAFF520    (7)    6 :  0.381 0.353 0.045 0.102 0.083 0.036 
135  BAFF472    (0)    7 :  0.287 0.221 0.042 0.264 0.041 0.146 
136  BAFF165    (0)   12 :  0.250 0.439 0.091 0.024 0.125 0.071 
137  BAFF408    (0)   12 :  0.038 0.055 0.044 0.016 0.065 0.783 
138  BAFF522    (0)    6 :  0.055 0.031 0.030 0.818 0.038 0.028 
139  BAFF475    (0)    7 :  0.460 0.379 0.010 0.056 0.048 0.048 
140  BAFF140    (0)   12 :  0.069 0.056 0.023 0.258 0.042 0.552 
141  BAFF409    (0)   12 :  0.015 0.013 0.107 0.054 0.797 0.014 
142  BAFF523    (0)    6 :  0.130 0.091 0.015 0.705 0.009 0.050 
143  BAFF476    (0)    7 :  0.382 0.361 0.011 0.015 0.032 0.199 
144  BAFF147    (0)   12 :  0.049 0.060 0.020 0.166 0.334 0.371 
145  BAFF410    (0)   12 :  0.076 0.063 0.023 0.010 0.784 0.045 
146  BAFF477    (0)    7 :  0.253 0.564 0.115 0.016 0.007 0.045 
147  BAFF411    (0)   12 :  0.058 0.053 0.626 0.012 0.101 0.150 
148  BAFF486    (7)    7 :  0.335 0.629 0.009 0.007 0.007 0.012 
149  BAFF412    (7)   12 :  0.031 0.034 0.052 0.085 0.777 0.021 
150  BAFF258    (0)    1 :  0.142 0.098 0.304 0.402 0.024 0.030 
151  BAFF392    (0)    2 :  0.025 0.009 0.006 0.942 0.007 0.011 
152  BAFF217    (0)    3 :  0.540 0.360 0.015 0.014 0.019 0.052 
153  BAFF016    (0)    4 :  0.465 0.280 0.005 0.010 0.031 0.207 
154  BAFF246    (0)    4 :  0.534 0.335 0.011 0.058 0.026 0.036 
155  BAFF381    (0)   13 :  0.304 0.524 0.012 0.028 0.045 0.087 
156  BAFF078    (0)    6 :  0.017 0.013 0.006 0.012 0.028 0.925 
157  BAFF481    (0)    6 :  0.351 0.386 0.039 0.070 0.062 0.092 
158  BAFF436    (0)    7 :  0.146 0.104 0.098 0.539 0.062 0.051 
159  BAFF191    (0)    8 :  0.519 0.315 0.014 0.122 0.019 0.012 
160  BAFF382    (0)    9 :  0.269 0.468 0.009 0.099 0.095 0.061 
161  BAFF178    (0)   10 :  0.112 0.036 0.009 0.783 0.050 0.010 
162  BAFF159    (7)   11 :  0.367 0.558 0.015 0.017 0.031 0.011 
163  BAFF365    (7)   11 :  0.220 0.361 0.266 0.018 0.023 0.113 
164  BAFF007    (0)   12 :  0.138 0.218 0.114 0.039 0.028 0.462 
165  BAFF304    (7)   12 :  0.065 0.080 0.015 0.013 0.105 0.722 
166  BAFF487    (0)    7 :  0.314 0.269 0.034 0.289 0.040 0.054 
167  BAFF415    (0)   12 :  0.051 0.071 0.087 0.060 0.639 0.091 
168  BAFF488    (0)    7 :  0.114 0.138 0.693 0.017 0.015 0.023 
169  BAFF417    (0)   12 :  0.069 0.082 0.018 0.052 0.488 0.292 
170  BAFF489    (0)    7 :  0.189 0.355 0.009 0.066 0.037 0.344 
171  BAFF426    (0)   12 :  0.012 0.016 0.017 0.020 0.926 0.009 
172  BAFF490    (7)    7 :  0.279 0.441 0.029 0.118 0.014 0.118 
173  BAFF491    (0)    7 :  0.222 0.321 0.058 0.303 0.011 0.085 
174  BAFF492    (0)    7 :  0.347 0.577 0.009 0.027 0.021 0.019 
175  BAFF493    (0)    7 :  0.141 0.110 0.572 0.122 0.035 0.020 
176  BAFF506    (0)    7 :  0.286 0.254 0.193 0.216 0.019 0.032 
177  BAFF393    (0)    2 :  0.097 0.166 0.019 0.012 0.011 0.694 
178  BAFF218    (0)    3 :  0.401 0.412 0.061 0.067 0.024 0.035 
179  BAFF254    (0)    4 :  0.037 0.059 0.033 0.017 0.011 0.843 
180  BAFF385    (0)   13 :  0.252 0.195 0.048 0.278 0.101 0.126 
181  BAFF076    (0)    6 :  0.010 0.010 0.012 0.944 0.013 0.011 
182  BAFF482    (0)    6 :  0.253 0.440 0.011 0.103 0.080 0.112 
183  BAFF437    (0)    7 :  0.271 0.571 0.069 0.033 0.018 0.037 
184  BAFF192    (0)    8 :  0.124 0.055 0.023 0.456 0.014 0.327 
185  BAFF383    (0)    9 :  0.021 0.032 0.897 0.023 0.012 0.016 
186  BAFF180    (0)   10 :  0.290 0.123 0.009 0.394 0.172 0.013 
187  BAFF048    (7)   12 :  0.138 0.080 0.114 0.169 0.018 0.481 
188  BAFF306    (0)   12 :  0.179 0.143 0.011 0.103 0.051 0.513 
189  BAFF394    (0)    2 :  0.406 0.259 0.054 0.057 0.022 0.202 
190  BAFF219    (0)    3 :  0.320 0.585 0.012 0.034 0.017 0.033 
191  BAFF388    (0)    4 :  0.057 0.040 0.166 0.402 0.324 0.011 
192  BAFF386    (7)   13 :  0.062 0.065 0.025 0.764 0.022 0.062 
193  BAFF084    (0)    6 :  0.052 0.073 0.013 0.013 0.008 0.841 
194  BAFF483    (0)    6 :  0.153 0.102 0.036 0.570 0.113 0.026 
195  BAFF438   (15)    7 :  0.078 0.112 0.018 0.058 0.045 0.689 
196  BAFF193    (0)    8 :  0.151 0.236 0.458 0.108 0.023 0.025 
197  BAFF183    (0)   10 :  0.341 0.307 0.143 0.043 0.101 0.067 
198  BAFF153    (0)   12 :  0.028 0.038 0.009 0.014 0.033 0.878 
199  BAFF307    (0)   12 :  0.053 0.057 0.013 0.023 0.024 0.829 
200  BAFF397    (0)    2 :  0.296 0.647 0.010 0.005 0.012 0.029 
201  BAFF220    (0)    3 :  0.011 0.010 0.009 0.948 0.009 0.014 
202  BAFF095    (0)    6 :  0.022 0.014 0.049 0.893 0.013 0.011 
203  BAFF494    (0)    6 :  0.098 0.120 0.007 0.717 0.030 0.028 
204  BAFF439    (0)    7 :  0.187 0.216 0.012 0.020 0.511 0.052 
205  BAFF182    (0)   10 :  0.044 0.027 0.024 0.669 0.161 0.075 
206  BAFF054    (0)   12 :  0.007 0.008 0.007 0.009 0.960 0.009 
207  BAFF308    (0)   12 :  0.095 0.217 0.022 0.030 0.029 0.608 
208  BAFF266    (0)    1 :  0.240 0.354 0.203 0.030 0.058 0.116 
209  BAFF398    (7)    2 :  0.017 0.015 0.023 0.933 0.006 0.006 
210  BAFF221    (0)    3 :  0.016 0.023 0.533 0.106 0.133 0.189 
211  BAFF090    (0)    6 :  0.177 0.127 0.028 0.078 0.302 0.288 
212  BAFF495    (0)    6 :  0.585 0.375 0.009 0.011 0.011 0.009 
213  BAFF459    (0)    7 :  0.494 0.427 0.009 0.015 0.014 0.042 
214  BAFF197    (0)    8 :  0.298 0.478 0.021 0.022 0.133 0.050 
215  BAFF188    (0)   10 :  0.088 0.152 0.039 0.025 0.173 0.523 
216  BAFF051    (0)   12 :  0.175 0.261 0.024 0.069 0.450 0.021 
217  BAFF309    (0)   12 :  0.304 0.447 0.017 0.157 0.019 0.055 
218  BAFF269    (0)    1 :  0.232 0.435 0.201 0.071 0.015 0.045 
219  BAFF077    (0)    6 :  0.528 0.432 0.011 0.007 0.012 0.010 
220  BAFF496    (0)    6 :  0.602 0.353 0.016 0.011 0.012 0.007 
221  BAFF443    (0)    7 :  0.224 0.370 0.120 0.066 0.150 0.070 
222  BAFF198    (0)    8 :  0.440 0.244 0.013 0.219 0.063 0.020 
223  BAFF053    (0)   12 :  0.096 0.138 0.023 0.012 0.084 0.647 
224  BAFF310    (0)   12 :  0.030 0.022 0.009 0.011 0.901 0.027 
225  BAFF282    (0)    1 :  0.024 0.026 0.878 0.037 0.014 0.021 
226  BAFF497    (0)    6 :  0.426 0.521 0.011 0.013 0.016 0.012 
227  BAFF466    (0)    7 :  0.237 0.272 0.016 0.060 0.041 0.374 
228  BAFF200    (7)    8 :  0.120 0.087 0.013 0.684 0.038 0.059 
229  BAFF240    (0)   10 :  0.041 0.051 0.013 0.060 0.010 0.825 
230  BAFF055    (0)   12 :  0.016 0.022 0.027 0.035 0.863 0.037 
231  BAFF311    (7)   12 :  0.015 0.008 0.022 0.933 0.007 0.014 


Estimated Allele Frequencies in each cluster
First column gives estimated ancestral frequencies


Locus 1 : btern01 
9 alleles
0.0% missing data
   1   (0.139) 0.164 0.155 0.122 0.149 0.043 0.162 
   2   (0.017) 0.008 0.008 0.025 0.004 0.004 0.003 
   3   (0.162) 0.207 0.224 0.077 0.125 0.105 0.187 
   4   (0.214) 0.228 0.201 0.206 0.191 0.175 0.233 
   5   (0.291) 0.251 0.299 0.418 0.185 0.330 0.355 
   6   (0.071) 0.064 0.050 0.032 0.056 0.315 0.026 
   7   (0.052) 0.020 0.017 0.082 0.232 0.020 0.019 
   8   (0.016) 0.006 0.008 0.030 0.003 0.002 0.003 
   9   (0.037) 0.053 0.038 0.008 0.054 0.007 0.012 

Locus 2 : bt28 
5 alleles
0.0% missing data
   1   (0.663) 0.674 0.683 0.762 0.590 0.717 0.727 
   2   (0.151) 0.152 0.130 0.163 0.189 0.106 0.082 
   3   (0.150) 0.124 0.130 0.053 0.214 0.171 0.183 
   4   (0.025) 0.048 0.054 0.008 0.005 0.005 0.006 
   5   (0.012) 0.002 0.003 0.014 0.002 0.002 0.002 

Locus 3 : b96 
8 alleles
0.9% missing data
   1   (0.324) 0.309 0.331 0.355 0.368 0.333 0.319 
   2   (0.491) 0.606 0.577 0.468 0.508 0.509 0.443 
   3   (0.040) 0.016 0.017 0.011 0.032 0.038 0.101 
   4   (0.017) 0.005 0.006 0.005 0.003 0.003 0.038 
   5   (0.051) 0.028 0.030 0.025 0.043 0.036 0.040 
   6   (0.026) 0.006 0.006 0.076 0.034 0.006 0.010 
   7   (0.038) 0.029 0.030 0.057 0.009 0.010 0.048 
   8   (0.013) 0.003 0.003 0.003 0.003 0.064 0.002 

Locus 4 : bt30 
12 alleles
0.9% missing data
   1   (0.115) 0.082 0.091 0.240 0.163 0.114 0.046 
   2   (0.284) 0.320 0.329 0.294 0.281 0.276 0.277 
   3   (0.075) 0.128 0.165 0.021 0.034 0.035 0.059 
   4   (0.184) 0.190 0.163 0.136 0.211 0.232 0.226 
   5   (0.015) 0.005 0.005 0.003 0.016 0.003 0.003 
   6   (0.102) 0.114 0.093 0.096 0.192 0.057 0.049 
   7   (0.034) 0.022 0.027 0.021 0.011 0.033 0.018 
   8   (0.049) 0.022 0.034 0.040 0.012 0.061 0.072 
   9   (0.103) 0.102 0.080 0.087 0.042 0.181 0.243 
  10   (0.012) 0.002 0.003 0.055 0.002 0.002 0.002 
  11   (0.016) 0.006 0.006 0.004 0.033 0.004 0.005 
  12   (0.011) 0.008 0.006 0.002 0.002 0.002 0.002 

Locus 5 : btms0081 
3 alleles
0.9% missing data
   1   (0.502) 0.492 0.515 0.593 0.605 0.317 0.489 
   2   (0.345) 0.372 0.370 0.222 0.277 0.451 0.398 
   3   (0.153) 0.136 0.114 0.184 0.117 0.232 0.113 

Locus 6 : btms0066 
24 alleles
0.0% missing data
   1   (0.265) 0.233 0.251 0.379 0.324 0.354 0.286 
   2   (0.016) 0.006 0.006 0.058 0.003 0.003 0.004 
   3   (0.035) 0.024 0.028 0.007 0.022 0.013 0.092 
   4   (0.147) 0.302 0.252 0.063 0.209 0.144 0.067 
   5   (0.096) 0.129 0.150 0.059 0.044 0.119 0.104 
   6   (0.049) 0.041 0.031 0.012 0.168 0.022 0.067 
   7   (0.020) 0.005 0.006 0.015 0.040 0.003 0.004 
   8   (0.054) 0.064 0.057 0.073 0.017 0.031 0.034 
   9   (0.017) 0.005 0.005 0.003 0.006 0.003 0.153 
  10   (0.034) 0.016 0.022 0.126 0.009 0.006 0.023 
  11   (0.020) 0.005 0.005 0.128 0.008 0.012 0.004 
  12   (0.033) 0.083 0.080 0.008 0.007 0.016 0.010 
  13   (0.025) 0.008 0.010 0.006 0.019 0.016 0.031 
  14   (0.019) 0.004 0.004 0.004 0.005 0.037 0.035 
  15   (0.019) 0.018 0.036 0.007 0.004 0.003 0.007 
  16   (0.029) 0.012 0.010 0.008 0.035 0.083 0.022 
  17   (0.024) 0.009 0.013 0.016 0.007 0.059 0.015 
  18   (0.012) 0.002 0.002 0.002 0.002 0.027 0.002 
  19   (0.014) 0.004 0.004 0.003 0.009 0.005 0.021 
  20   (0.023) 0.016 0.011 0.006 0.026 0.010 0.006 
  21   (0.017) 0.006 0.005 0.006 0.021 0.004 0.007 
  22   (0.011) 0.003 0.003 0.002 0.009 0.002 0.002 
  23   (0.011) 0.002 0.002 0.002 0.002 0.027 0.002 
  24   (0.010) 0.004 0.005 0.004 0.002 0.002 0.003 

Locus 7 : btms0083 
31 alleles
3.0% missing data
   1   (0.012) 0.002 0.002 0.188 0.003 0.003 0.003 
   2   (0.021) 0.006 0.008 0.096 0.005 0.004 0.029 
   3   (0.030) 0.011 0.011 0.006 0.063 0.008 0.060 
   4   (0.044) 0.032 0.035 0.049 0.036 0.012 0.033 
   5   (0.195) 0.178 0.175 0.224 0.337 0.263 0.221 
   6   (0.018) 0.014 0.014 0.006 0.023 0.005 0.008 
   7   (0.060) 0.054 0.071 0.026 0.021 0.157 0.103 
   8   (0.038) 0.038 0.066 0.023 0.016 0.019 0.061 
   9   (0.032) 0.041 0.030 0.007 0.058 0.007 0.014 
  10   (0.025) 0.011 0.008 0.007 0.103 0.018 0.010 
  11   (0.055) 0.107 0.099 0.018 0.022 0.011 0.164 
  12   (0.016) 0.010 0.008 0.035 0.005 0.004 0.003 
  13   (0.050) 0.078 0.063 0.011 0.020 0.076 0.057 
  14   (0.031) 0.066 0.112 0.007 0.010 0.006 0.013 
  15   (0.032) 0.037 0.030 0.022 0.025 0.007 0.012 
  16   (0.031) 0.020 0.019 0.037 0.064 0.006 0.007 
  17   (0.033) 0.117 0.068 0.071 0.013 0.006 0.007 
  18   (0.050) 0.037 0.036 0.039 0.049 0.112 0.022 
  19   (0.020) 0.007 0.009 0.011 0.004 0.097 0.005 
  20   (0.027) 0.009 0.011 0.005 0.007 0.055 0.075 
  21   (0.012) 0.002 0.002 0.028 0.002 0.002 0.002 
  22   (0.009) 0.002 0.003 0.025 0.002 0.002 0.002 
  23   (0.018) 0.009 0.013 0.019 0.004 0.003 0.004 
  24   (0.009) 0.002 0.002 0.003 0.002 0.012 0.002 
  25   (0.031) 0.020 0.029 0.007 0.071 0.007 0.022 
  26   (0.016) 0.037 0.029 0.003 0.005 0.003 0.004 
  27   (0.030) 0.025 0.018 0.006 0.011 0.053 0.021 
  28   (0.019) 0.012 0.010 0.006 0.008 0.004 0.031 
  29   (0.013) 0.008 0.010 0.005 0.005 0.002 0.003 
  30   (0.011) 0.002 0.003 0.002 0.003 0.036 0.003 
  31   (0.011) 0.004 0.006 0.005 0.003 0.002 0.002 

Locus 8 : b126 
16 alleles
0.0% missing data
   1   (0.040) 0.026 0.024 0.041 0.067 0.013 0.011 
   2   (0.045) 0.060 0.058 0.125 0.014 0.008 0.016 
   3   (0.318) 0.367 0.377 0.224 0.270 0.398 0.471 
   4   (0.032) 0.050 0.042 0.010 0.015 0.007 0.010 
   5   (0.078) 0.089 0.082 0.030 0.127 0.060 0.037 
   6   (0.065) 0.065 0.098 0.019 0.018 0.160 0.079 
   7   (0.098) 0.081 0.067 0.021 0.175 0.124 0.205 
   8   (0.030) 0.031 0.022 0.007 0.009 0.068 0.009 
   9   (0.011) 0.002 0.002 0.002 0.033 0.002 0.002 
  10   (0.041) 0.027 0.019 0.026 0.092 0.045 0.008 
  11   (0.091) 0.078 0.090 0.352 0.038 0.028 0.106 
  12   (0.030) 0.013 0.020 0.038 0.007 0.029 0.016 
  13   (0.069) 0.066 0.060 0.095 0.075 0.047 0.018 
  14   (0.020) 0.036 0.024 0.004 0.011 0.004 0.004 
  15   (0.015) 0.005 0.005 0.003 0.025 0.003 0.005 
  16   (0.016) 0.006 0.008 0.003 0.025 0.003 0.003 

Locus 9 : btms0062 
34 alleles
0.0% missing data
   1   (0.032) 0.024 0.021 0.071 0.044 0.008 0.019 
   2   (0.052) 0.118 0.071 0.097 0.040 0.015 0.022 
   3   (0.076) 0.074 0.082 0.113 0.035 0.066 0.194 
   4   (0.107) 0.089 0.118 0.058 0.210 0.187 0.088 
   5   (0.050) 0.055 0.091 0.030 0.055 0.015 0.099 
   6   (0.024) 0.024 0.022 0.009 0.010 0.005 0.035 
   7   (0.011) 0.008 0.012 0.002 0.003 0.002 0.002 
   8   (0.019) 0.033 0.058 0.007 0.005 0.004 0.005 
   9   (0.043) 0.073 0.057 0.021 0.032 0.017 0.045 
  10   (0.051) 0.057 0.060 0.046 0.063 0.060 0.011 
  11   (0.069) 0.058 0.053 0.026 0.138 0.046 0.133 
  12   (0.046) 0.122 0.064 0.012 0.076 0.039 0.021 
  13   (0.049) 0.027 0.032 0.030 0.114 0.021 0.034 
  14   (0.043) 0.038 0.041 0.013 0.013 0.244 0.029 
  15   (0.021) 0.011 0.016 0.004 0.011 0.009 0.070 
  16   (0.014) 0.003 0.004 0.003 0.003 0.013 0.042 
  17   (0.015) 0.004 0.005 0.134 0.010 0.003 0.003 
  18   (0.015) 0.006 0.005 0.003 0.027 0.003 0.003 
  19   (0.040) 0.043 0.036 0.073 0.018 0.089 0.008 
  20   (0.011) 0.002 0.002 0.029 0.002 0.002 0.002 
  21   (0.031) 0.029 0.034 0.051 0.021 0.006 0.009 
  22   (0.017) 0.005 0.008 0.093 0.003 0.005 0.006 
  23   (0.012) 0.003 0.004 0.023 0.003 0.002 0.002 
  24   (0.020) 0.022 0.035 0.005 0.005 0.008 0.004 
  25   (0.010) 0.007 0.008 0.009 0.003 0.002 0.002 
  26   (0.028) 0.031 0.026 0.014 0.021 0.060 0.017 
  27   (0.020) 0.005 0.005 0.004 0.013 0.006 0.049 
  28   (0.007) 0.001 0.002 0.001 0.001 0.002 0.020 
  29   (0.013) 0.006 0.005 0.005 0.003 0.002 0.012 
  30   (0.011) 0.002 0.002 0.002 0.002 0.027 0.002 
  31   (0.014) 0.007 0.012 0.003 0.003 0.003 0.006 
  32   (0.011) 0.003 0.003 0.002 0.007 0.002 0.005 
  33   (0.008) 0.004 0.006 0.004 0.002 0.001 0.002 
  34   (0.011) 0.003 0.002 0.002 0.002 0.026 0.002 

Locus 10 : btern02 
25 alleles
4.8% missing data
   1   (0.100) 0.141 0.105 0.129 0.088 0.065 0.170 
   2   (0.010) 0.002 0.002 0.014 0.002 0.002 0.002 
   3   (0.079) 0.117 0.120 0.028 0.122 0.023 0.091 
   4   (0.054) 0.050 0.044 0.017 0.140 0.090 0.011 
   5   (0.027) 0.015 0.025 0.015 0.021 0.006 0.030 
   6   (0.047) 0.050 0.057 0.022 0.033 0.020 0.096 
   7   (0.029) 0.015 0.017 0.006 0.031 0.128 0.006 
   8   (0.037) 0.026 0.027 0.089 0.015 0.007 0.039 
   9   (0.072) 0.035 0.045 0.097 0.110 0.060 0.136 
  10   (0.031) 0.074 0.086 0.008 0.012 0.006 0.007 
  11   (0.057) 0.080 0.084 0.022 0.024 0.074 0.068 
  12   (0.036) 0.042 0.030 0.118 0.011 0.007 0.023 
  13   (0.048) 0.040 0.041 0.049 0.068 0.049 0.009 
  14   (0.052) 0.040 0.035 0.143 0.040 0.120 0.013 
  15   (0.011) 0.002 0.002 0.002 0.002 0.002 0.067 
  16   (0.045) 0.049 0.061 0.049 0.016 0.045 0.016 
  17   (0.028) 0.024 0.023 0.007 0.025 0.055 0.008 
  18   (0.044) 0.075 0.049 0.012 0.019 0.161 0.019 
  19   (0.039) 0.026 0.026 0.008 0.085 0.010 0.078 
  20   (0.041) 0.034 0.050 0.053 0.064 0.009 0.008 
  21   (0.025) 0.012 0.020 0.052 0.006 0.010 0.009 
  22   (0.014) 0.004 0.005 0.019 0.003 0.007 0.003 
  23   (0.031) 0.029 0.026 0.031 0.033 0.006 0.017 
  24   (0.029) 0.011 0.013 0.007 0.019 0.034 0.070 
  25   (0.015) 0.008 0.006 0.003 0.013 0.004 0.003 

Locus 11 : btms0086 
3 alleles
0.0% missing data
   1   (0.834) 0.842 0.842 0.786 0.783 0.921 0.937 
   2   (0.142) 0.152 0.150 0.185 0.213 0.068 0.040 
   3   (0.024) 0.006 0.009 0.030 0.005 0.011 0.022 

Locus 12 : bl13 
3 alleles
0.0% missing data
   1   (0.073) 0.031 0.034 0.188 0.039 0.290 0.021 
   2   (0.831) 0.886 0.885 0.793 0.849 0.653 0.785 
   3   (0.096) 0.083 0.081 0.020 0.112 0.056 0.193 

Locus 13 : btms0059 
9 alleles
0.0% missing data
   1   (0.344) 0.296 0.327 0.383 0.345 0.307 0.495 
   2   (0.106) 0.221 0.184 0.122 0.044 0.020 0.120 
   3   (0.063) 0.027 0.023 0.108 0.037 0.104 0.061 
   4   (0.055) 0.030 0.038 0.046 0.092 0.021 0.019 
   5   (0.078) 0.088 0.119 0.034 0.035 0.046 0.066 
   6   (0.305) 0.292 0.264 0.293 0.428 0.494 0.220 
   7   (0.016) 0.025 0.020 0.003 0.003 0.003 0.004 
   8   (0.023) 0.015 0.020 0.006 0.013 0.004 0.013 
   9   (0.011) 0.005 0.005 0.004 0.002 0.003 0.002 

Values of parameters used in structure:
DATAFILE=/Users/johnmola/Desktop/rpbbfeb27/rpbbstructure/project_data,	OUTFILE=/Users/johnmola/Desktop/rpbbfeb27/rpbbstructure/rpbb20k100k/Results/rpbb20k100k_run_58,	NUMINDS=231,	NUMLOCI=13,	MISSING=-9,	LABEL=1,	POPDATA=1,	POPFLAG=0,	PHENOTYPE=0,	EXTRACOLS=0,	MAXPOPS=6,	BURNIN=20000,	NUMREPS=100000,	USEPOPINFO=0,	INFERALPHA=1,	INFERLAMBDA=0,	POPSPECIFICLAMBDA=0,	POPALPHAS=0,	COMPUTEPROB=1,	NOADMIX=0,	ADMBURNIN=2500,	UPDATEFREQ=1,	PRINTLIKES=0,	INTERMEDSAVE=0,	PRINTKLD=0,	PRINTNET=0,	PRINTLAMBDA=0,	ANCESTDIST=0,	NUMBOXES=1000,	ANCESTPINT=0.90000,	GENSBACK=2,	MIGRPRIOR=0.05000,	PRINTQHAT=0,	PRINTQSUM=0,	ALPHA=1.0000,	FREQSCORR=1,	FPRIORMEAN=0.0100,	FPRIORSD=0.0500,	ONEFST=0,	LAMBDA=1.0000,	UNIFPRIORALPHA=1,	ALPHAMAX=10.0000,	ALPHAPRIORA=1.0000,	ALPHAPRIORB=2.0000,	ALPHAPROPSD=0.0250,	STARTATPOPINFO=0,	RANDOMIZE=1,	LINKAGE=0,	METROFREQ=10,	REPORTHITRATE=0,	MARKOVPHASE=-1,	PHASED=0,	PLOIDY=2,	PHASEINFO=0	LOCPRIOR=0, 	LOCPRIORINIT=1.000000, 	LOCDATA=0, 	LOCISPOP=0, 	LOCPRIORSTEP=0.100000, 	MAXLOCPRIOR=20.000000, 	SEED=1677520580,	
[STRAT parameters]:    NUMSIMSTATS=1000,	PHENOTYPECOL=-9,	POOLFREQ=10,	LOCUSxONLY=0,	EMERROR=0.00100,	MISSINGPHENO=-9,	