

----------------------------------------------------
STRUCTURE by Pritchard, Stephens and Donnelly (2000)
     and Falush, Stephens and Pritchard (2003)
       Code by Pritchard, Falush and Hubisz
             Version 2.3.4 (Jul 2012)
----------------------------------------------------



Command line arguments:   bin/structure -m "/Users/johnmola/Desktop/rpbbfeb27/rpbbstructure/rpbb20k100k/mainparams" -e "/Users/johnmola/Desktop/rpbbfeb27/rpbbstructure/rpbb20k100k/extraparams" 
Input File:    /Users/johnmola/Desktop/rpbbfeb27/rpbbstructure/project_data

Run parameters:
   231 individuals
   13 loci
   8 populations assumed
   20000 Burn-in period
   100000 Reps


--------------------------------------------
Proportion of membership of each pre-defined
 population in each of the 8 clusters

Given    Inferred Clusters                                          Number of
 Pop       1      2      3      4      5      6      7      8      Individuals

  1:     0.033  0.761  0.014  0.033  0.046  0.018  0.045  0.051       21
  2:     0.285  0.019  0.015  0.116  0.071  0.149  0.176  0.170        7
  3:     0.210  0.076  0.029  0.059  0.178  0.082  0.163  0.204        7
  4:     0.065  0.051  0.070  0.155  0.184  0.094  0.170  0.211        8
  5:     0.079  0.052  0.026  0.289  0.096  0.016  0.195  0.248        4
  6:     0.229  0.034  0.095  0.067  0.130  0.088  0.183  0.174       35
  7:     0.170  0.065  0.032  0.103  0.101  0.045  0.274  0.210       40
  8:     0.177  0.047  0.093  0.103  0.231  0.074  0.151  0.125       19
  9:     0.045  0.239  0.031  0.069  0.231  0.041  0.186  0.156        4
 10:     0.230  0.025  0.204  0.138  0.105  0.149  0.085  0.065       11
 11:     0.017  0.136  0.013  0.055  0.019  0.571  0.055  0.135        8
 12:     0.087  0.037  0.308  0.306  0.035  0.068  0.087  0.071       60
 13:     0.132  0.037  0.022  0.071  0.404  0.029  0.225  0.078        7
--------------------------------------------

Allele-freq. divergence among pops (Net nucleotide distance),
computed using point estimates of P.

      1       2       3       4       5       6       7       8      
 1      -    0.0365  0.0409  0.0334  0.0397  0.0440  0.0206  0.0251  
 2   0.0365     -    0.0434  0.0330  0.0502  0.0543  0.0281  0.0298  
 3   0.0409  0.0434     -    0.0321  0.0443  0.0499  0.0323  0.0349  
 4   0.0334  0.0330  0.0321     -    0.0386  0.0364  0.0196  0.0167  
 5   0.0397  0.0502  0.0443  0.0386     -    0.0509  0.0261  0.0252  
 6   0.0440  0.0543  0.0499  0.0364  0.0509     -    0.0306  0.0287  
 7   0.0206  0.0281  0.0323  0.0196  0.0261  0.0306     -    0.0093  
 8   0.0251  0.0298  0.0349  0.0167  0.0252  0.0287  0.0093     -    

Average distances (expected heterozygosity) between individuals in same cluster:
cluster  1  : 0.6856 
cluster  2  : 0.6851 
cluster  3  : 0.6749 
cluster  4  : 0.6735 
cluster  5  : 0.6521 
cluster  6  : 0.6446 
cluster  7  : 0.6748 
cluster  8  : 0.6907 

--------------------------------------------
Estimated Ln Prob of Data   = -9921.4
Mean value of ln likelihood = -9308.0
Variance of ln likelihood   = 1226.7
Mean value of alpha         = 0.0523

Mean value of Fst_1         = 0.0786
Mean value of Fst_2         = 0.0883
Mean value of Fst_3         = 0.0972
Mean value of Fst_4         = 0.0603
Mean value of Fst_5         = 0.1130
Mean value of Fst_6         = 0.1614
Mean value of Fst_7         = 0.0598
Mean value of Fst_8         = 0.0626


Inferred ancestry of individuals:
        Label (%Miss) Pop:  Inferred clusters
  1  BAFF014    (0)    1 :  0.010 0.915 0.006 0.010 0.014 0.009 0.016 0.020 
  2  BAFF379    (0)    2 :  0.054 0.013 0.012 0.328 0.063 0.066 0.305 0.159 
  3  BAFF212    (0)    3 :  0.296 0.020 0.059 0.041 0.061 0.020 0.375 0.129 
  4  BAFF018    (0)    4 :  0.018 0.008 0.019 0.336 0.008 0.113 0.397 0.101 
  5  BAFF247    (0)    4 :  0.046 0.008 0.014 0.379 0.014 0.012 0.296 0.229 
  6  BAFF024    (0)    5 :  0.191 0.018 0.048 0.038 0.227 0.023 0.034 0.422 
  7  BAFF088    (0)    6 :  0.778 0.011 0.030 0.038 0.022 0.027 0.056 0.038 
  8  BAFF429    (0)    6 :  0.097 0.017 0.013 0.157 0.225 0.048 0.229 0.215 
  9  BAFF087    (7)    7 :  0.953 0.007 0.006 0.006 0.007 0.006 0.009 0.006 
 10  BAFF225    (0)    7 :  0.358 0.035 0.018 0.021 0.225 0.010 0.245 0.089 
 11  BAFF195    (0)    8 :  0.100 0.040 0.014 0.091 0.056 0.465 0.076 0.157 
 12  BAFF238    (0)    9 :  0.033 0.093 0.031 0.035 0.618 0.021 0.076 0.092 
 13  BAFF019    (0)   10 :  0.047 0.024 0.809 0.021 0.010 0.031 0.035 0.022 
 14  BAFF175    (0)   10 :  0.179 0.011 0.060 0.316 0.201 0.064 0.091 0.078 
 15  BAFF156    (0)   11 :  0.005 0.004 0.006 0.008 0.005 0.960 0.006 0.005 
 16  BAFF301    (0)   11 :  0.018 0.835 0.022 0.019 0.038 0.010 0.029 0.031 
 17  BAFF141    (0)   12 :  0.008 0.146 0.006 0.581 0.006 0.010 0.212 0.031 
 18  BAFF302    (0)   12 :  0.022 0.022 0.040 0.027 0.050 0.041 0.098 0.700 
 19  BAFF290    (0)    1 :  0.016 0.771 0.013 0.067 0.063 0.008 0.040 0.022 
 20  BAFF498    (0)    6 :  0.054 0.187 0.051 0.028 0.060 0.075 0.318 0.226 
 21  BAFF455    (0)    7 :  0.711 0.024 0.024 0.042 0.099 0.046 0.034 0.020 
 22  BAFF203    (7)    8 :  0.808 0.009 0.011 0.043 0.026 0.020 0.060 0.024 
 23  BAFF056    (0)   12 :  0.009 0.015 0.830 0.016 0.029 0.005 0.069 0.026 
 24  BAFF327    (0)   12 :  0.030 0.052 0.111 0.723 0.010 0.024 0.021 0.029 
 25  BAFF255    (0)    1 :  0.009 0.932 0.007 0.011 0.012 0.006 0.012 0.012 
 26  BAFF256    (0)    1 :  0.010 0.943 0.011 0.006 0.011 0.005 0.008 0.006 
 27  BAFF257    (0)    1 :  0.007 0.956 0.005 0.006 0.008 0.004 0.007 0.005 
 28  BAFF260    (0)    1 :  0.016 0.935 0.007 0.007 0.013 0.004 0.008 0.009 
 29  BAFF259    (0)    1 :  0.007 0.936 0.015 0.009 0.008 0.008 0.008 0.008 
 30  BAFF261    (0)    1 :  0.008 0.937 0.008 0.010 0.007 0.008 0.014 0.008 
 31  BAFF274    (0)    1 :  0.032 0.827 0.014 0.022 0.015 0.011 0.043 0.037 
 32  BAFF262    (0)    1 :  0.035 0.894 0.008 0.023 0.007 0.008 0.010 0.013 
 33  BAFF294    (0)    1 :  0.030 0.920 0.007 0.008 0.006 0.007 0.009 0.012 
 34  BAFF292    (0)    1 :  0.009 0.629 0.009 0.022 0.278 0.017 0.013 0.023 
 35  BAFF296    (0)    1 :  0.008 0.649 0.015 0.014 0.264 0.014 0.016 0.022 
 36  BAFF295    (0)    1 :  0.026 0.789 0.012 0.043 0.083 0.011 0.016 0.020 
 37  BAFF298    (0)    1 :  0.012 0.877 0.020 0.016 0.012 0.010 0.025 0.029 
 38  BAFF299    (0)    1 :  0.011 0.924 0.027 0.007 0.007 0.011 0.006 0.008 
 39  BAFF375    (0)   13 :  0.009 0.010 0.007 0.007 0.943 0.006 0.009 0.009 
 40  BAFF376    (0)   13 :  0.051 0.013 0.024 0.016 0.815 0.009 0.025 0.046 
 41  BAFF377    (0)   13 :  0.007 0.011 0.007 0.007 0.938 0.007 0.008 0.013 
 42  BAFF022    (0)    5 :  0.023 0.123 0.010 0.411 0.045 0.019 0.099 0.269 
 43  BAFF021    (0)    5 :  0.033 0.045 0.013 0.672 0.019 0.008 0.038 0.173 
 44  BAFF499    (0)    6 :  0.015 0.008 0.801 0.031 0.029 0.028 0.043 0.046 
 45  BAFF204    (0)    8 :  0.020 0.008 0.038 0.102 0.036 0.011 0.499 0.285 
 46  BAFF068    (0)   12 :  0.008 0.069 0.828 0.026 0.011 0.011 0.024 0.021 
 47  BAFF336    (0)   12 :  0.032 0.013 0.559 0.066 0.014 0.153 0.113 0.049 
 48  BAFF447    (0)    7 :  0.024 0.007 0.013 0.022 0.019 0.025 0.367 0.523 
 49  BAFF457    (0)    7 :  0.013 0.024 0.009 0.036 0.069 0.030 0.245 0.574 
 50  BAFF448    (0)    7 :  0.450 0.059 0.007 0.039 0.036 0.026 0.288 0.096 
 51  BAFF465    (0)    7 :  0.869 0.014 0.010 0.016 0.014 0.013 0.048 0.017 
 52  BAFF194    (0)    8 :  0.043 0.030 0.011 0.034 0.126 0.054 0.063 0.638 
 53  BAFF199    (0)    8 :  0.016 0.017 0.017 0.120 0.034 0.090 0.509 0.197 
 54  BAFF500    (0)    6 :  0.091 0.191 0.070 0.011 0.058 0.009 0.390 0.180 
 55  BAFF206    (0)    8 :  0.101 0.041 0.054 0.533 0.167 0.012 0.025 0.068 
 56  BAFF069    (0)   12 :  0.015 0.009 0.887 0.016 0.025 0.018 0.017 0.012 
 57  BAFF330    (0)   12 :  0.607 0.017 0.026 0.078 0.020 0.097 0.121 0.033 
 58  BAFF239    (0)   10 :  0.019 0.024 0.389 0.194 0.019 0.265 0.081 0.009 
 59  BAFF241    (0)   10 :  0.010 0.035 0.574 0.050 0.012 0.227 0.083 0.009 
 60  BAFF157    (0)   11 :  0.006 0.004 0.006 0.007 0.006 0.958 0.006 0.008 
 61  BAFF161    (0)   11 :  0.005 0.004 0.006 0.005 0.005 0.963 0.006 0.006 
 62  BAFF160    (0)   11 :  0.007 0.004 0.005 0.007 0.005 0.958 0.005 0.008 
 63  BAFF008    (0)   12 :  0.573 0.036 0.146 0.035 0.029 0.017 0.108 0.056 
 64  BAFF013    (0)   12 :  0.821 0.011 0.013 0.055 0.027 0.024 0.025 0.025 
 65  BAFF407    (0)   12 :  0.013 0.009 0.901 0.020 0.013 0.014 0.019 0.011 
 66  BAFF503    (0)    6 :  0.071 0.007 0.709 0.018 0.018 0.087 0.063 0.028 
 67  BAFF449    (0)    7 :  0.364 0.010 0.022 0.527 0.012 0.012 0.030 0.023 
 68  BAFF207    (0)    8 :  0.052 0.014 0.490 0.019 0.334 0.005 0.035 0.051 
 69  BAFF070    (0)   12 :  0.013 0.009 0.902 0.029 0.013 0.010 0.013 0.012 
 70  BAFF335    (0)   12 :  0.012 0.009 0.019 0.911 0.007 0.012 0.014 0.016 
 71  BAFF507    (0)    6 :  0.014 0.042 0.008 0.013 0.149 0.070 0.069 0.634 
 72  BAFF450    (0)    7 :  0.024 0.134 0.041 0.040 0.356 0.115 0.218 0.071 
 73  BAFF209    (7)    8 :  0.205 0.032 0.027 0.113 0.365 0.127 0.033 0.098 
 74  BAFF072    (0)   12 :  0.017 0.012 0.038 0.390 0.017 0.408 0.081 0.036 
 75  BAFF339    (0)   12 :  0.012 0.012 0.271 0.073 0.425 0.011 0.127 0.069 
 76  BAFF508    (0)    6 :  0.011 0.055 0.019 0.041 0.024 0.480 0.320 0.050 
 77  BAFF451    (0)    7 :  0.063 0.010 0.022 0.092 0.041 0.014 0.197 0.560 
 78  BAFF210    (0)    8 :  0.088 0.075 0.441 0.017 0.193 0.008 0.111 0.068 
 79  BAFF139    (0)   12 :  0.024 0.046 0.013 0.136 0.076 0.034 0.144 0.527 
 80  BAFF341    (0)   12 :  0.042 0.018 0.019 0.109 0.138 0.145 0.465 0.065 
 81  BAFF509    (0)    6 :  0.677 0.062 0.043 0.082 0.055 0.009 0.025 0.049 
 82  BAFF453    (0)    7 :  0.044 0.008 0.063 0.045 0.758 0.018 0.038 0.026 
 83  BAFF389    (0)    8 :  0.020 0.016 0.006 0.014 0.698 0.225 0.008 0.013 
 84  BAFF163    (0)   12 :  0.013 0.004 0.928 0.006 0.029 0.009 0.006 0.005 
 85  BAFF344    (7)   12 :  0.024 0.009 0.247 0.550 0.051 0.047 0.035 0.037 
 86  BAFF510    (0)    6 :  0.201 0.011 0.027 0.055 0.051 0.113 0.050 0.493 
 87  BAFF456    (0)    7 :  0.012 0.017 0.034 0.059 0.078 0.014 0.179 0.607 
 88  BAFF390    (0)    8 :  0.006 0.006 0.005 0.006 0.944 0.013 0.007 0.012 
 89  BAFF142    (0)   12 :  0.011 0.272 0.046 0.404 0.012 0.049 0.185 0.022 
 90  BAFF363    (7)   12 :  0.011 0.007 0.910 0.021 0.007 0.024 0.011 0.009 
 91  BAFF517    (0)    6 :  0.020 0.008 0.031 0.104 0.274 0.043 0.055 0.465 
 92  BAFF458    (0)    7 :  0.065 0.044 0.028 0.041 0.021 0.016 0.653 0.132 
 93  BAFF391    (0)    8 :  0.028 0.169 0.354 0.155 0.040 0.009 0.127 0.117 
 94  BAFF149    (0)   12 :  0.012 0.011 0.024 0.794 0.058 0.033 0.040 0.029 
 95  BAFF366    (7)   12 :  0.006 0.009 0.016 0.693 0.032 0.030 0.018 0.195 
 96  BAFF512    (0)    6 :  0.089 0.151 0.040 0.019 0.067 0.033 0.407 0.194 
 97  BAFF460    (0)    7 :  0.011 0.016 0.013 0.596 0.027 0.016 0.180 0.141 
 98  BAFF138    (0)   12 :  0.007 0.018 0.018 0.888 0.012 0.021 0.019 0.017 
 99  BAFF374    (0)   12 :  0.547 0.038 0.285 0.021 0.021 0.051 0.014 0.022 
100  BAFF015    (0)    1 :  0.010 0.914 0.011 0.012 0.010 0.009 0.022 0.012 
101  BAFF380    (0)    2 :  0.158 0.013 0.041 0.058 0.023 0.378 0.175 0.155 
102  BAFF216    (0)    3 :  0.101 0.037 0.023 0.027 0.125 0.016 0.281 0.389 
103  BAFF017    (0)    4 :  0.007 0.019 0.022 0.005 0.450 0.025 0.072 0.400 
104  BAFF245    (0)    4 :  0.101 0.131 0.035 0.319 0.124 0.013 0.096 0.182 
105  BAFF378    (7)   13 :  0.011 0.163 0.009 0.017 0.024 0.015 0.562 0.199 
106  BAFF023    (0)    5 :  0.068 0.024 0.033 0.037 0.094 0.012 0.608 0.126 
107  BAFF079    (0)    6 :  0.097 0.042 0.049 0.151 0.182 0.032 0.049 0.397 
108  BAFF435    (0)    6 :  0.015 0.008 0.016 0.023 0.024 0.014 0.747 0.153 
109  BAFF174    (7)    7 :  0.028 0.007 0.023 0.016 0.853 0.017 0.040 0.017 
110  BAFF226    (0)    7 :  0.010 0.013 0.009 0.063 0.039 0.021 0.289 0.557 
111  BAFF190    (0)    8 :  0.480 0.019 0.079 0.113 0.019 0.080 0.180 0.030 
112  BAFF243    (0)    9 :  0.030 0.062 0.007 0.078 0.251 0.086 0.124 0.362 
113  BAFF177    (0)   10 :  0.682 0.030 0.009 0.068 0.130 0.021 0.027 0.034 
114  BAFF364    (7)   11 :  0.068 0.012 0.022 0.018 0.021 0.599 0.199 0.062 
115  BAFF305    (0)   12 :  0.012 0.024 0.023 0.869 0.021 0.012 0.017 0.021 
116  BAFF513    (0)    6 :  0.590 0.056 0.022 0.027 0.063 0.030 0.107 0.105 
117  BAFF462    (0)    7 :  0.145 0.434 0.064 0.015 0.014 0.038 0.253 0.037 
118  BAFF143    (0)   12 :  0.053 0.007 0.070 0.626 0.055 0.052 0.065 0.071 
119  BAFF403    (0)   12 :  0.009 0.007 0.941 0.008 0.008 0.010 0.009 0.007 
120  BAFF514    (0)    6 :  0.570 0.008 0.228 0.029 0.034 0.016 0.082 0.032 
121  BAFF463    (0)    7 :  0.947 0.005 0.004 0.006 0.007 0.019 0.008 0.005 
122  BAFF137    (0)   12 :  0.117 0.010 0.008 0.758 0.009 0.023 0.019 0.055 
123  BAFF404    (0)   12 :  0.008 0.012 0.917 0.009 0.008 0.020 0.013 0.011 
124  BAFF515    (0)    6 :  0.352 0.020 0.036 0.143 0.056 0.036 0.167 0.190 
125  BAFF144    (0)   12 :  0.169 0.013 0.076 0.086 0.019 0.296 0.294 0.045 
126  BAFF405    (7)   12 :  0.042 0.034 0.028 0.619 0.011 0.153 0.076 0.038 
127  BAFF518    (0)    6 :  0.013 0.012 0.426 0.294 0.041 0.023 0.130 0.061 
128  BAFF467    (0)    7 :  0.070 0.016 0.033 0.025 0.057 0.018 0.491 0.290 
129  BAFF145    (0)   12 :  0.025 0.076 0.011 0.269 0.024 0.425 0.109 0.060 
130  BAFF406    (0)   12 :  0.058 0.009 0.345 0.071 0.024 0.407 0.050 0.037 
131  BAFF519    (0)    6 :  0.048 0.012 0.011 0.071 0.649 0.013 0.105 0.092 
132  BAFF471    (0)    7 :  0.135 0.069 0.023 0.345 0.040 0.032 0.193 0.163 
133  BAFF136    (0)   12 :  0.034 0.006 0.732 0.144 0.054 0.009 0.009 0.013 
134  BAFF520    (7)    6 :  0.064 0.028 0.063 0.036 0.088 0.020 0.526 0.174 
135  BAFF472    (0)    7 :  0.223 0.028 0.026 0.050 0.082 0.151 0.359 0.081 
136  BAFF165    (0)   12 :  0.022 0.049 0.047 0.645 0.022 0.012 0.036 0.168 
137  BAFF408    (0)   12 :  0.017 0.037 0.080 0.632 0.022 0.082 0.089 0.040 
138  BAFF522    (0)    6 :  0.688 0.034 0.056 0.053 0.031 0.029 0.075 0.034 
139  BAFF475    (0)    7 :  0.043 0.008 0.051 0.063 0.185 0.033 0.148 0.469 
140  BAFF140    (0)   12 :  0.214 0.017 0.029 0.541 0.040 0.057 0.029 0.072 
141  BAFF409    (0)   12 :  0.055 0.098 0.771 0.018 0.018 0.013 0.014 0.014 
142  BAFF523    (0)    6 :  0.477 0.014 0.009 0.013 0.021 0.137 0.259 0.069 
143  BAFF476    (0)    7 :  0.012 0.008 0.036 0.060 0.094 0.227 0.158 0.404 
144  BAFF147    (0)   12 :  0.053 0.016 0.161 0.638 0.017 0.029 0.022 0.063 
145  BAFF410    (0)   12 :  0.008 0.015 0.557 0.221 0.033 0.013 0.027 0.124 
146  BAFF477    (0)    7 :  0.016 0.079 0.007 0.145 0.037 0.014 0.320 0.382 
147  BAFF411    (0)   12 :  0.014 0.467 0.079 0.087 0.188 0.062 0.077 0.026 
148  BAFF486    (7)    7 :  0.005 0.007 0.006 0.018 0.020 0.008 0.755 0.181 
149  BAFF412    (7)   12 :  0.089 0.044 0.733 0.024 0.028 0.018 0.020 0.043 
150  BAFF258    (0)    1 :  0.330 0.225 0.028 0.019 0.015 0.089 0.236 0.059 
151  BAFF392    (0)    2 :  0.764 0.005 0.006 0.008 0.027 0.150 0.034 0.006 
152  BAFF217    (0)    3 :  0.011 0.011 0.019 0.055 0.665 0.030 0.088 0.120 
153  BAFF016    (0)    4 :  0.010 0.005 0.038 0.046 0.258 0.142 0.012 0.489 
154  BAFF246    (0)    4 :  0.072 0.011 0.025 0.021 0.582 0.050 0.044 0.194 
155  BAFF381    (0)   13 :  0.030 0.011 0.035 0.323 0.049 0.015 0.329 0.207 
156  BAFF078    (0)    6 :  0.014 0.006 0.035 0.264 0.017 0.568 0.081 0.015 
157  BAFF481    (0)    6 :  0.036 0.026 0.038 0.170 0.113 0.015 0.492 0.110 
158  BAFF436    (0)    7 :  0.427 0.085 0.046 0.059 0.075 0.052 0.086 0.171 
159  BAFF191    (0)    8 :  0.115 0.010 0.022 0.031 0.675 0.013 0.039 0.095 
160  BAFF382    (0)    9 :  0.089 0.007 0.074 0.064 0.046 0.051 0.522 0.146 
161  BAFF178    (0)   10 :  0.672 0.009 0.062 0.022 0.171 0.009 0.017 0.039 
162  BAFF159    (7)   11 :  0.011 0.009 0.016 0.014 0.024 0.072 0.072 0.781 
163  BAFF365    (7)   11 :  0.016 0.217 0.019 0.361 0.043 0.048 0.117 0.179 
164  BAFF007    (0)   12 :  0.047 0.063 0.030 0.194 0.067 0.113 0.278 0.209 
165  BAFF304    (7)   12 :  0.013 0.011 0.079 0.536 0.015 0.110 0.159 0.077 
166  BAFF487    (0)    7 :  0.085 0.017 0.029 0.012 0.045 0.084 0.589 0.140 
167  BAFF415    (0)   12 :  0.039 0.060 0.563 0.180 0.013 0.023 0.030 0.091 
168  BAFF488    (0)    7 :  0.012 0.609 0.015 0.056 0.066 0.016 0.062 0.165 
169  BAFF417    (0)   12 :  0.035 0.015 0.334 0.469 0.020 0.017 0.072 0.039 
170  BAFF489    (0)    7 :  0.053 0.008 0.035 0.230 0.024 0.082 0.368 0.201 
171  BAFF426    (0)   12 :  0.022 0.016 0.895 0.014 0.013 0.010 0.015 0.015 
172  BAFF490    (7)    7 :  0.052 0.020 0.011 0.022 0.025 0.090 0.383 0.397 
173  BAFF491    (0)    7 :  0.143 0.045 0.008 0.029 0.036 0.042 0.589 0.107 
174  BAFF492    (0)    7 :  0.017 0.007 0.014 0.019 0.042 0.012 0.743 0.147 
175  BAFF493    (0)    7 :  0.109 0.475 0.037 0.030 0.027 0.017 0.268 0.036 
176  BAFF506    (0)    7 :  0.086 0.096 0.016 0.012 0.041 0.028 0.611 0.109 
177  BAFF393    (0)    2 :  0.012 0.023 0.010 0.096 0.033 0.267 0.404 0.154 
178  BAFF218    (0)    3 :  0.085 0.059 0.025 0.075 0.327 0.018 0.186 0.225 
179  BAFF254    (0)    4 :  0.019 0.040 0.012 0.123 0.011 0.382 0.361 0.053 
180  BAFF385    (0)   13 :  0.221 0.030 0.058 0.055 0.036 0.067 0.499 0.034 
181  BAFF076    (0)    6 :  0.924 0.010 0.010 0.009 0.010 0.014 0.015 0.008 
182  BAFF482    (0)    6 :  0.096 0.009 0.068 0.126 0.013 0.014 0.443 0.230 
183  BAFF437    (0)    7 :  0.024 0.022 0.011 0.546 0.014 0.006 0.040 0.338 
184  BAFF192    (0)    8 :  0.511 0.017 0.014 0.076 0.102 0.165 0.073 0.043 
185  BAFF383    (0)    9 :  0.028 0.795 0.012 0.100 0.009 0.008 0.022 0.025 
186  BAFF180    (0)   10 :  0.250 0.009 0.120 0.014 0.490 0.011 0.049 0.057 
187  BAFF048    (7)   12 :  0.057 0.059 0.012 0.036 0.012 0.493 0.135 0.197 
188  BAFF306    (0)   12 :  0.050 0.011 0.025 0.714 0.068 0.020 0.074 0.039 
189  BAFF394    (0)    2 :  0.067 0.055 0.020 0.158 0.316 0.162 0.057 0.165 
190  BAFF219    (0)    3 :  0.031 0.008 0.013 0.158 0.052 0.017 0.185 0.536 
191  BAFF388    (0)    4 :  0.247 0.183 0.399 0.012 0.022 0.015 0.084 0.037 
192  BAFF386    (7)   13 :  0.597 0.022 0.017 0.073 0.023 0.082 0.145 0.041 
193  BAFF084    (0)    6 :  0.010 0.011 0.009 0.016 0.015 0.559 0.295 0.086 
194  BAFF483    (0)    6 :  0.360 0.035 0.126 0.175 0.094 0.011 0.099 0.100 
195  BAFF438   (15)    7 :  0.073 0.017 0.047 0.278 0.033 0.186 0.294 0.073 
196  BAFF193    (0)    8 :  0.076 0.347 0.019 0.018 0.049 0.020 0.404 0.068 
197  BAFF183    (0)   10 :  0.017 0.078 0.053 0.050 0.052 0.104 0.306 0.341 
198  BAFF153    (0)   12 :  0.010 0.008 0.014 0.907 0.007 0.023 0.010 0.022 
199  BAFF307    (0)   12 :  0.022 0.012 0.020 0.530 0.026 0.099 0.243 0.047 
200  BAFF397    (0)    2 :  0.005 0.008 0.010 0.157 0.032 0.014 0.233 0.542 
201  BAFF220    (0)    3 :  0.873 0.008 0.010 0.007 0.006 0.065 0.011 0.020 
202  BAFF095    (0)    6 :  0.865 0.036 0.014 0.017 0.019 0.009 0.025 0.015 
203  BAFF494    (0)    6 :  0.572 0.006 0.027 0.016 0.033 0.028 0.226 0.093 
204  BAFF439    (0)    7 :  0.014 0.010 0.283 0.175 0.253 0.018 0.194 0.054 
205  BAFF182    (0)   10 :  0.593 0.026 0.123 0.059 0.031 0.090 0.033 0.045 
206  BAFF054    (0)   12 :  0.008 0.006 0.939 0.013 0.006 0.009 0.008 0.009 
207  BAFF308    (0)   12 :  0.017 0.015 0.014 0.718 0.009 0.044 0.091 0.091 
208  BAFF266    (0)    1 :  0.021 0.137 0.048 0.032 0.016 0.102 0.368 0.275 
209  BAFF398    (7)    2 :  0.932 0.013 0.005 0.006 0.006 0.005 0.024 0.008 
210  BAFF221    (0)    3 :  0.070 0.388 0.052 0.053 0.009 0.405 0.013 0.010 
211  BAFF090    (0)    6 :  0.070 0.021 0.191 0.091 0.025 0.281 0.282 0.040 
212  BAFF495    (0)    6 :  0.010 0.008 0.011 0.012 0.842 0.011 0.032 0.075 
213  BAFF459    (0)    7 :  0.012 0.007 0.013 0.032 0.134 0.085 0.047 0.670 
214  BAFF197    (0)    8 :  0.019 0.015 0.072 0.392 0.136 0.016 0.091 0.259 
215  BAFF188    (0)   10 :  0.017 0.015 0.038 0.682 0.022 0.118 0.057 0.052 
216  BAFF051    (0)   12 :  0.059 0.026 0.349 0.046 0.031 0.014 0.317 0.157 
217  BAFF309    (0)   12 :  0.050 0.010 0.012 0.048 0.022 0.018 0.688 0.151 
218  BAFF269    (0)    1 :  0.034 0.083 0.011 0.317 0.094 0.015 0.046 0.400 
219  BAFF077    (0)    6 :  0.005 0.008 0.010 0.007 0.104 0.156 0.010 0.700 
220  BAFF496    (0)    6 :  0.007 0.010 0.008 0.007 0.929 0.005 0.019 0.015 
221  BAFF443    (0)    7 :  0.040 0.074 0.091 0.125 0.024 0.020 0.436 0.191 
222  BAFF198    (0)    8 :  0.226 0.009 0.046 0.026 0.339 0.039 0.227 0.089 
223  BAFF053    (0)   12 :  0.009 0.020 0.034 0.755 0.047 0.037 0.034 0.065 
224  BAFF310    (0)   12 :  0.007 0.007 0.734 0.112 0.012 0.023 0.040 0.065 
225  BAFF282    (0)    1 :  0.046 0.786 0.015 0.031 0.022 0.017 0.018 0.065 
226  BAFF497    (0)    6 :  0.014 0.010 0.013 0.016 0.112 0.019 0.129 0.687 
227  BAFF466    (0)    7 :  0.039 0.013 0.031 0.097 0.019 0.134 0.519 0.147 
228  BAFF200    (7)    8 :  0.448 0.013 0.043 0.049 0.056 0.037 0.299 0.056 
229  BAFF240    (0)   10 :  0.047 0.015 0.011 0.039 0.015 0.694 0.151 0.028 
230  BAFF055    (0)   12 :  0.033 0.021 0.743 0.137 0.009 0.012 0.017 0.028 
231  BAFF311    (7)   12 :  0.846 0.031 0.007 0.043 0.011 0.028 0.009 0.025 


Estimated Allele Frequencies in each cluster
First column gives estimated ancestral frequencies


Locus 1 : btern01 
9 alleles
0.0% missing data
   1   (0.140) 0.144 0.120 0.033 0.168 0.193 0.110 0.128 0.174 
   2   (0.017) 0.004 0.025 0.003 0.004 0.003 0.004 0.012 0.010 
   3   (0.168) 0.135 0.069 0.096 0.199 0.193 0.157 0.168 0.253 
   4   (0.209) 0.185 0.201 0.168 0.192 0.319 0.239 0.240 0.136 
   5   (0.284) 0.146 0.433 0.338 0.343 0.103 0.372 0.356 0.314 
   6   (0.075) 0.048 0.034 0.333 0.059 0.076 0.042 0.037 0.056 
   7   (0.050) 0.278 0.085 0.019 0.018 0.014 0.059 0.023 0.016 
   8   (0.016) 0.003 0.026 0.002 0.007 0.015 0.002 0.004 0.008 
   9   (0.040) 0.057 0.008 0.007 0.010 0.084 0.016 0.031 0.033 

Locus 2 : bt28 
5 alleles
0.0% missing data
   1   (0.664) 0.575 0.771 0.714 0.740 0.735 0.659 0.654 0.670 
   2   (0.152) 0.177 0.165 0.099 0.141 0.167 0.063 0.140 0.117 
   3   (0.149) 0.242 0.044 0.181 0.108 0.085 0.248 0.188 0.109 
   4   (0.024) 0.004 0.006 0.004 0.009 0.012 0.028 0.016 0.100 
   5   (0.011) 0.002 0.014 0.002 0.003 0.002 0.002 0.002 0.003 

Locus 3 : b96 
8 alleles
0.9% missing data
   1   (0.331) 0.363 0.357 0.321 0.453 0.266 0.209 0.283 0.354 
   2   (0.484) 0.513 0.444 0.513 0.341 0.681 0.604 0.623 0.525 
   3   (0.045) 0.028 0.011 0.046 0.063 0.012 0.063 0.043 0.026 
   4   (0.016) 0.003 0.004 0.003 0.003 0.003 0.085 0.006 0.006 
   5   (0.050) 0.044 0.026 0.032 0.055 0.015 0.013 0.022 0.048 
   6   (0.025) 0.038 0.089 0.005 0.014 0.004 0.005 0.006 0.006 
   7   (0.037) 0.008 0.066 0.007 0.068 0.017 0.019 0.014 0.031 
   8   (0.013) 0.003 0.003 0.075 0.003 0.002 0.002 0.003 0.003 

Locus 4 : bt30 
12 alleles
0.9% missing data
   1   (0.114) 0.180 0.265 0.114 0.068 0.031 0.054 0.139 0.080 
   2   (0.278) 0.269 0.283 0.296 0.287 0.357 0.195 0.363 0.284 
   3   (0.070) 0.024 0.017 0.024 0.034 0.112 0.056 0.176 0.151 
   4   (0.190) 0.211 0.115 0.239 0.218 0.148 0.214 0.166 0.223 
   5   (0.013) 0.017 0.003 0.003 0.004 0.004 0.002 0.007 0.005 
   6   (0.100) 0.218 0.105 0.052 0.069 0.134 0.041 0.048 0.124 
   7   (0.033) 0.010 0.022 0.020 0.039 0.017 0.030 0.020 0.017 
   8   (0.050) 0.011 0.044 0.061 0.074 0.011 0.064 0.022 0.036 
   9   (0.109) 0.041 0.075 0.184 0.170 0.168 0.337 0.047 0.067 
  10   (0.013) 0.002 0.065 0.002 0.003 0.003 0.002 0.003 0.003 
  11   (0.018) 0.015 0.004 0.004 0.032 0.005 0.003 0.005 0.006 
  12   (0.011) 0.002 0.002 0.002 0.003 0.013 0.002 0.003 0.004 

Locus 5 : btms0081 
3 alleles
0.9% missing data
   1   (0.497) 0.643 0.588 0.309 0.404 0.325 0.629 0.580 0.567 
   2   (0.352) 0.257 0.220 0.475 0.436 0.449 0.282 0.325 0.343 
   3   (0.150) 0.099 0.192 0.216 0.160 0.227 0.089 0.095 0.089 

Locus 6 : btms0066 
24 alleles
0.0% missing data
   1   (0.264) 0.345 0.386 0.385 0.308 0.210 0.152 0.327 0.219 
   2   (0.013) 0.002 0.061 0.002 0.003 0.016 0.003 0.004 0.004 
   3   (0.030) 0.018 0.006 0.008 0.123 0.009 0.010 0.035 0.016 
   4   (0.157) 0.178 0.058 0.125 0.113 0.392 0.055 0.243 0.253 
   5   (0.092) 0.040 0.029 0.100 0.192 0.104 0.032 0.141 0.126 
   6   (0.050) 0.194 0.011 0.016 0.045 0.049 0.137 0.022 0.022 
   7   (0.020) 0.048 0.017 0.003 0.004 0.004 0.003 0.010 0.005 
   8   (0.057) 0.016 0.079 0.034 0.029 0.051 0.041 0.032 0.090 
   9   (0.018) 0.007 0.003 0.004 0.016 0.004 0.286 0.015 0.006 
  10   (0.030) 0.007 0.141 0.005 0.007 0.006 0.028 0.032 0.024 
  11   (0.020) 0.008 0.144 0.012 0.006 0.010 0.004 0.006 0.007 
  12   (0.038) 0.007 0.008 0.017 0.024 0.084 0.020 0.025 0.113 
  13   (0.029) 0.024 0.006 0.017 0.017 0.006 0.023 0.021 0.010 
  14   (0.018) 0.004 0.003 0.043 0.005 0.003 0.067 0.007 0.004 
  15   (0.017) 0.003 0.004 0.003 0.019 0.006 0.003 0.014 0.044 
  16   (0.032) 0.026 0.007 0.096 0.015 0.009 0.047 0.014 0.016 
  17   (0.026) 0.007 0.013 0.042 0.021 0.005 0.058 0.015 0.008 
  18   (0.011) 0.002 0.002 0.032 0.002 0.002 0.002 0.002 0.002 
  19   (0.012) 0.003 0.002 0.002 0.034 0.002 0.002 0.003 0.004 
  20   (0.020) 0.025 0.006 0.014 0.006 0.020 0.008 0.009 0.010 
  21   (0.015) 0.024 0.005 0.003 0.004 0.003 0.009 0.009 0.004 
  22   (0.011) 0.008 0.002 0.002 0.002 0.002 0.004 0.005 0.003 
  23   (0.010) 0.002 0.002 0.030 0.003 0.002 0.001 0.002 0.002 
  24   (0.011) 0.002 0.004 0.002 0.003 0.002 0.003 0.006 0.006 

Locus 7 : btms0083 
31 alleles
3.0% missing data
   1   (0.013) 0.003 0.220 0.002 0.004 0.002 0.007 0.003 0.003 
   2   (0.021) 0.004 0.103 0.004 0.029 0.004 0.009 0.018 0.007 
   3   (0.030) 0.071 0.006 0.009 0.013 0.006 0.110 0.017 0.019 
   4   (0.045) 0.035 0.056 0.012 0.023 0.016 0.032 0.064 0.023 
   5   (0.202) 0.359 0.222 0.268 0.235 0.165 0.137 0.240 0.174 
   6   (0.020) 0.019 0.005 0.005 0.006 0.005 0.012 0.026 0.018 
   7   (0.059) 0.021 0.020 0.154 0.087 0.027 0.112 0.101 0.051 
   8   (0.035) 0.008 0.016 0.013 0.130 0.012 0.014 0.027 0.056 
   9   (0.037) 0.045 0.008 0.007 0.039 0.035 0.008 0.036 0.035 
  10   (0.027) 0.119 0.008 0.022 0.017 0.011 0.006 0.010 0.009 
  11   (0.056) 0.016 0.015 0.010 0.035 0.107 0.331 0.061 0.124 
  12   (0.018) 0.005 0.037 0.004 0.004 0.012 0.003 0.012 0.007 
  13   (0.051) 0.021 0.011 0.071 0.081 0.087 0.030 0.024 0.079 
  14   (0.022) 0.005 0.005 0.004 0.015 0.010 0.006 0.096 0.130 
  15   (0.030) 0.025 0.020 0.006 0.013 0.038 0.011 0.013 0.049 
  16   (0.025) 0.064 0.034 0.005 0.006 0.008 0.023 0.034 0.016 
  17   (0.032) 0.010 0.060 0.006 0.016 0.297 0.010 0.010 0.013 
  18   (0.054) 0.042 0.037 0.114 0.037 0.034 0.017 0.063 0.029 
  19   (0.023) 0.005 0.011 0.110 0.007 0.007 0.005 0.013 0.009 
  20   (0.025) 0.006 0.005 0.055 0.098 0.005 0.005 0.011 0.010 
  21   (0.011) 0.002 0.032 0.002 0.002 0.002 0.002 0.002 0.003 
  22   (0.017) 0.003 0.023 0.003 0.004 0.011 0.003 0.004 0.004 
  23   (0.016) 0.004 0.017 0.003 0.009 0.007 0.003 0.005 0.017 
  24   (0.010) 0.002 0.003 0.014 0.003 0.002 0.002 0.003 0.003 
  25   (0.029) 0.081 0.006 0.006 0.033 0.007 0.006 0.042 0.016 
  26   (0.015) 0.004 0.003 0.003 0.005 0.017 0.024 0.004 0.060 
  27   (0.029) 0.008 0.005 0.046 0.026 0.053 0.010 0.017 0.011 
  28   (0.016) 0.006 0.004 0.003 0.005 0.008 0.057 0.020 0.007 
  29   (0.010) 0.003 0.003 0.002 0.002 0.002 0.003 0.017 0.007 
  30   (0.014) 0.003 0.003 0.036 0.010 0.002 0.002 0.003 0.004 
  31   (0.010) 0.002 0.003 0.002 0.006 0.003 0.002 0.003 0.008 

Locus 8 : b126 
16 alleles
0.0% missing data
   1   (0.042) 0.064 0.042 0.013 0.034 0.014 0.009 0.015 0.042 
   2   (0.048) 0.013 0.129 0.008 0.054 0.075 0.010 0.028 0.051 
   3   (0.313) 0.264 0.199 0.392 0.340 0.441 0.587 0.392 0.306 
   4   (0.030) 0.013 0.008 0.006 0.010 0.045 0.007 0.034 0.056 
   5   (0.071) 0.127 0.023 0.048 0.034 0.087 0.027 0.150 0.053 
   6   (0.063) 0.014 0.015 0.154 0.150 0.018 0.018 0.071 0.108 
   7   (0.106) 0.185 0.022 0.142 0.145 0.068 0.198 0.081 0.095 
   8   (0.032) 0.008 0.007 0.074 0.015 0.022 0.016 0.011 0.040 
   9   (0.013) 0.042 0.002 0.002 0.003 0.002 0.002 0.003 0.003 
  10   (0.044) 0.097 0.028 0.053 0.016 0.028 0.021 0.021 0.021 
  11   (0.092) 0.034 0.389 0.023 0.094 0.034 0.075 0.117 0.109 
  12   (0.030) 0.006 0.029 0.029 0.030 0.006 0.005 0.029 0.017 
  13   (0.065) 0.087 0.098 0.047 0.035 0.122 0.012 0.031 0.042 
  14   (0.023) 0.010 0.005 0.005 0.009 0.033 0.006 0.008 0.042 
  15   (0.013) 0.009 0.002 0.002 0.028 0.003 0.002 0.003 0.004 
  16   (0.016) 0.029 0.003 0.003 0.004 0.003 0.005 0.005 0.011 

Locus 9 : btms0062 
34 alleles
0.0% missing data
   1   (0.032) 0.029 0.078 0.010 0.008 0.007 0.042 0.048 0.027 
   2   (0.048) 0.039 0.103 0.014 0.022 0.237 0.023 0.035 0.036 
   3   (0.080) 0.031 0.098 0.054 0.244 0.064 0.056 0.103 0.064 
   4   (0.101) 0.224 0.056 0.208 0.048 0.035 0.171 0.110 0.156 
   5   (0.051) 0.040 0.020 0.012 0.073 0.015 0.070 0.178 0.050 
   6   (0.027) 0.012 0.007 0.005 0.032 0.027 0.012 0.025 0.022 
   7   (0.011) 0.003 0.002 0.002 0.007 0.003 0.002 0.013 0.007 
   8   (0.024) 0.005 0.007 0.004 0.047 0.011 0.004 0.019 0.057 
   9   (0.040) 0.027 0.020 0.019 0.014 0.048 0.075 0.035 0.104 
  10   (0.058) 0.068 0.044 0.061 0.027 0.039 0.013 0.068 0.068 
  11   (0.063) 0.153 0.019 0.039 0.049 0.032 0.252 0.064 0.064 
  12   (0.042) 0.070 0.009 0.031 0.037 0.285 0.016 0.017 0.020 
  13   (0.039) 0.128 0.025 0.016 0.060 0.011 0.016 0.017 0.043 
  14   (0.043) 0.011 0.011 0.271 0.041 0.017 0.010 0.041 0.056 
  15   (0.016) 0.004 0.003 0.004 0.102 0.005 0.006 0.005 0.011 
  16   (0.014) 0.003 0.003 0.010 0.015 0.003 0.065 0.008 0.004 
  17   (0.022) 0.013 0.154 0.004 0.005 0.008 0.004 0.007 0.007 
  18   (0.014) 0.032 0.003 0.002 0.004 0.006 0.005 0.004 0.004 
  19   (0.044) 0.016 0.081 0.093 0.016 0.065 0.008 0.029 0.037 
  20   (0.009) 0.002 0.033 0.001 0.002 0.001 0.001 0.002 0.002 
  21   (0.036) 0.019 0.053 0.006 0.014 0.025 0.008 0.033 0.043 
  22   (0.019) 0.003 0.101 0.004 0.019 0.003 0.003 0.007 0.006 
  23   (0.014) 0.003 0.026 0.002 0.003 0.003 0.002 0.007 0.004 
  24   (0.016) 0.004 0.004 0.008 0.005 0.009 0.003 0.021 0.046 
  25   (0.011) 0.003 0.007 0.002 0.002 0.003 0.002 0.014 0.008 
  26   (0.032) 0.024 0.013 0.046 0.014 0.014 0.059 0.051 0.018 
  27   (0.022) 0.013 0.004 0.006 0.032 0.004 0.047 0.009 0.007 
  28   (0.012) 0.002 0.002 0.002 0.025 0.002 0.002 0.002 0.003 
  29   (0.010) 0.002 0.004 0.002 0.003 0.007 0.015 0.009 0.004 
  30   (0.009) 0.002 0.002 0.031 0.002 0.002 0.001 0.002 0.002 
  31   (0.012) 0.002 0.002 0.002 0.014 0.003 0.002 0.008 0.007 
  32   (0.009) 0.008 0.002 0.001 0.003 0.003 0.004 0.003 0.002 
  33   (0.009) 0.002 0.003 0.001 0.005 0.003 0.001 0.002 0.007 
  34   (0.010) 0.002 0.002 0.025 0.005 0.002 0.002 0.003 0.004 

Locus 10 : btern02 
25 alleles
4.8% missing data
   1   (0.102) 0.078 0.133 0.049 0.152 0.128 0.237 0.068 0.146 
   2   (0.011) 0.002 0.016 0.002 0.002 0.002 0.002 0.003 0.003 
   3   (0.077) 0.140 0.026 0.023 0.096 0.117 0.041 0.121 0.107 
   4   (0.049) 0.158 0.014 0.098 0.026 0.072 0.010 0.031 0.039 
   5   (0.026) 0.025 0.014 0.006 0.013 0.011 0.028 0.033 0.023 
   6   (0.043) 0.024 0.016 0.020 0.024 0.020 0.100 0.133 0.043 
   7   (0.029) 0.031 0.006 0.140 0.024 0.015 0.005 0.013 0.014 
   8   (0.036) 0.011 0.101 0.007 0.036 0.015 0.017 0.044 0.023 
   9   (0.072) 0.108 0.078 0.042 0.196 0.025 0.061 0.060 0.041 
  10   (0.030) 0.011 0.007 0.006 0.010 0.102 0.007 0.086 0.048 
  11   (0.061) 0.021 0.017 0.060 0.117 0.101 0.021 0.048 0.082 
  12   (0.032) 0.010 0.133 0.006 0.017 0.079 0.016 0.023 0.019 
  13   (0.048) 0.070 0.054 0.057 0.022 0.025 0.013 0.027 0.059 
  14   (0.052) 0.036 0.163 0.128 0.025 0.038 0.026 0.022 0.052 
  15   (0.012) 0.002 0.002 0.002 0.002 0.002 0.153 0.002 0.003 
  16   (0.046) 0.014 0.049 0.049 0.025 0.018 0.018 0.055 0.078 
  17   (0.027) 0.015 0.006 0.056 0.010 0.008 0.019 0.042 0.025 
  18   (0.046) 0.020 0.011 0.162 0.024 0.114 0.016 0.037 0.050 
  19   (0.041) 0.071 0.008 0.009 0.068 0.023 0.094 0.040 0.019 
  20   (0.042) 0.082 0.052 0.009 0.030 0.019 0.008 0.032 0.049 
  21   (0.025) 0.005 0.048 0.009 0.013 0.017 0.006 0.018 0.021 
  22   (0.014) 0.003 0.016 0.007 0.005 0.008 0.002 0.004 0.005 
  23   (0.033) 0.033 0.021 0.006 0.040 0.027 0.012 0.013 0.033 
  24   (0.031) 0.014 0.007 0.043 0.017 0.007 0.085 0.038 0.015 
  25   (0.013) 0.015 0.003 0.004 0.003 0.008 0.003 0.007 0.005 

Locus 11 : btms0086 
3 alleles
0.0% missing data
   1   (0.842) 0.755 0.785 0.926 0.908 0.817 0.968 0.815 0.880 
   2   (0.136) 0.241 0.195 0.066 0.054 0.178 0.029 0.173 0.114 
   3   (0.022) 0.004 0.020 0.007 0.038 0.005 0.003 0.012 0.006 

Locus 12 : bl13 
3 alleles
0.0% missing data
   1   (0.071) 0.035 0.218 0.329 0.027 0.034 0.021 0.036 0.032 
   2   (0.828) 0.852 0.762 0.611 0.852 0.917 0.732 0.885 0.860 
   3   (0.102) 0.114 0.020 0.060 0.121 0.049 0.247 0.079 0.107 

Locus 13 : btms0059 
9 alleles
0.0% missing data
   1   (0.345) 0.333 0.360 0.296 0.532 0.194 0.444 0.352 0.342 
   2   (0.108) 0.034 0.116 0.019 0.062 0.248 0.215 0.103 0.245 
   3   (0.063) 0.031 0.124 0.117 0.059 0.032 0.030 0.026 0.033 
   4   (0.055) 0.102 0.046 0.020 0.038 0.026 0.013 0.033 0.036 
   5   (0.082) 0.032 0.035 0.040 0.079 0.067 0.037 0.136 0.092 
   6   (0.297) 0.454 0.307 0.500 0.208 0.401 0.241 0.308 0.200 
   7   (0.016) 0.003 0.003 0.003 0.004 0.025 0.007 0.008 0.028 
   8   (0.023) 0.010 0.005 0.004 0.016 0.005 0.007 0.029 0.017 
   9   (0.011) 0.002 0.003 0.002 0.003 0.002 0.003 0.006 0.007 

Values of parameters used in structure:
DATAFILE=/Users/johnmola/Desktop/rpbbfeb27/rpbbstructure/project_data,	OUTFILE=/Users/johnmola/Desktop/rpbbfeb27/rpbbstructure/rpbb20k100k/Results/rpbb20k100k_run_76,	NUMINDS=231,	NUMLOCI=13,	MISSING=-9,	LABEL=1,	POPDATA=1,	POPFLAG=0,	PHENOTYPE=0,	EXTRACOLS=0,	MAXPOPS=8,	BURNIN=20000,	NUMREPS=100000,	USEPOPINFO=0,	INFERALPHA=1,	INFERLAMBDA=0,	POPSPECIFICLAMBDA=0,	POPALPHAS=0,	COMPUTEPROB=1,	NOADMIX=0,	ADMBURNIN=2500,	UPDATEFREQ=1,	PRINTLIKES=0,	INTERMEDSAVE=0,	PRINTKLD=0,	PRINTNET=0,	PRINTLAMBDA=0,	ANCESTDIST=0,	NUMBOXES=1000,	ANCESTPINT=0.90000,	GENSBACK=2,	MIGRPRIOR=0.05000,	PRINTQHAT=0,	PRINTQSUM=0,	ALPHA=1.0000,	FREQSCORR=1,	FPRIORMEAN=0.0100,	FPRIORSD=0.0500,	ONEFST=0,	LAMBDA=1.0000,	UNIFPRIORALPHA=1,	ALPHAMAX=10.0000,	ALPHAPRIORA=1.0000,	ALPHAPRIORB=2.0000,	ALPHAPROPSD=0.0250,	STARTATPOPINFO=0,	RANDOMIZE=1,	LINKAGE=0,	METROFREQ=10,	REPORTHITRATE=0,	MARKOVPHASE=-1,	PHASED=0,	PLOIDY=2,	PHASEINFO=0	LOCPRIOR=0, 	LOCPRIORINIT=1.000000, 	LOCDATA=0, 	LOCISPOP=0, 	LOCPRIORSTEP=0.100000, 	MAXLOCPRIOR=20.000000, 	SEED=1677522115,	
[STRAT parameters]:    NUMSIMSTATS=1000,	PHENOTYPECOL=-9,	POOLFREQ=10,	LOCUSxONLY=0,	EMERROR=0.00100,	MISSINGPHENO=-9,	