

----------------------------------------------------
STRUCTURE by Pritchard, Stephens and Donnelly (2000)
     and Falush, Stephens and Pritchard (2003)
       Code by Pritchard, Falush and Hubisz
             Version 2.3.4 (Jul 2012)
----------------------------------------------------



Command line arguments:   bin/structure -m "/Users/johnmola/Desktop/rpbbfeb27/rpbbstructure/rpbb20k100k/mainparams" -e "/Users/johnmola/Desktop/rpbbfeb27/rpbbstructure/rpbb20k100k/extraparams" 
Input File:    /Users/johnmola/Desktop/rpbbfeb27/rpbbstructure/project_data

Run parameters:
   231 individuals
   13 loci
   5 populations assumed
   20000 Burn-in period
   100000 Reps


--------------------------------------------
Proportion of membership of each pre-defined
 population in each of the 5 clusters

Given    Inferred Clusters                     Number of
 Pop       1      2      3      4      5      Individuals

  1:     0.028  0.042  0.065  0.017  0.847       21
  2:     0.337  0.372  0.244  0.021  0.025        7
  3:     0.058  0.330  0.443  0.061  0.108        7
  4:     0.319  0.122  0.425  0.056  0.077        8
  5:     0.141  0.181  0.373  0.055  0.250        4
  6:     0.175  0.348  0.297  0.126  0.053       35
  7:     0.196  0.290  0.331  0.075  0.107       40
  8:     0.158  0.257  0.370  0.133  0.082       19
  9:     0.152  0.075  0.434  0.053  0.286        4
 10:     0.163  0.333  0.084  0.360  0.060       11
 11:     0.604  0.028  0.192  0.017  0.159        8
 12:     0.275  0.131  0.086  0.442  0.066       60
 13:     0.145  0.227  0.488  0.054  0.086        7
--------------------------------------------

Allele-freq. divergence among pops (Net nucleotide distance),
computed using point estimates of P.

      1       2       3       4       5      
 1      -    0.0187  0.0147  0.0197  0.0243  
 2   0.0187     -    0.0189  0.0242  0.0232  
 3   0.0147  0.0189     -    0.0239  0.0250  
 4   0.0197  0.0242  0.0239     -    0.0296  
 5   0.0243  0.0232  0.0250  0.0296     -    

Average distances (expected heterozygosity) between individuals in same cluster:
cluster  1  : 0.6726 
cluster  2  : 0.6941 
cluster  3  : 0.6863 
cluster  4  : 0.6862 
cluster  5  : 0.6881 

--------------------------------------------
Estimated Ln Prob of Data   = -10060.2
Mean value of ln likelihood = -9656.1
Variance of ln likelihood   = 808.3
Mean value of alpha         = 0.0569

Mean value of Fst_1         = 0.0573
Mean value of Fst_2         = 0.0476
Mean value of Fst_3         = 0.0473
Mean value of Fst_4         = 0.0646
Mean value of Fst_5         = 0.0611


Inferred ancestry of individuals:
        Label (%Miss) Pop:  Inferred clusters
  1  BAFF014    (0)    1 :  0.008 0.012 0.014 0.006 0.960 
  2  BAFF379    (0)    2 :  0.811 0.059 0.092 0.022 0.016 
  3  BAFF212    (0)    3 :  0.082 0.719 0.076 0.088 0.035 
  4  BAFF018    (0)    4 :  0.920 0.024 0.022 0.022 0.013 
  5  BAFF247    (0)    4 :  0.443 0.107 0.403 0.030 0.016 
  6  BAFF024    (0)    5 :  0.022 0.300 0.598 0.053 0.026 
  7  BAFF088    (0)    6 :  0.049 0.874 0.027 0.035 0.014 
  8  BAFF429    (0)    6 :  0.093 0.526 0.322 0.032 0.026 
  9  BAFF087    (7)    7 :  0.007 0.969 0.007 0.007 0.010 
 10  BAFF225    (0)    7 :  0.042 0.486 0.395 0.024 0.053 
 11  BAFF195    (0)    8 :  0.729 0.086 0.131 0.016 0.039 
 12  BAFF238    (0)    9 :  0.051 0.057 0.692 0.041 0.159 
 13  BAFF019    (0)   10 :  0.034 0.097 0.017 0.810 0.043 
 14  BAFF175    (0)   10 :  0.165 0.263 0.175 0.380 0.017 
 15  BAFF156    (0)   11 :  0.975 0.006 0.006 0.007 0.005 
 16  BAFF301    (0)   11 :  0.018 0.025 0.030 0.020 0.907 
 17  BAFF141    (0)   12 :  0.282 0.015 0.015 0.033 0.655 
 18  BAFF302    (0)   12 :  0.035 0.025 0.868 0.050 0.023 
 19  BAFF290    (0)    1 :  0.017 0.017 0.024 0.014 0.928 
 20  BAFF498    (0)    6 :  0.196 0.157 0.250 0.081 0.317 
 21  BAFF455    (0)    7 :  0.047 0.803 0.071 0.046 0.033 
 22  BAFF203    (7)    8 :  0.032 0.908 0.031 0.016 0.012 
 23  BAFF056    (0)   12 :  0.014 0.014 0.025 0.919 0.028 
 24  BAFF327    (0)   12 :  0.393 0.047 0.043 0.427 0.090 
 25  BAFF255    (0)    1 :  0.008 0.010 0.014 0.009 0.960 
 26  BAFF256    (0)    1 :  0.007 0.011 0.009 0.012 0.962 
 27  BAFF257    (0)    1 :  0.006 0.009 0.007 0.006 0.971 
 28  BAFF260    (0)    1 :  0.007 0.016 0.013 0.009 0.955 
 29  BAFF259    (0)    1 :  0.011 0.009 0.009 0.015 0.956 
 30  BAFF261    (0)    1 :  0.010 0.011 0.008 0.010 0.962 
 31  BAFF274    (0)    1 :  0.027 0.027 0.037 0.016 0.894 
 32  BAFF262    (0)    1 :  0.011 0.026 0.011 0.009 0.943 
 33  BAFF294    (0)    1 :  0.007 0.025 0.008 0.008 0.952 
 34  BAFF292    (0)    1 :  0.015 0.009 0.143 0.011 0.822 
 35  BAFF296    (0)    1 :  0.018 0.009 0.110 0.015 0.847 
 36  BAFF295    (0)    1 :  0.012 0.021 0.034 0.016 0.917 
 37  BAFF298    (0)    1 :  0.012 0.014 0.018 0.015 0.941 
 38  BAFF299    (0)    1 :  0.008 0.012 0.008 0.018 0.954 
 39  BAFF375    (0)   13 :  0.013 0.018 0.927 0.013 0.029 
 40  BAFF376    (0)   13 :  0.020 0.073 0.846 0.037 0.024 
 41  BAFF377    (0)   13 :  0.012 0.011 0.943 0.010 0.025 
 42  BAFF022    (0)    5 :  0.093 0.052 0.324 0.017 0.514 
 43  BAFF021    (0)    5 :  0.099 0.127 0.291 0.083 0.400 
 44  BAFF499    (0)    6 :  0.035 0.017 0.054 0.883 0.011 
 45  BAFF204    (0)    8 :  0.223 0.052 0.647 0.064 0.014 
 46  BAFF068    (0)   12 :  0.017 0.010 0.015 0.909 0.048 
 47  BAFF336    (0)   12 :  0.457 0.052 0.028 0.446 0.017 
 48  BAFF447    (0)    7 :  0.111 0.050 0.807 0.019 0.012 
 49  BAFF457    (0)    7 :  0.045 0.011 0.900 0.013 0.032 
 50  BAFF448    (0)    7 :  0.248 0.561 0.086 0.012 0.092 
 51  BAFF465    (0)    7 :  0.038 0.913 0.017 0.016 0.015 
 52  BAFF194    (0)    8 :  0.025 0.064 0.860 0.014 0.037 
 53  BAFF199    (0)    8 :  0.677 0.041 0.222 0.029 0.032 
 54  BAFF500    (0)    6 :  0.030 0.227 0.161 0.124 0.458 
 55  BAFF206    (0)    8 :  0.060 0.316 0.382 0.183 0.059 
 56  BAFF069    (0)   12 :  0.024 0.019 0.014 0.931 0.012 
 57  BAFF330    (0)   12 :  0.149 0.783 0.017 0.030 0.020 
 58  BAFF239    (0)   10 :  0.097 0.028 0.013 0.809 0.053 
 59  BAFF241    (0)   10 :  0.032 0.022 0.010 0.859 0.077 
 60  BAFF157    (0)   11 :  0.960 0.010 0.013 0.009 0.007 
 61  BAFF161    (0)   11 :  0.968 0.009 0.009 0.008 0.006 
 62  BAFF160    (0)   11 :  0.964 0.011 0.011 0.008 0.006 
 63  BAFF008    (0)   12 :  0.042 0.758 0.039 0.110 0.052 
 64  BAFF013    (0)   12 :  0.048 0.893 0.025 0.019 0.015 
 65  BAFF407    (0)   12 :  0.022 0.017 0.010 0.940 0.011 
 66  BAFF503    (0)    6 :  0.029 0.285 0.011 0.667 0.008 
 67  BAFF449    (0)    7 :  0.021 0.852 0.012 0.098 0.017 
 68  BAFF207    (0)    8 :  0.011 0.083 0.177 0.706 0.023 
 69  BAFF070    (0)   12 :  0.014 0.016 0.015 0.946 0.010 
 70  BAFF335    (0)   12 :  0.495 0.038 0.014 0.435 0.019 
 71  BAFF507    (0)    6 :  0.023 0.019 0.892 0.010 0.055 
 72  BAFF450    (0)    7 :  0.455 0.048 0.227 0.059 0.210 
 73  BAFF209    (7)    8 :  0.055 0.215 0.621 0.052 0.057 
 74  BAFF072    (0)   12 :  0.847 0.020 0.013 0.111 0.010 
 75  BAFF339    (0)   12 :  0.048 0.023 0.151 0.762 0.016 
 76  BAFF508    (0)    6 :  0.900 0.013 0.016 0.014 0.057 
 77  BAFF451    (0)    7 :  0.028 0.067 0.866 0.026 0.012 
 78  BAFF210    (0)    8 :  0.029 0.244 0.187 0.419 0.121 
 79  BAFF139    (0)   12 :  0.085 0.032 0.796 0.021 0.066 
 80  BAFF341    (0)   12 :  0.654 0.111 0.156 0.044 0.034 
 81  BAFF509    (0)    6 :  0.013 0.873 0.036 0.041 0.037 
 82  BAFF453    (0)    7 :  0.039 0.267 0.260 0.423 0.012 
 83  BAFF389    (0)    8 :  0.092 0.030 0.791 0.011 0.076 
 84  BAFF163    (0)   12 :  0.008 0.033 0.006 0.949 0.005 
 85  BAFF344    (7)   12 :  0.251 0.036 0.073 0.629 0.011 
 86  BAFF510    (0)    6 :  0.179 0.278 0.479 0.049 0.015 
 87  BAFF456    (0)    7 :  0.027 0.012 0.904 0.036 0.021 
 88  BAFF390    (0)    8 :  0.009 0.025 0.947 0.009 0.010 
 89  BAFF142    (0)   12 :  0.194 0.016 0.022 0.109 0.658 
 90  BAFF363    (7)   12 :  0.033 0.014 0.008 0.937 0.008 
 91  BAFF517    (0)    6 :  0.028 0.017 0.915 0.032 0.008 
 92  BAFF458    (0)    7 :  0.195 0.488 0.088 0.075 0.153 
 93  BAFF391    (0)    8 :  0.189 0.050 0.066 0.379 0.316 
 94  BAFF149    (0)   12 :  0.592 0.015 0.059 0.317 0.017 
 95  BAFF366    (7)   12 :  0.259 0.010 0.435 0.280 0.016 
 96  BAFF512    (0)    6 :  0.173 0.298 0.226 0.067 0.236 
 97  BAFF460    (0)    7 :  0.577 0.017 0.284 0.098 0.024 
 98  BAFF138    (0)   12 :  0.481 0.012 0.024 0.423 0.060 
 99  BAFF374    (0)   12 :  0.029 0.720 0.022 0.192 0.037 
100  BAFF015    (0)    1 :  0.008 0.015 0.009 0.015 0.952 
101  BAFF380    (0)    2 :  0.345 0.544 0.030 0.057 0.025 
102  BAFF216    (0)    3 :  0.033 0.413 0.449 0.042 0.063 
103  BAFF017    (0)    4 :  0.008 0.026 0.897 0.029 0.040 
104  BAFF245    (0)    4 :  0.058 0.128 0.451 0.047 0.316 
105  BAFF378    (7)   13 :  0.233 0.093 0.260 0.019 0.395 
106  BAFF023    (0)    5 :  0.349 0.245 0.279 0.067 0.060 
107  BAFF079    (0)    6 :  0.030 0.198 0.692 0.044 0.036 
108  BAFF435    (0)    6 :  0.427 0.126 0.357 0.071 0.019 
109  BAFF174    (7)    7 :  0.043 0.355 0.450 0.140 0.011 
110  BAFF226    (0)    7 :  0.078 0.016 0.869 0.014 0.024 
111  BAFF190    (0)    8 :  0.119 0.751 0.019 0.092 0.019 
112  BAFF243    (0)    9 :  0.107 0.037 0.796 0.012 0.047 
113  BAFF177    (0)   10 :  0.033 0.869 0.056 0.013 0.030 
114  BAFF364    (7)   11 :  0.812 0.120 0.030 0.021 0.017 
115  BAFF305    (0)   12 :  0.473 0.035 0.066 0.375 0.050 
116  BAFF513    (0)    6 :  0.016 0.849 0.049 0.024 0.062 
117  BAFF462    (0)    7 :  0.046 0.205 0.021 0.060 0.668 
118  BAFF143    (0)   12 :  0.386 0.040 0.189 0.375 0.010 
119  BAFF403    (0)   12 :  0.010 0.011 0.008 0.962 0.009 
120  BAFF514    (0)    6 :  0.020 0.688 0.019 0.262 0.011 
121  BAFF463    (0)    7 :  0.009 0.970 0.008 0.006 0.008 
122  BAFF137    (0)   12 :  0.153 0.631 0.021 0.177 0.019 
123  BAFF404    (0)   12 :  0.020 0.011 0.011 0.943 0.016 
124  BAFF515    (0)    6 :  0.144 0.643 0.138 0.052 0.023 
125  BAFF144    (0)   12 :  0.542 0.327 0.023 0.086 0.022 
126  BAFF405    (7)   12 :  0.620 0.099 0.019 0.211 0.051 
127  BAFF518    (0)    6 :  0.078 0.014 0.030 0.855 0.023 
128  BAFF467    (0)    7 :  0.110 0.460 0.345 0.046 0.039 
129  BAFF145    (0)   12 :  0.814 0.037 0.055 0.019 0.075 
130  BAFF406    (0)   12 :  0.664 0.051 0.020 0.256 0.009 
131  BAFF519    (0)    6 :  0.111 0.120 0.726 0.025 0.017 
132  BAFF471    (0)    7 :  0.308 0.367 0.162 0.072 0.091 
133  BAFF136    (0)   12 :  0.026 0.043 0.023 0.903 0.006 
134  BAFF520    (7)    6 :  0.109 0.246 0.442 0.128 0.074 
135  BAFF472    (0)    7 :  0.359 0.406 0.112 0.055 0.069 
136  BAFF165    (0)   12 :  0.057 0.019 0.639 0.187 0.098 
137  BAFF408    (0)   12 :  0.574 0.020 0.021 0.323 0.061 
138  BAFF522    (0)    6 :  0.021 0.892 0.021 0.036 0.030 
139  BAFF475    (0)    7 :  0.080 0.046 0.822 0.041 0.011 
140  BAFF140    (0)   12 :  0.375 0.306 0.086 0.203 0.030 
141  BAFF409    (0)   12 :  0.015 0.057 0.014 0.803 0.110 
142  BAFF523    (0)    6 :  0.099 0.855 0.021 0.009 0.016 
143  BAFF476    (0)    7 :  0.319 0.017 0.625 0.026 0.012 
144  BAFF147    (0)   12 :  0.215 0.144 0.031 0.590 0.020 
145  BAFF410    (0)   12 :  0.034 0.012 0.045 0.890 0.020 
146  BAFF477    (0)    7 :  0.103 0.023 0.658 0.014 0.203 
147  BAFF411    (0)   12 :  0.162 0.018 0.033 0.134 0.653 
148  BAFF486    (7)    7 :  0.430 0.013 0.533 0.010 0.014 
149  BAFF412    (7)   12 :  0.021 0.108 0.033 0.765 0.072 
150  BAFF258    (0)    1 :  0.061 0.473 0.035 0.027 0.405 
151  BAFF392    (0)    2 :  0.010 0.967 0.008 0.008 0.007 
152  BAFF217    (0)    3 :  0.046 0.018 0.902 0.019 0.015 
153  BAFF016    (0)    4 :  0.157 0.018 0.748 0.070 0.007 
154  BAFF246    (0)    4 :  0.037 0.079 0.841 0.032 0.012 
155  BAFF381    (0)   13 :  0.354 0.075 0.378 0.172 0.021 
156  BAFF078    (0)    6 :  0.852 0.018 0.010 0.112 0.008 
157  BAFF481    (0)    6 :  0.369 0.187 0.249 0.130 0.064 
158  BAFF436    (0)    7 :  0.049 0.671 0.092 0.085 0.103 
159  BAFF191    (0)    8 :  0.011 0.162 0.795 0.019 0.014 
160  BAFF382    (0)    9 :  0.437 0.184 0.228 0.138 0.013 
161  BAFF178    (0)   10 :  0.011 0.871 0.055 0.053 0.010 
162  BAFF159    (7)   11 :  0.027 0.023 0.904 0.026 0.020 
163  BAFF365    (7)   11 :  0.106 0.022 0.528 0.035 0.309 
164  BAFF007    (0)   12 :  0.630 0.046 0.152 0.043 0.129 
165  BAFF304    (7)   12 :  0.770 0.015 0.035 0.161 0.019 
166  BAFF487    (0)    7 :  0.271 0.576 0.067 0.038 0.047 
167  BAFF415    (0)   12 :  0.063 0.040 0.056 0.768 0.073 
168  BAFF488    (0)    7 :  0.023 0.026 0.151 0.019 0.781 
169  BAFF417    (0)   12 :  0.296 0.047 0.030 0.609 0.018 
170  BAFF489    (0)    7 :  0.669 0.125 0.114 0.076 0.016 
171  BAFF426    (0)   12 :  0.010 0.020 0.012 0.937 0.021 
172  BAFF490    (7)    7 :  0.332 0.135 0.486 0.016 0.032 
173  BAFF491    (0)    7 :  0.299 0.468 0.128 0.013 0.093 
174  BAFF492    (0)    7 :  0.367 0.087 0.492 0.039 0.015 
175  BAFF493    (0)    7 :  0.053 0.188 0.031 0.037 0.692 
176  BAFF506    (0)    7 :  0.129 0.539 0.048 0.024 0.260 
177  BAFF393    (0)    2 :  0.876 0.020 0.065 0.013 0.026 
178  BAFF218    (0)    3 :  0.042 0.073 0.797 0.025 0.062 
179  BAFF254    (0)    4 :  0.910 0.020 0.015 0.013 0.042 
180  BAFF385    (0)   13 :  0.330 0.471 0.028 0.095 0.075 
181  BAFF076    (0)    6 :  0.013 0.950 0.008 0.013 0.015 
182  BAFF482    (0)    6 :  0.427 0.238 0.197 0.124 0.014 
183  BAFF437    (0)    7 :  0.042 0.035 0.799 0.043 0.081 
184  BAFF192    (0)    8 :  0.434 0.451 0.071 0.019 0.026 
185  BAFF383    (0)    9 :  0.015 0.021 0.021 0.019 0.925 
186  BAFF180    (0)   10 :  0.022 0.631 0.177 0.161 0.010 
187  BAFF048    (7)   12 :  0.440 0.324 0.045 0.024 0.167 
188  BAFF306    (0)   12 :  0.594 0.108 0.102 0.181 0.015 
189  BAFF394    (0)    2 :  0.148 0.064 0.704 0.026 0.058 
190  BAFF219    (0)    3 :  0.051 0.054 0.851 0.029 0.014 
191  BAFF388    (0)    4 :  0.020 0.578 0.023 0.205 0.173 
192  BAFF386    (7)   13 :  0.056 0.847 0.034 0.032 0.032 
193  BAFF084    (0)    6 :  0.932 0.014 0.031 0.009 0.014 
194  BAFF483    (0)    6 :  0.043 0.636 0.152 0.128 0.041 
195  BAFF438   (15)    7 :  0.809 0.054 0.042 0.075 0.020 
196  BAFF193    (0)    8 :  0.086 0.168 0.073 0.029 0.645 
197  BAFF183    (0)   10 :  0.123 0.105 0.306 0.141 0.324 
198  BAFF153    (0)   12 :  0.548 0.014 0.015 0.413 0.010 
199  BAFF307    (0)   12 :  0.842 0.029 0.024 0.090 0.015 
200  BAFF397    (0)    2 :  0.160 0.007 0.802 0.018 0.013 
201  BAFF220    (0)    3 :  0.029 0.941 0.011 0.009 0.010 
202  BAFF095    (0)    6 :  0.013 0.919 0.012 0.015 0.042 
203  BAFF494    (0)    6 :  0.133 0.789 0.041 0.029 0.008 
204  BAFF439    (0)    7 :  0.082 0.030 0.102 0.768 0.017 
205  BAFF182    (0)   10 :  0.069 0.678 0.036 0.187 0.030 
206  BAFF054    (0)   12 :  0.010 0.011 0.008 0.963 0.007 
207  BAFF308    (0)   12 :  0.621 0.058 0.038 0.254 0.030 
208  BAFF266    (0)    1 :  0.298 0.072 0.167 0.094 0.369 
209  BAFF398    (7)    2 :  0.008 0.945 0.008 0.006 0.032 
210  BAFF221    (0)    3 :  0.124 0.092 0.013 0.215 0.555 
211  BAFF090    (0)    6 :  0.488 0.169 0.028 0.267 0.048 
212  BAFF495    (0)    6 :  0.013 0.015 0.948 0.012 0.012 
213  BAFF459    (0)    7 :  0.024 0.014 0.941 0.012 0.009 
214  BAFF197    (0)    8 :  0.050 0.022 0.570 0.337 0.021 
215  BAFF188    (0)   10 :  0.333 0.032 0.054 0.531 0.050 
216  BAFF051    (0)   12 :  0.041 0.122 0.066 0.742 0.029 
217  BAFF309    (0)   12 :  0.380 0.356 0.210 0.024 0.029 
218  BAFF269    (0)    1 :  0.024 0.051 0.662 0.026 0.236 
219  BAFF077    (0)    6 :  0.014 0.007 0.954 0.013 0.012 
220  BAFF496    (0)    6 :  0.010 0.015 0.949 0.012 0.015 
221  BAFF443    (0)    7 :  0.185 0.132 0.152 0.291 0.240 
222  BAFF198    (0)    8 :  0.063 0.434 0.392 0.090 0.021 
223  BAFF053    (0)   12 :  0.391 0.015 0.081 0.478 0.035 
224  BAFF310    (0)   12 :  0.168 0.020 0.034 0.763 0.015 
225  BAFF282    (0)    1 :  0.016 0.037 0.025 0.015 0.909 
226  BAFF497    (0)    6 :  0.015 0.013 0.943 0.017 0.013 
227  BAFF466    (0)    7 :  0.738 0.113 0.083 0.048 0.019 
228  BAFF200    (7)    8 :  0.104 0.787 0.054 0.038 0.017 
229  BAFF240    (0)   10 :  0.877 0.070 0.027 0.013 0.013 
230  BAFF055    (0)   12 :  0.027 0.028 0.015 0.904 0.026 
231  BAFF311    (7)   12 :  0.013 0.938 0.015 0.009 0.026 


Estimated Allele Frequencies in each cluster
First column gives estimated ancestral frequencies


Locus 1 : btern01 
9 alleles
0.0% missing data
   1   (0.142) 0.139 0.153 0.167 0.077 0.128 
   2   (0.017) 0.004 0.005 0.004 0.004 0.028 
   3   (0.154) 0.187 0.119 0.251 0.123 0.077 
   4   (0.211) 0.254 0.203 0.189 0.178 0.207 
   5   (0.290) 0.346 0.211 0.251 0.334 0.408 
   6   (0.078) 0.031 0.060 0.062 0.252 0.038 
   7   (0.056) 0.021 0.192 0.015 0.021 0.079 
   8   (0.016) 0.003 0.003 0.009 0.003 0.027 
   9   (0.036) 0.014 0.053 0.052 0.008 0.008 

Locus 2 : bt28 
5 alleles
0.0% missing data
   1   (0.669) 0.696 0.585 0.713 0.723 0.750 
   2   (0.150) 0.077 0.195 0.130 0.117 0.166 
   3   (0.145) 0.217 0.213 0.083 0.153 0.062 
   4   (0.024) 0.008 0.005 0.072 0.005 0.010 
   5   (0.012) 0.002 0.002 0.002 0.002 0.013 

Locus 3 : b96 
8 alleles
0.9% missing data
   1   (0.322) 0.291 0.356 0.321 0.363 0.353 
   2   (0.487) 0.528 0.531 0.582 0.464 0.480 
   3   (0.041) 0.083 0.031 0.012 0.041 0.012 
   4   (0.017) 0.035 0.003 0.004 0.003 0.006 
   5   (0.049) 0.024 0.037 0.034 0.048 0.023 
   6   (0.028) 0.008 0.029 0.005 0.007 0.068 
   7   (0.040) 0.029 0.009 0.040 0.023 0.053 
   8   (0.015) 0.002 0.004 0.003 0.051 0.004 

Locus 4 : bt30 
12 alleles
0.9% missing data
   1   (0.115) 0.064 0.161 0.058 0.109 0.237 
   2   (0.275) 0.312 0.287 0.332 0.250 0.293 
   3   (0.076) 0.107 0.047 0.150 0.045 0.027 
   4   (0.187) 0.197 0.221 0.163 0.231 0.151 
   5   (0.013) 0.002 0.017 0.003 0.003 0.003 
   6   (0.101) 0.044 0.170 0.129 0.055 0.090 
   7   (0.032) 0.015 0.011 0.019 0.043 0.022 
   8   (0.049) 0.054 0.012 0.029 0.068 0.038 
   9   (0.110) 0.196 0.042 0.101 0.185 0.083 
  10   (0.013) 0.002 0.002 0.002 0.002 0.049 
  11   (0.017) 0.004 0.028 0.005 0.007 0.004 
  12   (0.012) 0.002 0.002 0.009 0.002 0.002 

Locus 5 : btms0081 
3 alleles
0.9% missing data
   1   (0.500) 0.535 0.586 0.481 0.324 0.602 
   2   (0.343) 0.362 0.295 0.397 0.455 0.220 
   3   (0.157) 0.103 0.119 0.122 0.221 0.179 

Locus 6 : btms0066 
24 alleles
0.0% missing data
   1   (0.257) 0.295 0.318 0.207 0.337 0.373 
   2   (0.019) 0.006 0.004 0.006 0.003 0.053 
   3   (0.034) 0.083 0.021 0.013 0.033 0.007 
   4   (0.149) 0.096 0.245 0.271 0.164 0.077 
   5   (0.094) 0.128 0.050 0.141 0.115 0.074 
   6   (0.058) 0.056 0.143 0.042 0.029 0.016 
   7   (0.020) 0.005 0.034 0.004 0.003 0.015 
   8   (0.051) 0.028 0.016 0.080 0.031 0.068 
   9   (0.019) 0.131 0.006 0.004 0.006 0.004 
  10   (0.033) 0.027 0.009 0.017 0.006 0.117 
  11   (0.022) 0.005 0.009 0.004 0.011 0.113 
  12   (0.028) 0.008 0.006 0.118 0.018 0.009 
  13   (0.026) 0.032 0.017 0.005 0.015 0.006 
  14   (0.022) 0.032 0.006 0.004 0.029 0.005 
  15   (0.017) 0.005 0.004 0.042 0.004 0.007 
  16   (0.030) 0.017 0.038 0.007 0.067 0.009 
  17   (0.023) 0.013 0.007 0.005 0.056 0.017 
  18   (0.012) 0.002 0.002 0.002 0.022 0.002 
  19   (0.017) 0.011 0.008 0.003 0.014 0.003 
  20   (0.022) 0.005 0.025 0.016 0.007 0.006 
  21   (0.016) 0.007 0.019 0.003 0.003 0.007 
  22   (0.010) 0.002 0.009 0.002 0.002 0.002 
  23   (0.011) 0.002 0.002 0.002 0.022 0.002 
  24   (0.012) 0.004 0.003 0.003 0.003 0.006 

Locus 7 : btms0083 
31 alleles
3.0% missing data
   1   (0.014) 0.003 0.003 0.002 0.003 0.165 
   2   (0.020) 0.021 0.004 0.004 0.006 0.094 
   3   (0.031) 0.057 0.053 0.009 0.008 0.007 
   4   (0.039) 0.051 0.041 0.014 0.013 0.046 
   5   (0.190) 0.233 0.322 0.141 0.239 0.230 
   6   (0.020) 0.009 0.031 0.007 0.006 0.010 
   7   (0.066) 0.101 0.024 0.059 0.145 0.037 
   8   (0.047) 0.051 0.017 0.060 0.042 0.026 
   9   (0.030) 0.020 0.060 0.030 0.009 0.007 
  10   (0.024) 0.008 0.090 0.007 0.015 0.008 
  11   (0.053) 0.150 0.025 0.138 0.011 0.020 
  12   (0.018) 0.003 0.006 0.008 0.004 0.036 
  13   (0.048) 0.044 0.021 0.089 0.079 0.011 
  14   (0.035) 0.040 0.017 0.109 0.008 0.010 
  15   (0.031) 0.012 0.024 0.040 0.008 0.022 
  16   (0.026) 0.011 0.062 0.009 0.006 0.039 
  17   (0.032) 0.007 0.013 0.131 0.007 0.064 
  18   (0.048) 0.027 0.055 0.018 0.104 0.042 
  19   (0.020) 0.005 0.005 0.004 0.084 0.012 
  20   (0.028) 0.039 0.008 0.011 0.071 0.006 
  21   (0.012) 0.002 0.002 0.002 0.002 0.026 
  22   (0.010) 0.002 0.002 0.002 0.002 0.022 
  23   (0.018) 0.003 0.004 0.015 0.003 0.019 
  24   (0.010) 0.002 0.002 0.002 0.011 0.003 
  25   (0.031) 0.032 0.066 0.012 0.013 0.008 
  26   (0.016) 0.004 0.004 0.047 0.003 0.003 
  27   (0.024) 0.015 0.015 0.011 0.061 0.005 
  28   (0.017) 0.038 0.008 0.005 0.004 0.006 
  29   (0.016) 0.007 0.009 0.005 0.003 0.008 
  30   (0.013) 0.003 0.003 0.002 0.030 0.003 
  31   (0.012) 0.002 0.003 0.007 0.002 0.005 

Locus 8 : b126 
16 alleles
0.0% missing data
   1   (0.041) 0.010 0.056 0.029 0.015 0.039 
   2   (0.040) 0.013 0.014 0.080 0.009 0.116 
   3   (0.309) 0.467 0.290 0.346 0.416 0.236 
   4   (0.032) 0.015 0.019 0.052 0.009 0.014 
   5   (0.075) 0.062 0.142 0.058 0.059 0.035 
   6   (0.066) 0.088 0.023 0.089 0.144 0.023 
   7   (0.102) 0.165 0.162 0.077 0.129 0.023 
   8   (0.031) 0.011 0.010 0.030 0.059 0.008 
   9   (0.013) 0.002 0.027 0.002 0.002 0.003 
  10   (0.043) 0.009 0.086 0.024 0.033 0.025 
  11   (0.094) 0.108 0.046 0.071 0.039 0.337 
  12   (0.032) 0.015 0.008 0.013 0.026 0.044 
  13   (0.070) 0.024 0.065 0.074 0.048 0.085 
  14   (0.018) 0.004 0.010 0.041 0.004 0.004 
  15   (0.015) 0.003 0.021 0.004 0.006 0.003 
  16   (0.018) 0.003 0.021 0.009 0.003 0.004 

Locus 9 : btms0062 
34 alleles
0.0% missing data
   1   (0.029) 0.020 0.057 0.008 0.007 0.067 
   2   (0.049) 0.031 0.039 0.115 0.015 0.090 
   3   (0.077) 0.166 0.042 0.060 0.105 0.111 
   4   (0.097) 0.105 0.196 0.101 0.151 0.060 
   5   (0.053) 0.130 0.061 0.047 0.022 0.045 
   6   (0.027) 0.031 0.011 0.030 0.008 0.010 
   7   (0.012) 0.009 0.005 0.007 0.003 0.003 
   8   (0.018) 0.010 0.005 0.067 0.005 0.008 
   9   (0.044) 0.050 0.032 0.078 0.015 0.021 
  10   (0.049) 0.020 0.060 0.064 0.052 0.050 
  11   (0.066) 0.118 0.129 0.046 0.056 0.026 
  12   (0.046) 0.016 0.080 0.106 0.049 0.013 
  13   (0.046) 0.024 0.098 0.034 0.025 0.030 
  14   (0.045) 0.031 0.017 0.038 0.204 0.016 
  15   (0.019) 0.039 0.009 0.009 0.041 0.004 
  16   (0.020) 0.033 0.004 0.004 0.017 0.005 
  17   (0.018) 0.004 0.010 0.004 0.003 0.118 
  18   (0.015) 0.003 0.022 0.006 0.003 0.004 
  19   (0.043) 0.012 0.020 0.041 0.077 0.072 
  20   (0.012) 0.002 0.002 0.002 0.002 0.025 
  21   (0.030) 0.015 0.024 0.035 0.006 0.046 
  22   (0.017) 0.005 0.003 0.006 0.005 0.086 
  23   (0.010) 0.002 0.003 0.002 0.002 0.023 
  24   (0.017) 0.005 0.005 0.042 0.006 0.004 
  25   (0.013) 0.004 0.005 0.005 0.003 0.014 
  26   (0.033) 0.031 0.030 0.013 0.049 0.025 
  27   (0.019) 0.038 0.011 0.003 0.011 0.004 
  28   (0.013) 0.011 0.003 0.002 0.010 0.003 
  29   (0.011) 0.015 0.002 0.003 0.002 0.005 
  30   (0.009) 0.001 0.002 0.001 0.021 0.002 
  31   (0.012) 0.010 0.003 0.007 0.004 0.003 
  32   (0.009) 0.005 0.005 0.002 0.002 0.002 
  33   (0.011) 0.002 0.002 0.007 0.002 0.005 
  34   (0.010) 0.004 0.002 0.002 0.018 0.002 

Locus 10 : btern02 
25 alleles
4.8% missing data
   1   (0.103) 0.134 0.093 0.139 0.080 0.127 
   2   (0.011) 0.002 0.002 0.002 0.002 0.013 
   3   (0.074) 0.127 0.109 0.119 0.029 0.027 
   4   (0.052) 0.012 0.131 0.044 0.079 0.018 
   5   (0.027) 0.034 0.025 0.015 0.007 0.015 
   6   (0.046) 0.115 0.048 0.031 0.018 0.028 
   7   (0.028) 0.008 0.027 0.012 0.111 0.006 
   8   (0.039) 0.040 0.021 0.019 0.011 0.084 
   9   (0.074) 0.089 0.101 0.029 0.089 0.104 
  10   (0.028) 0.037 0.016 0.089 0.007 0.008 
  11   (0.054) 0.051 0.023 0.093 0.100 0.027 
  12   (0.036) 0.020 0.012 0.042 0.010 0.111 
  13   (0.050) 0.010 0.063 0.052 0.040 0.046 
  14   (0.056) 0.013 0.039 0.045 0.097 0.133 
  15   (0.014) 0.058 0.003 0.002 0.002 0.003 
  16   (0.048) 0.026 0.023 0.054 0.046 0.053 
  17   (0.029) 0.023 0.033 0.014 0.040 0.009 
  18   (0.043) 0.017 0.026 0.067 0.144 0.014 
  19   (0.034) 0.077 0.077 0.011 0.019 0.008 
  20   (0.040) 0.009 0.056 0.055 0.009 0.054 
  21   (0.025) 0.014 0.006 0.015 0.010 0.049 
  22   (0.013) 0.004 0.003 0.003 0.006 0.018 
  23   (0.032) 0.014 0.029 0.035 0.007 0.035 
  24   (0.030) 0.065 0.020 0.006 0.032 0.007 
  25   (0.014) 0.003 0.014 0.005 0.004 0.003 

Locus 11 : btms0086 
3 alleles
0.0% missing data
   1   (0.833) 0.914 0.784 0.853 0.915 0.788 
   2   (0.144) 0.073 0.212 0.143 0.070 0.178 
   3   (0.023) 0.013 0.004 0.004 0.016 0.033 

Locus 12 : bl13 
3 alleles
0.0% missing data
   1   (0.082) 0.027 0.047 0.028 0.233 0.174 
   2   (0.820) 0.807 0.854 0.876 0.699 0.805 
   3   (0.098) 0.167 0.099 0.095 0.068 0.021 

Locus 13 : btms0059 
9 alleles
0.0% missing data
   1   (0.339) 0.439 0.340 0.295 0.343 0.391 
   2   (0.105) 0.115 0.060 0.253 0.026 0.123 
   3   (0.066) 0.055 0.038 0.022 0.085 0.100 
   4   (0.054) 0.019 0.083 0.034 0.023 0.045 
   5   (0.078) 0.090 0.042 0.099 0.063 0.037 
   6   (0.307) 0.253 0.412 0.254 0.447 0.284 
   7   (0.016) 0.005 0.003 0.030 0.003 0.004 
   8   (0.025) 0.021 0.018 0.009 0.006 0.009 
   9   (0.011) 0.003 0.003 0.004 0.003 0.006 

Values of parameters used in structure:
DATAFILE=/Users/johnmola/Desktop/rpbbfeb27/rpbbstructure/project_data,	OUTFILE=/Users/johnmola/Desktop/rpbbfeb27/rpbbstructure/rpbb20k100k/Results/rpbb20k100k_run_50,	NUMINDS=231,	NUMLOCI=13,	MISSING=-9,	LABEL=1,	POPDATA=1,	POPFLAG=0,	PHENOTYPE=0,	EXTRACOLS=0,	MAXPOPS=5,	BURNIN=20000,	NUMREPS=100000,	USEPOPINFO=0,	INFERALPHA=1,	INFERLAMBDA=0,	POPSPECIFICLAMBDA=0,	POPALPHAS=0,	COMPUTEPROB=1,	NOADMIX=0,	ADMBURNIN=2500,	UPDATEFREQ=1,	PRINTLIKES=0,	INTERMEDSAVE=0,	PRINTKLD=0,	PRINTNET=0,	PRINTLAMBDA=0,	ANCESTDIST=0,	NUMBOXES=1000,	ANCESTPINT=0.90000,	GENSBACK=2,	MIGRPRIOR=0.05000,	PRINTQHAT=0,	PRINTQSUM=0,	ALPHA=1.0000,	FREQSCORR=1,	FPRIORMEAN=0.0100,	FPRIORSD=0.0500,	ONEFST=0,	LAMBDA=1.0000,	UNIFPRIORALPHA=1,	ALPHAMAX=10.0000,	ALPHAPRIORA=1.0000,	ALPHAPRIORB=2.0000,	ALPHAPROPSD=0.0250,	STARTATPOPINFO=0,	RANDOMIZE=1,	LINKAGE=0,	METROFREQ=10,	REPORTHITRATE=0,	MARKOVPHASE=-1,	PHASED=0,	PLOIDY=2,	PHASEINFO=0	LOCPRIOR=0, 	LOCPRIORINIT=1.000000, 	LOCDATA=0, 	LOCISPOP=0, 	LOCPRIORSTEP=0.100000, 	MAXLOCPRIOR=20.000000, 	SEED=1677519990,	
[STRAT parameters]:    NUMSIMSTATS=1000,	PHENOTYPECOL=-9,	POOLFREQ=10,	LOCUSxONLY=0,	EMERROR=0.00100,	MISSINGPHENO=-9,	