

----------------------------------------------------
STRUCTURE by Pritchard, Stephens and Donnelly (2000)
     and Falush, Stephens and Pritchard (2003)
       Code by Pritchard, Falush and Hubisz
             Version 2.3.4 (Jul 2012)
----------------------------------------------------



Command line arguments:   bin/structure -m "/Users/johnmola/Desktop/rpbbfeb27/rpbbstructure/rpbb20k100k/mainparams" -e "/Users/johnmola/Desktop/rpbbfeb27/rpbbstructure/rpbb20k100k/extraparams" 
Input File:    /Users/johnmola/Desktop/rpbbfeb27/rpbbstructure/project_data

Run parameters:
   231 individuals
   13 loci
   8 populations assumed
   20000 Burn-in period
   100000 Reps


--------------------------------------------
Proportion of membership of each pre-defined
 population in each of the 8 clusters

Given    Inferred Clusters                                          Number of
 Pop       1      2      3      4      5      6      7      8      Individuals

  1:     0.055  0.014  0.034  0.044  0.016  0.034  0.759  0.045       21
  2:     0.175  0.015  0.273  0.071  0.153  0.103  0.021  0.189        7
  3:     0.213  0.029  0.208  0.180  0.088  0.057  0.072  0.153        7
  4:     0.202  0.070  0.067  0.209  0.082  0.154  0.049  0.165        8
  5:     0.245  0.025  0.071  0.096  0.011  0.314  0.042  0.197        4
  6:     0.188  0.092  0.226  0.132  0.077  0.064  0.034  0.186       35
  7:     0.223  0.033  0.168  0.103  0.043  0.097  0.065  0.267       40
  8:     0.128  0.096  0.167  0.229  0.073  0.100  0.049  0.157       19
  9:     0.152  0.032  0.052  0.246  0.045  0.066  0.242  0.165        4
 10:     0.057  0.178  0.215  0.122  0.184  0.124  0.026  0.095       11
 11:     0.145  0.013  0.017  0.019  0.563  0.052  0.138  0.052        8
 12:     0.070  0.309  0.086  0.035  0.064  0.309  0.038  0.089       60
 13:     0.077  0.020  0.124  0.402  0.030  0.063  0.040  0.244        7
--------------------------------------------

Allele-freq. divergence among pops (Net nucleotide distance),
computed using point estimates of P.

      1       2       3       4       5       6       7       8      
 1      -    0.0358  0.0260  0.0252  0.0338  0.0182  0.0308  0.0106  
 2   0.0358     -    0.0417  0.0438  0.0513  0.0332  0.0435  0.0325  
 3   0.0260  0.0417     -    0.0393  0.0472  0.0349  0.0373  0.0211  
 4   0.0252  0.0438  0.0393     -    0.0522  0.0397  0.0495  0.0263  
 5   0.0338  0.0513  0.0472  0.0522     -    0.0403  0.0576  0.0333  
 6   0.0182  0.0332  0.0349  0.0397  0.0403     -    0.0338  0.0214  
 7   0.0308  0.0435  0.0373  0.0495  0.0576  0.0338     -    0.0291  
 8   0.0106  0.0325  0.0211  0.0263  0.0333  0.0214  0.0291     -    

Average distances (expected heterozygosity) between individuals in same cluster:
cluster  1  : 0.6888 
cluster  2  : 0.6755 
cluster  3  : 0.6852 
cluster  4  : 0.6548 
cluster  5  : 0.6378 
cluster  6  : 0.6736 
cluster  7  : 0.6848 
cluster  8  : 0.6716 

--------------------------------------------
Estimated Ln Prob of Data   = -9930.5
Mean value of ln likelihood = -9304.8
Variance of ln likelihood   = 1251.3
Mean value of alpha         = 0.0528

Mean value of Fst_1         = 0.0609
Mean value of Fst_2         = 0.0984
Mean value of Fst_3         = 0.0803
Mean value of Fst_4         = 0.1090
Mean value of Fst_5         = 0.1735
Mean value of Fst_6         = 0.0601
Mean value of Fst_7         = 0.0897
Mean value of Fst_8         = 0.0640


Inferred ancestry of individuals:
        Label (%Miss) Pop:  Inferred clusters
  1  BAFF014    (0)    1 :  0.022 0.006 0.011 0.017 0.008 0.012 0.904 0.021 
  2  BAFF379    (0)    2 :  0.147 0.012 0.062 0.068 0.059 0.272 0.015 0.365 
  3  BAFF212    (0)    3 :  0.144 0.063 0.278 0.061 0.019 0.034 0.022 0.378 
  4  BAFF018    (0)    4 :  0.129 0.022 0.025 0.009 0.100 0.356 0.009 0.351 
  5  BAFF247    (0)    4 :  0.292 0.013 0.050 0.015 0.013 0.326 0.008 0.283 
  6  BAFF024    (0)    5 :  0.450 0.045 0.168 0.242 0.010 0.036 0.020 0.029 
  7  BAFF088    (0)    6 :  0.041 0.034 0.750 0.021 0.026 0.038 0.010 0.080 
  8  BAFF429    (0)    6 :  0.186 0.012 0.103 0.226 0.045 0.189 0.017 0.222 
  9  BAFF087    (7)    7 :  0.006 0.006 0.954 0.007 0.006 0.006 0.007 0.008 
 10  BAFF225    (0)    7 :  0.124 0.016 0.385 0.210 0.009 0.024 0.036 0.195 
 11  BAFF195    (0)    8 :  0.194 0.013 0.100 0.057 0.450 0.101 0.042 0.044 
 12  BAFF238    (0)    9 :  0.083 0.040 0.035 0.621 0.021 0.036 0.076 0.089 
 13  BAFF019    (0)   10 :  0.023 0.802 0.041 0.011 0.036 0.023 0.023 0.041 
 14  BAFF175    (0)   10 :  0.054 0.047 0.187 0.232 0.062 0.312 0.011 0.096 
 15  BAFF156    (0)   11 :  0.005 0.006 0.005 0.005 0.962 0.007 0.005 0.006 
 16  BAFF301    (0)   11 :  0.031 0.022 0.017 0.042 0.011 0.018 0.834 0.025 
 17  BAFF141    (0)   12 :  0.062 0.006 0.007 0.006 0.008 0.582 0.116 0.214 
 18  BAFF302    (0)   12 :  0.762 0.041 0.021 0.062 0.014 0.026 0.024 0.049 
 19  BAFF290    (0)    1 :  0.021 0.014 0.016 0.065 0.007 0.070 0.768 0.040 
 20  BAFF498    (0)    6 :  0.258 0.060 0.057 0.071 0.046 0.025 0.196 0.286 
 21  BAFF455    (0)    7 :  0.017 0.024 0.712 0.098 0.056 0.030 0.024 0.039 
 22  BAFF203    (7)    8 :  0.030 0.012 0.786 0.028 0.016 0.040 0.008 0.079 
 23  BAFF056    (0)   12 :  0.025 0.835 0.009 0.026 0.005 0.015 0.017 0.068 
 24  BAFF327    (0)   12 :  0.038 0.099 0.032 0.012 0.026 0.725 0.050 0.017 
 25  BAFF255    (0)    1 :  0.012 0.007 0.009 0.011 0.006 0.010 0.931 0.013 
 26  BAFF256    (0)    1 :  0.006 0.011 0.010 0.011 0.005 0.006 0.942 0.007 
 27  BAFF257    (0)    1 :  0.005 0.005 0.007 0.008 0.004 0.006 0.957 0.007 
 28  BAFF260    (0)    1 :  0.010 0.007 0.017 0.015 0.005 0.008 0.932 0.007 
 29  BAFF259    (0)    1 :  0.008 0.015 0.008 0.009 0.008 0.008 0.936 0.009 
 30  BAFF261    (0)    1 :  0.008 0.008 0.009 0.008 0.007 0.010 0.936 0.015 
 31  BAFF274    (0)    1 :  0.047 0.013 0.030 0.015 0.012 0.019 0.821 0.041 
 32  BAFF262    (0)    1 :  0.014 0.008 0.032 0.007 0.009 0.025 0.896 0.010 
 33  BAFF294    (0)    1 :  0.013 0.008 0.035 0.007 0.007 0.009 0.913 0.008 
 34  BAFF292    (0)    1 :  0.018 0.009 0.009 0.254 0.019 0.022 0.657 0.013 
 35  BAFF296    (0)    1 :  0.022 0.014 0.007 0.230 0.015 0.013 0.685 0.014 
 36  BAFF295    (0)    1 :  0.021 0.010 0.020 0.075 0.012 0.040 0.805 0.017 
 37  BAFF298    (0)    1 :  0.032 0.021 0.011 0.012 0.007 0.015 0.872 0.029 
 38  BAFF299    (0)    1 :  0.008 0.032 0.011 0.007 0.011 0.007 0.918 0.006 
 39  BAFF375    (0)   13 :  0.009 0.008 0.010 0.941 0.006 0.007 0.010 0.009 
 40  BAFF376    (0)   13 :  0.055 0.029 0.049 0.811 0.009 0.018 0.014 0.016 
 41  BAFF377    (0)   13 :  0.015 0.007 0.008 0.935 0.007 0.008 0.011 0.008 
 42  BAFF022    (0)    5 :  0.253 0.010 0.020 0.035 0.016 0.468 0.089 0.108 
 43  BAFF021    (0)    5 :  0.149 0.013 0.026 0.014 0.008 0.726 0.032 0.031 
 44  BAFF499    (0)    6 :  0.047 0.782 0.014 0.034 0.039 0.028 0.008 0.049 
 45  BAFF204    (0)    8 :  0.318 0.041 0.024 0.032 0.011 0.067 0.009 0.497 
 46  BAFF068    (0)   12 :  0.025 0.811 0.008 0.012 0.011 0.027 0.085 0.022 
 47  BAFF336    (0)   12 :  0.047 0.551 0.030 0.013 0.131 0.045 0.014 0.170 
 48  BAFF447    (0)    7 :  0.558 0.013 0.026 0.021 0.022 0.018 0.008 0.334 
 49  BAFF457    (0)    7 :  0.633 0.009 0.011 0.071 0.028 0.024 0.024 0.201 
 50  BAFF448    (0)    7 :  0.131 0.007 0.484 0.024 0.027 0.038 0.062 0.227 
 51  BAFF465    (0)    7 :  0.017 0.011 0.879 0.013 0.014 0.016 0.013 0.038 
 52  BAFF194    (0)    8 :  0.713 0.011 0.032 0.130 0.012 0.025 0.024 0.052 
 53  BAFF199    (0)    8 :  0.175 0.016 0.014 0.035 0.080 0.094 0.017 0.569 
 54  BAFF500    (0)    6 :  0.154 0.084 0.099 0.072 0.008 0.012 0.194 0.378 
 55  BAFF206    (0)    8 :  0.035 0.057 0.086 0.171 0.014 0.568 0.046 0.023 
 56  BAFF069    (0)   12 :  0.010 0.897 0.013 0.021 0.017 0.016 0.009 0.017 
 57  BAFF330    (0)   12 :  0.024 0.033 0.588 0.022 0.102 0.070 0.016 0.145 
 58  BAFF239    (0)   10 :  0.007 0.299 0.016 0.018 0.412 0.103 0.031 0.114 
 59  BAFF241    (0)   10 :  0.010 0.419 0.012 0.016 0.362 0.017 0.040 0.125 
 60  BAFF157    (0)   11 :  0.009 0.006 0.006 0.006 0.957 0.006 0.004 0.006 
 61  BAFF161    (0)   11 :  0.006 0.006 0.006 0.005 0.962 0.005 0.004 0.006 
 62  BAFF160    (0)   11 :  0.008 0.005 0.007 0.005 0.958 0.007 0.004 0.006 
 63  BAFF008    (0)   12 :  0.048 0.161 0.562 0.029 0.015 0.042 0.036 0.107 
 64  BAFF013    (0)   12 :  0.024 0.013 0.808 0.023 0.026 0.067 0.011 0.028 
 65  BAFF407    (0)   12 :  0.011 0.904 0.012 0.012 0.015 0.019 0.010 0.017 
 66  BAFF503    (0)    6 :  0.031 0.716 0.055 0.021 0.061 0.009 0.006 0.100 
 67  BAFF449    (0)    7 :  0.015 0.023 0.311 0.014 0.012 0.590 0.011 0.025 
 68  BAFF207    (0)    8 :  0.033 0.558 0.037 0.293 0.005 0.024 0.012 0.039 
 69  BAFF070    (0)   12 :  0.013 0.898 0.014 0.014 0.010 0.029 0.009 0.013 
 70  BAFF335    (0)   12 :  0.014 0.019 0.012 0.007 0.011 0.917 0.009 0.012 
 71  BAFF507    (0)    6 :  0.677 0.008 0.015 0.206 0.019 0.012 0.039 0.023 
 72  BAFF450    (0)    7 :  0.075 0.041 0.022 0.362 0.108 0.035 0.147 0.209 
 73  BAFF209    (7)    8 :  0.087 0.025 0.166 0.370 0.153 0.137 0.033 0.029 
 74  BAFF072    (0)   12 :  0.024 0.041 0.018 0.019 0.455 0.323 0.015 0.105 
 75  BAFF339    (0)   12 :  0.056 0.302 0.011 0.405 0.010 0.079 0.013 0.124 
 76  BAFF508    (0)    6 :  0.056 0.019 0.014 0.027 0.469 0.043 0.067 0.306 
 77  BAFF451    (0)    7 :  0.630 0.024 0.060 0.047 0.015 0.077 0.009 0.137 
 78  BAFF210    (0)    8 :  0.054 0.435 0.100 0.221 0.008 0.017 0.074 0.091 
 79  BAFF139    (0)   12 :  0.553 0.013 0.024 0.070 0.029 0.164 0.042 0.107 
 80  BAFF341    (0)   12 :  0.044 0.016 0.037 0.128 0.146 0.075 0.016 0.538 
 81  BAFF509    (0)    6 :  0.044 0.048 0.665 0.045 0.010 0.097 0.063 0.028 
 82  BAFF453    (0)    7 :  0.018 0.062 0.040 0.779 0.016 0.042 0.009 0.035 
 83  BAFF389    (0)    8 :  0.011 0.006 0.016 0.666 0.257 0.017 0.019 0.008 
 84  BAFF163    (0)   12 :  0.005 0.889 0.008 0.074 0.008 0.005 0.004 0.007 
 85  BAFF344    (7)   12 :  0.039 0.189 0.023 0.052 0.064 0.589 0.009 0.034 
 86  BAFF510    (0)    6 :  0.574 0.032 0.206 0.047 0.039 0.051 0.010 0.041 
 87  BAFF456    (0)    7 :  0.661 0.036 0.011 0.076 0.011 0.048 0.018 0.139 
 88  BAFF390    (0)    8 :  0.011 0.005 0.006 0.942 0.013 0.007 0.006 0.010 
 89  BAFF142    (0)   12 :  0.034 0.058 0.011 0.009 0.057 0.327 0.309 0.194 
 90  BAFF363    (7)   12 :  0.010 0.906 0.010 0.008 0.026 0.021 0.007 0.012 
 91  BAFF517    (0)    6 :  0.546 0.033 0.021 0.267 0.011 0.075 0.008 0.039 
 92  BAFF458    (0)    7 :  0.101 0.030 0.043 0.019 0.016 0.033 0.043 0.714 
 93  BAFF391    (0)    8 :  0.176 0.346 0.033 0.028 0.012 0.105 0.168 0.132 
 94  BAFF149    (0)   12 :  0.022 0.027 0.011 0.072 0.033 0.783 0.011 0.041 
 95  BAFF366    (7)   12 :  0.112 0.014 0.006 0.032 0.018 0.792 0.008 0.018 
 96  BAFF512    (0)    6 :  0.291 0.040 0.086 0.074 0.024 0.020 0.138 0.328 
 97  BAFF460    (0)    7 :  0.197 0.015 0.012 0.025 0.015 0.544 0.016 0.176 
 98  BAFF138    (0)   12 :  0.015 0.016 0.007 0.012 0.022 0.885 0.017 0.026 
 99  BAFF374    (0)   12 :  0.016 0.278 0.552 0.025 0.052 0.024 0.037 0.017 
100  BAFF015    (0)    1 :  0.011 0.010 0.011 0.010 0.010 0.012 0.904 0.033 
101  BAFF380    (0)    2 :  0.167 0.045 0.128 0.024 0.337 0.058 0.013 0.229 
102  BAFF216    (0)    3 :  0.393 0.028 0.115 0.137 0.017 0.027 0.033 0.251 
103  BAFF017    (0)    4 :  0.319 0.021 0.008 0.592 0.009 0.005 0.017 0.028 
104  BAFF245    (0)    4 :  0.158 0.037 0.105 0.122 0.011 0.372 0.120 0.076 
105  BAFF378    (7)   13 :  0.184 0.010 0.015 0.026 0.014 0.018 0.185 0.548 
106  BAFF023    (0)    5 :  0.128 0.030 0.068 0.092 0.012 0.027 0.025 0.618 
107  BAFF079    (0)    6 :  0.371 0.048 0.106 0.160 0.031 0.185 0.041 0.057 
108  BAFF435    (0)    6 :  0.153 0.016 0.016 0.023 0.020 0.022 0.008 0.743 
109  BAFF174    (7)    7 :  0.015 0.023 0.027 0.848 0.016 0.018 0.007 0.046 
110  BAFF226    (0)    7 :  0.632 0.009 0.009 0.032 0.012 0.055 0.013 0.237 
111  BAFF190    (0)    8 :  0.020 0.082 0.435 0.021 0.067 0.108 0.017 0.249 
112  BAFF243    (0)    9 :  0.324 0.007 0.034 0.311 0.087 0.089 0.068 0.080 
113  BAFF177    (0)   10 :  0.029 0.009 0.649 0.150 0.022 0.075 0.032 0.032 
114  BAFF364    (7)   11 :  0.065 0.022 0.065 0.021 0.586 0.014 0.011 0.215 
115  BAFF305    (0)   12 :  0.020 0.020 0.011 0.021 0.012 0.874 0.021 0.021 
116  BAFF513    (0)    6 :  0.123 0.020 0.538 0.077 0.029 0.023 0.055 0.135 
117  BAFF462    (0)    7 :  0.027 0.055 0.139 0.014 0.038 0.012 0.395 0.320 
118  BAFF143    (0)   12 :  0.068 0.059 0.057 0.052 0.048 0.671 0.007 0.038 
119  BAFF403    (0)   12 :  0.007 0.941 0.009 0.008 0.010 0.009 0.007 0.010 
120  BAFF514    (0)    6 :  0.024 0.198 0.544 0.038 0.019 0.027 0.008 0.143 
121  BAFF463    (0)    7 :  0.005 0.005 0.955 0.006 0.011 0.005 0.005 0.007 
122  BAFF137    (0)   12 :  0.013 0.009 0.107 0.008 0.014 0.823 0.010 0.017 
123  BAFF404    (0)   12 :  0.012 0.917 0.008 0.009 0.020 0.008 0.014 0.012 
124  BAFF515    (0)    6 :  0.254 0.035 0.375 0.045 0.031 0.134 0.018 0.108 
125  BAFF144    (0)   12 :  0.038 0.069 0.158 0.018 0.242 0.078 0.011 0.385 
126  BAFF405    (7)   12 :  0.037 0.022 0.063 0.011 0.133 0.632 0.034 0.068 
127  BAFF518    (0)    6 :  0.056 0.426 0.013 0.040 0.029 0.277 0.011 0.148 
128  BAFF467    (0)    7 :  0.241 0.034 0.076 0.100 0.019 0.020 0.016 0.495 
129  BAFF145    (0)   12 :  0.055 0.012 0.025 0.024 0.464 0.251 0.089 0.081 
130  BAFF406    (0)   12 :  0.039 0.358 0.058 0.025 0.406 0.061 0.008 0.045 
131  BAFF519    (0)    6 :  0.103 0.013 0.058 0.605 0.013 0.079 0.012 0.116 
132  BAFF471    (0)    7 :  0.153 0.027 0.148 0.043 0.030 0.331 0.079 0.189 
133  BAFF136    (0)   12 :  0.012 0.704 0.033 0.059 0.010 0.165 0.006 0.010 
134  BAFF520    (7)    6 :  0.150 0.062 0.052 0.082 0.017 0.032 0.027 0.578 
135  BAFF472    (0)    7 :  0.077 0.021 0.196 0.078 0.153 0.041 0.027 0.407 
136  BAFF165    (0)   12 :  0.203 0.048 0.022 0.025 0.013 0.600 0.061 0.027 
137  BAFF408    (0)   12 :  0.029 0.082 0.018 0.023 0.068 0.654 0.030 0.097 
138  BAFF522    (0)    6 :  0.039 0.046 0.638 0.031 0.023 0.075 0.032 0.116 
139  BAFF475    (0)    7 :  0.500 0.048 0.044 0.176 0.026 0.055 0.009 0.143 
140  BAFF140    (0)   12 :  0.074 0.025 0.195 0.054 0.054 0.549 0.019 0.030 
141  BAFF409    (0)   12 :  0.016 0.774 0.059 0.017 0.012 0.019 0.092 0.012 
142  BAFF523    (0)    6 :  0.072 0.009 0.453 0.023 0.096 0.012 0.014 0.320 
143  BAFF476    (0)    7 :  0.489 0.038 0.014 0.129 0.161 0.057 0.009 0.103 
144  BAFF147    (0)   12 :  0.027 0.156 0.048 0.018 0.024 0.686 0.015 0.027 
145  BAFF410    (0)   12 :  0.093 0.575 0.009 0.032 0.011 0.233 0.016 0.031 
146  BAFF477    (0)    7 :  0.471 0.007 0.014 0.030 0.012 0.148 0.083 0.236 
147  BAFF411    (0)   12 :  0.029 0.085 0.014 0.157 0.072 0.066 0.518 0.059 
148  BAFF486    (7)    7 :  0.221 0.006 0.005 0.014 0.008 0.009 0.008 0.728 
149  BAFF412    (7)   12 :  0.036 0.751 0.090 0.022 0.016 0.024 0.038 0.022 
150  BAFF258    (0)    1 :  0.096 0.027 0.358 0.014 0.073 0.017 0.177 0.238 
151  BAFF392    (0)    2 :  0.006 0.006 0.714 0.028 0.175 0.010 0.005 0.057 
152  BAFF217    (0)    3 :  0.102 0.018 0.012 0.669 0.030 0.063 0.010 0.096 
153  BAFF016    (0)    4 :  0.500 0.046 0.008 0.286 0.088 0.054 0.005 0.013 
154  BAFF246    (0)    4 :  0.159 0.027 0.076 0.615 0.044 0.028 0.010 0.042 
155  BAFF381    (0)   13 :  0.216 0.035 0.028 0.050 0.017 0.277 0.012 0.366 
156  BAFF078    (0)    6 :  0.008 0.038 0.015 0.015 0.634 0.187 0.006 0.097 
157  BAFF481    (0)    6 :  0.103 0.039 0.042 0.101 0.016 0.166 0.027 0.506 
158  BAFF436    (0)    7 :  0.173 0.051 0.384 0.110 0.049 0.063 0.081 0.091 
159  BAFF191    (0)    8 :  0.076 0.021 0.111 0.655 0.012 0.041 0.009 0.073 
160  BAFF382    (0)    9 :  0.180 0.072 0.117 0.040 0.064 0.047 0.008 0.472 
161  BAFF178    (0)   10 :  0.035 0.065 0.614 0.228 0.008 0.022 0.010 0.018 
162  BAFF159    (7)   11 :  0.870 0.019 0.010 0.028 0.008 0.014 0.009 0.042 
163  BAFF365    (7)   11 :  0.164 0.019 0.017 0.043 0.060 0.349 0.235 0.113 
164  BAFF007    (0)   12 :  0.270 0.027 0.040 0.059 0.081 0.182 0.057 0.284 
165  BAFF304    (7)   12 :  0.080 0.098 0.013 0.014 0.136 0.500 0.012 0.146 
166  BAFF487    (0)    7 :  0.097 0.034 0.108 0.076 0.059 0.011 0.020 0.595 
167  BAFF415    (0)   12 :  0.091 0.557 0.039 0.014 0.020 0.191 0.063 0.024 
168  BAFF488    (0)    7 :  0.144 0.017 0.012 0.061 0.014 0.062 0.624 0.067 
169  BAFF417    (0)   12 :  0.040 0.363 0.034 0.021 0.022 0.411 0.017 0.093 
170  BAFF489    (0)    7 :  0.188 0.040 0.051 0.021 0.063 0.226 0.008 0.403 
171  BAFF426    (0)   12 :  0.014 0.890 0.023 0.013 0.011 0.015 0.018 0.016 
172  BAFF490    (7)    7 :  0.453 0.012 0.050 0.028 0.094 0.017 0.019 0.326 
173  BAFF491    (0)    7 :  0.110 0.009 0.165 0.035 0.047 0.027 0.042 0.565 
174  BAFF492    (0)    7 :  0.143 0.014 0.018 0.032 0.016 0.016 0.007 0.755 
175  BAFF493    (0)    7 :  0.032 0.038 0.104 0.030 0.017 0.026 0.467 0.286 
176  BAFF506    (0)    7 :  0.059 0.017 0.062 0.045 0.018 0.014 0.099 0.686 
177  BAFF393    (0)    2 :  0.146 0.011 0.011 0.032 0.272 0.092 0.027 0.408 
178  BAFF218    (0)    3 :  0.272 0.026 0.093 0.310 0.016 0.087 0.057 0.137 
179  BAFF254    (0)    4 :  0.035 0.012 0.017 0.011 0.379 0.082 0.037 0.427 
180  BAFF385    (0)   13 :  0.018 0.037 0.210 0.028 0.064 0.041 0.026 0.577 
181  BAFF076    (0)    6 :  0.008 0.012 0.927 0.010 0.013 0.009 0.009 0.012 
182  BAFF482    (0)    6 :  0.313 0.066 0.095 0.012 0.013 0.079 0.009 0.412 
183  BAFF437    (0)    7 :  0.349 0.011 0.025 0.016 0.006 0.542 0.021 0.031 
184  BAFF192    (0)    8 :  0.041 0.015 0.501 0.103 0.173 0.073 0.019 0.075 
185  BAFF383    (0)    9 :  0.020 0.012 0.024 0.010 0.007 0.093 0.816 0.018 
186  BAFF180    (0)   10 :  0.049 0.113 0.213 0.551 0.010 0.012 0.009 0.043 
187  BAFF048    (7)   12 :  0.211 0.011 0.057 0.015 0.397 0.043 0.052 0.213 
188  BAFF306    (0)   12 :  0.040 0.030 0.053 0.071 0.017 0.677 0.011 0.102 
189  BAFF394    (0)    2 :  0.135 0.017 0.069 0.312 0.213 0.144 0.066 0.045 
190  BAFF219    (0)    3 :  0.553 0.014 0.035 0.071 0.018 0.134 0.009 0.167 
191  BAFF388    (0)    4 :  0.027 0.386 0.246 0.027 0.016 0.013 0.185 0.102 
192  BAFF386    (7)   13 :  0.044 0.017 0.547 0.024 0.096 0.071 0.020 0.181 
193  BAFF084    (0)    6 :  0.111 0.010 0.011 0.020 0.529 0.017 0.011 0.291 
194  BAFF483    (0)    6 :  0.082 0.124 0.357 0.081 0.011 0.192 0.034 0.120 
195  BAFF438   (15)    7 :  0.062 0.038 0.076 0.031 0.256 0.240 0.019 0.278 
196  BAFF193    (0)    8 :  0.095 0.021 0.067 0.045 0.020 0.019 0.382 0.350 
197  BAFF183    (0)   10 :  0.322 0.038 0.014 0.059 0.149 0.023 0.066 0.329 
198  BAFF153    (0)   12 :  0.011 0.013 0.011 0.007 0.013 0.930 0.007 0.008 
199  BAFF307    (0)   12 :  0.053 0.018 0.020 0.023 0.086 0.570 0.011 0.219 
200  BAFF397    (0)    2 :  0.615 0.009 0.005 0.026 0.011 0.143 0.008 0.183 
201  BAFF220    (0)    3 :  0.018 0.009 0.871 0.006 0.056 0.007 0.007 0.025 
202  BAFF095    (0)    6 :  0.014 0.014 0.852 0.024 0.008 0.016 0.043 0.028 
203  BAFF494    (0)    6 :  0.081 0.030 0.627 0.035 0.025 0.013 0.006 0.182 
204  BAFF439    (0)    7 :  0.042 0.318 0.014 0.227 0.020 0.167 0.010 0.203 
205  BAFF182    (0)   10 :  0.044 0.116 0.563 0.038 0.126 0.055 0.028 0.030 
206  BAFF054    (0)   12 :  0.007 0.938 0.008 0.007 0.009 0.016 0.007 0.008 
207  BAFF308    (0)   12 :  0.039 0.016 0.017 0.011 0.025 0.784 0.016 0.093 
208  BAFF266    (0)    1 :  0.322 0.047 0.022 0.017 0.089 0.030 0.129 0.344 
209  BAFF398    (7)    2 :  0.008 0.005 0.919 0.005 0.005 0.006 0.015 0.037 
210  BAFF221    (0)    3 :  0.009 0.046 0.055 0.008 0.460 0.046 0.363 0.014 
211  BAFF090    (0)    6 :  0.030 0.101 0.070 0.016 0.315 0.056 0.017 0.395 
212  BAFF495    (0)    6 :  0.060 0.011 0.010 0.863 0.008 0.012 0.008 0.028 
213  BAFF459    (0)    7 :  0.731 0.011 0.012 0.116 0.048 0.043 0.007 0.032 
214  BAFF197    (0)    8 :  0.239 0.078 0.020 0.169 0.018 0.387 0.016 0.073 
215  BAFF188    (0)   10 :  0.031 0.039 0.017 0.024 0.140 0.684 0.016 0.048 
216  BAFF051    (0)   12 :  0.162 0.370 0.052 0.030 0.014 0.045 0.028 0.297 
217  BAFF309    (0)   12 :  0.185 0.015 0.073 0.024 0.015 0.049 0.011 0.628 
218  BAFF269    (0)    1 :  0.391 0.011 0.030 0.095 0.013 0.337 0.074 0.048 
219  BAFF077    (0)    6 :  0.795 0.010 0.005 0.146 0.018 0.007 0.009 0.009 
220  BAFF496    (0)    6 :  0.017 0.009 0.007 0.929 0.005 0.007 0.010 0.016 
221  BAFF443    (0)    7 :  0.208 0.097 0.041 0.030 0.020 0.105 0.075 0.424 
222  BAFF198    (0)    8 :  0.080 0.039 0.198 0.332 0.036 0.024 0.009 0.282 
223  BAFF053    (0)   12 :  0.015 0.034 0.009 0.037 0.021 0.835 0.019 0.030 
224  BAFF310    (0)   12 :  0.075 0.798 0.007 0.016 0.013 0.051 0.008 0.032 
225  BAFF282    (0)    1 :  0.062 0.017 0.045 0.026 0.016 0.031 0.783 0.020 
226  BAFF497    (0)    6 :  0.707 0.015 0.013 0.142 0.010 0.015 0.011 0.086 
227  BAFF466    (0)    7 :  0.130 0.034 0.038 0.024 0.138 0.056 0.012 0.566 
228  BAFF200    (7)    8 :  0.046 0.042 0.440 0.056 0.038 0.054 0.012 0.312 
229  BAFF240    (0)   10 :  0.024 0.010 0.038 0.017 0.694 0.034 0.015 0.168 
230  BAFF055    (0)   12 :  0.023 0.753 0.029 0.010 0.012 0.136 0.019 0.018 
231  BAFF311    (7)   12 :  0.020 0.008 0.849 0.009 0.029 0.048 0.027 0.009 


Estimated Allele Frequencies in each cluster
First column gives estimated ancestral frequencies


Locus 1 : btern01 
9 alleles
0.0% missing data
   1   (0.142) 0.181 0.034 0.141 0.196 0.091 0.172 0.117 0.126 
   2   (0.017) 0.010 0.004 0.004 0.004 0.003 0.004 0.025 0.012 
   3   (0.169) 0.267 0.094 0.142 0.190 0.155 0.197 0.068 0.152 
   4   (0.208) 0.127 0.176 0.188 0.307 0.245 0.192 0.205 0.241 
   5   (0.281) 0.311 0.334 0.141 0.103 0.373 0.343 0.433 0.367 
   6   (0.075) 0.050 0.329 0.044 0.091 0.051 0.055 0.034 0.039 
   7   (0.052) 0.015 0.020 0.280 0.015 0.067 0.019 0.083 0.026 
   8   (0.016) 0.008 0.002 0.003 0.013 0.002 0.007 0.027 0.004 
   9   (0.040) 0.032 0.007 0.058 0.081 0.013 0.010 0.007 0.034 

Locus 2 : bt28 
5 alleles
0.0% missing data
   1   (0.665) 0.677 0.718 0.574 0.730 0.679 0.740 0.774 0.637 
   2   (0.153) 0.102 0.099 0.174 0.169 0.070 0.151 0.164 0.148 
   3   (0.147) 0.110 0.177 0.246 0.084 0.244 0.098 0.042 0.201 
   4   (0.023) 0.108 0.004 0.004 0.014 0.005 0.009 0.006 0.012 
   5   (0.011) 0.003 0.002 0.002 0.002 0.002 0.003 0.014 0.002 

Locus 3 : b96 
8 alleles
0.9% missing data
   1   (0.332) 0.350 0.327 0.358 0.264 0.208 0.464 0.357 0.288 
   2   (0.480) 0.528 0.507 0.512 0.682 0.609 0.316 0.444 0.632 
   3   (0.046) 0.030 0.046 0.032 0.013 0.058 0.065 0.011 0.035 
   4   (0.016) 0.007 0.003 0.003 0.003 0.087 0.003 0.004 0.006 
   5   (0.049) 0.048 0.030 0.045 0.014 0.010 0.060 0.026 0.019 
   6   (0.027) 0.007 0.005 0.039 0.005 0.006 0.015 0.088 0.006 
   7   (0.037) 0.027 0.007 0.008 0.018 0.020 0.074 0.068 0.011 
   8   (0.013) 0.003 0.076 0.003 0.002 0.002 0.003 0.002 0.003 

Locus 4 : bt30 
12 alleles
0.9% missing data
   1   (0.112) 0.081 0.108 0.180 0.030 0.055 0.065 0.267 0.143 
   2   (0.284) 0.291 0.295 0.275 0.349 0.197 0.278 0.286 0.363 
   3   (0.071) 0.152 0.024 0.026 0.123 0.054 0.033 0.017 0.164 
   4   (0.186) 0.215 0.239 0.204 0.151 0.195 0.225 0.109 0.184 
   5   (0.014) 0.005 0.003 0.017 0.003 0.002 0.004 0.003 0.007 
   6   (0.100) 0.123 0.056 0.219 0.132 0.033 0.073 0.104 0.045 
   7   (0.034) 0.017 0.017 0.010 0.019 0.042 0.036 0.022 0.021 
   8   (0.051) 0.036 0.062 0.011 0.011 0.065 0.079 0.044 0.019 
   9   (0.109) 0.069 0.188 0.041 0.164 0.352 0.166 0.077 0.043 
  10   (0.012) 0.003 0.002 0.002 0.002 0.002 0.002 0.065 0.002 
  11   (0.017) 0.005 0.004 0.014 0.004 0.003 0.036 0.004 0.005 
  12   (0.011) 0.004 0.002 0.002 0.012 0.002 0.003 0.002 0.003 

Locus 5 : btms0081 
3 alleles
0.9% missing data
   1   (0.498) 0.574 0.314 0.648 0.335 0.612 0.404 0.581 0.578 
   2   (0.353) 0.344 0.474 0.257 0.442 0.277 0.438 0.223 0.326 
   3   (0.150) 0.082 0.212 0.095 0.224 0.110 0.157 0.196 0.096 

Locus 6 : btms0066 
24 alleles
0.0% missing data
   1   (0.272) 0.222 0.383 0.350 0.205 0.144 0.314 0.389 0.334 
   2   (0.016) 0.004 0.003 0.003 0.016 0.003 0.003 0.062 0.005 
   3   (0.032) 0.017 0.009 0.018 0.010 0.010 0.120 0.006 0.039 
   4   (0.150) 0.243 0.126 0.172 0.395 0.043 0.113 0.057 0.245 
   5   (0.090) 0.130 0.108 0.038 0.098 0.027 0.192 0.026 0.141 
   6   (0.049) 0.020 0.014 0.194 0.049 0.161 0.045 0.011 0.020 
   7   (0.020) 0.005 0.003 0.051 0.004 0.003 0.004 0.017 0.009 
   8   (0.053) 0.092 0.034 0.016 0.053 0.029 0.029 0.079 0.028 
   9   (0.018) 0.006 0.004 0.007 0.004 0.302 0.011 0.003 0.014 
  10   (0.029) 0.025 0.005 0.006 0.006 0.027 0.007 0.143 0.028 
  11   (0.022) 0.007 0.013 0.008 0.010 0.004 0.006 0.146 0.006 
  12   (0.039) 0.116 0.017 0.007 0.088 0.008 0.024 0.008 0.020 
  13   (0.026) 0.010 0.017 0.025 0.006 0.025 0.015 0.006 0.018 
  14   (0.019) 0.005 0.044 0.004 0.003 0.065 0.005 0.004 0.008 
  15   (0.022) 0.045 0.004 0.004 0.007 0.003 0.021 0.005 0.014 
  16   (0.026) 0.015 0.095 0.023 0.010 0.040 0.014 0.006 0.017 
  17   (0.022) 0.007 0.033 0.006 0.004 0.077 0.017 0.011 0.016 
  18   (0.012) 0.003 0.032 0.002 0.002 0.002 0.003 0.002 0.002 
  19   (0.014) 0.003 0.003 0.003 0.002 0.002 0.038 0.002 0.003 
  20   (0.021) 0.009 0.014 0.026 0.021 0.009 0.006 0.007 0.009 
  21   (0.014) 0.004 0.003 0.025 0.002 0.007 0.004 0.004 0.010 
  22   (0.010) 0.003 0.002 0.007 0.002 0.003 0.002 0.002 0.006 
  23   (0.012) 0.003 0.031 0.002 0.002 0.002 0.003 0.002 0.002 
  24   (0.011) 0.006 0.002 0.002 0.002 0.003 0.003 0.004 0.006 

Locus 7 : btms0083 
31 alleles
3.0% missing data
   1   (0.012) 0.003 0.002 0.002 0.002 0.007 0.003 0.221 0.002 
   2   (0.026) 0.008 0.005 0.005 0.004 0.010 0.030 0.100 0.021 
   3   (0.037) 0.022 0.011 0.072 0.007 0.107 0.013 0.007 0.021 
   4   (0.038) 0.018 0.011 0.035 0.016 0.029 0.019 0.055 0.067 
   5   (0.198) 0.180 0.268 0.356 0.163 0.137 0.234 0.220 0.237 
   6   (0.022) 0.018 0.005 0.017 0.006 0.013 0.006 0.006 0.030 
   7   (0.059) 0.048 0.145 0.021 0.024 0.152 0.076 0.021 0.106 
   8   (0.039) 0.057 0.014 0.009 0.013 0.013 0.137 0.017 0.025 
   9   (0.033) 0.031 0.006 0.047 0.031 0.007 0.042 0.007 0.034 
  10   (0.025) 0.008 0.021 0.120 0.011 0.006 0.017 0.008 0.011 
  11   (0.056) 0.129 0.011 0.017 0.104 0.335 0.035 0.015 0.057 
  12   (0.020) 0.007 0.005 0.006 0.013 0.003 0.005 0.035 0.013 
  13   (0.055) 0.076 0.077 0.022 0.090 0.024 0.082 0.011 0.023 
  14   (0.028) 0.135 0.005 0.007 0.014 0.007 0.012 0.006 0.092 
  15   (0.028) 0.044 0.006 0.022 0.050 0.007 0.013 0.020 0.009 
  16   (0.028) 0.020 0.005 0.064 0.009 0.023 0.007 0.032 0.035 
  17   (0.028) 0.011 0.005 0.008 0.285 0.012 0.017 0.064 0.010 
  18   (0.051) 0.024 0.114 0.038 0.035 0.015 0.040 0.036 0.068 
  19   (0.021) 0.008 0.113 0.004 0.006 0.004 0.006 0.011 0.012 
  20   (0.030) 0.011 0.053 0.007 0.006 0.006 0.100 0.006 0.011 
  21   (0.010) 0.003 0.002 0.002 0.002 0.001 0.002 0.032 0.002 
  22   (0.007) 0.002 0.002 0.001 0.009 0.002 0.002 0.023 0.002 
  23   (0.014) 0.017 0.002 0.003 0.006 0.003 0.010 0.016 0.004 
  24   (0.012) 0.003 0.014 0.002 0.002 0.002 0.003 0.003 0.003 
  25   (0.027) 0.016 0.006 0.086 0.006 0.005 0.032 0.006 0.039 
  26   (0.015) 0.066 0.002 0.004 0.018 0.002 0.004 0.003 0.004 
  27   (0.030) 0.010 0.049 0.007 0.050 0.009 0.028 0.006 0.018 
  28   (0.017) 0.007 0.003 0.006 0.008 0.055 0.005 0.005 0.021 
  29   (0.011) 0.006 0.002 0.003 0.003 0.002 0.002 0.004 0.018 
  30   (0.013) 0.003 0.036 0.003 0.002 0.002 0.010 0.002 0.003 
  31   (0.011) 0.008 0.002 0.002 0.003 0.002 0.006 0.003 0.003 

Locus 8 : b126 
16 alleles
0.0% missing data
   1   (0.042) 0.043 0.012 0.066 0.013 0.007 0.038 0.041 0.012 
   2   (0.051) 0.049 0.008 0.013 0.074 0.011 0.060 0.128 0.027 
   3   (0.312) 0.298 0.384 0.262 0.433 0.632 0.335 0.200 0.397 
   4   (0.030) 0.050 0.007 0.014 0.055 0.005 0.010 0.008 0.031 
   5   (0.075) 0.050 0.051 0.125 0.085 0.024 0.036 0.023 0.159 
   6   (0.060) 0.118 0.157 0.014 0.017 0.013 0.139 0.014 0.068 
   7   (0.112) 0.095 0.143 0.186 0.075 0.187 0.148 0.023 0.084 
   8   (0.031) 0.041 0.074 0.007 0.026 0.005 0.015 0.007 0.011 
   9   (0.012) 0.003 0.002 0.042 0.002 0.001 0.003 0.002 0.002 
  10   (0.041) 0.019 0.052 0.092 0.027 0.022 0.016 0.026 0.027 
  11   (0.089) 0.113 0.022 0.034 0.034 0.067 0.093 0.391 0.110 
  12   (0.031) 0.019 0.030 0.006 0.006 0.005 0.030 0.028 0.027 
  13   (0.065) 0.044 0.047 0.090 0.117 0.010 0.033 0.101 0.030 
  14   (0.023) 0.043 0.005 0.010 0.030 0.004 0.009 0.005 0.008 
  15   (0.012) 0.003 0.002 0.008 0.003 0.002 0.032 0.002 0.003 
  16   (0.016) 0.011 0.003 0.029 0.003 0.005 0.004 0.003 0.005 

Locus 9 : btms0062 
34 alleles
0.0% missing data
   1   (0.031) 0.023 0.009 0.028 0.009 0.033 0.009 0.077 0.056 
   2   (0.046) 0.029 0.013 0.041 0.238 0.024 0.021 0.102 0.035 
   3   (0.075) 0.057 0.055 0.030 0.059 0.055 0.243 0.099 0.108 
   4   (0.100) 0.163 0.212 0.228 0.033 0.161 0.047 0.053 0.105 
   5   (0.052) 0.055 0.013 0.040 0.014 0.071 0.071 0.020 0.173 
   6   (0.027) 0.024 0.005 0.013 0.026 0.011 0.035 0.007 0.020 
   7   (0.014) 0.008 0.002 0.004 0.003 0.002 0.006 0.003 0.014 
   8   (0.025) 0.064 0.005 0.005 0.011 0.004 0.046 0.007 0.017 
   9   (0.042) 0.112 0.021 0.025 0.055 0.044 0.014 0.020 0.036 
  10   (0.059) 0.069 0.065 0.068 0.037 0.012 0.029 0.040 0.071 
  11   (0.067) 0.059 0.039 0.157 0.039 0.272 0.048 0.018 0.064 
  12   (0.042) 0.018 0.028 0.065 0.281 0.018 0.040 0.009 0.019 
  13   (0.048) 0.046 0.018 0.127 0.014 0.017 0.065 0.026 0.019 
  14   (0.042) 0.055 0.276 0.011 0.016 0.008 0.040 0.011 0.039 
  15   (0.011) 0.004 0.003 0.003 0.004 0.002 0.115 0.002 0.004 
  16   (0.015) 0.004 0.007 0.003 0.003 0.078 0.012 0.003 0.008 
  17   (0.018) 0.006 0.003 0.012 0.007 0.003 0.004 0.156 0.006 
  18   (0.018) 0.005 0.003 0.032 0.007 0.006 0.006 0.004 0.004 
  19   (0.043) 0.037 0.096 0.016 0.061 0.007 0.016 0.081 0.029 
  20   (0.009) 0.002 0.001 0.002 0.001 0.001 0.002 0.033 0.002 
  21   (0.033) 0.045 0.006 0.020 0.025 0.006 0.013 0.054 0.026 
  22   (0.015) 0.006 0.003 0.003 0.003 0.003 0.016 0.104 0.006 
  23   (0.012) 0.003 0.002 0.003 0.002 0.002 0.003 0.026 0.005 
  24   (0.019) 0.048 0.008 0.004 0.009 0.003 0.005 0.004 0.019 
  25   (0.012) 0.007 0.002 0.003 0.003 0.002 0.003 0.008 0.014 
  26   (0.026) 0.014 0.030 0.022 0.010 0.075 0.008 0.010 0.064 
  27   (0.019) 0.005 0.006 0.013 0.004 0.053 0.029 0.003 0.010 
  28   (0.013) 0.003 0.002 0.002 0.002 0.002 0.026 0.002 0.003 
  29   (0.010) 0.004 0.002 0.002 0.007 0.014 0.003 0.005 0.008 
  30   (0.009) 0.002 0.030 0.002 0.004 0.001 0.002 0.002 0.002 
  31   (0.013) 0.008 0.002 0.002 0.003 0.002 0.013 0.002 0.009 
  32   (0.011) 0.003 0.002 0.009 0.003 0.005 0.003 0.002 0.003 
  33   (0.011) 0.007 0.002 0.002 0.003 0.002 0.006 0.003 0.003 
  34   (0.012) 0.004 0.027 0.002 0.002 0.002 0.003 0.002 0.003 

Locus 10 : btern02 
25 alleles
4.8% missing data
   1   (0.104) 0.146 0.042 0.077 0.128 0.238 0.154 0.132 0.075 
   2   (0.006) 0.002 0.001 0.001 0.001 0.001 0.002 0.015 0.002 
   3   (0.076) 0.113 0.023 0.141 0.113 0.041 0.087 0.026 0.121 
   4   (0.051) 0.038 0.097 0.160 0.081 0.010 0.027 0.015 0.031 
   5   (0.029) 0.027 0.007 0.026 0.010 0.031 0.013 0.016 0.028 
   6   (0.040) 0.038 0.019 0.021 0.019 0.085 0.020 0.014 0.151 
   7   (0.029) 0.013 0.142 0.030 0.016 0.005 0.024 0.006 0.013 
   8   (0.036) 0.022 0.006 0.011 0.016 0.019 0.036 0.102 0.043 
   9   (0.070) 0.039 0.039 0.105 0.025 0.072 0.193 0.080 0.064 
  10   (0.032) 0.053 0.006 0.012 0.099 0.007 0.010 0.007 0.080 
  11   (0.058) 0.084 0.063 0.021 0.095 0.016 0.124 0.016 0.043 
  12   (0.037) 0.019 0.007 0.012 0.077 0.016 0.020 0.134 0.021 
  13   (0.047) 0.062 0.057 0.072 0.025 0.012 0.022 0.051 0.025 
  14   (0.055) 0.046 0.125 0.036 0.047 0.032 0.027 0.163 0.021 
  15   (0.013) 0.003 0.002 0.002 0.002 0.162 0.003 0.002 0.003 
  16   (0.046) 0.081 0.049 0.013 0.020 0.010 0.026 0.051 0.049 
  17   (0.028) 0.024 0.060 0.017 0.011 0.015 0.008 0.006 0.040 
  18   (0.043) 0.044 0.167 0.019 0.112 0.012 0.024 0.010 0.039 
  19   (0.044) 0.016 0.010 0.069 0.024 0.102 0.068 0.009 0.049 
  20   (0.043) 0.052 0.009 0.083 0.018 0.007 0.031 0.054 0.029 
  21   (0.025) 0.024 0.009 0.006 0.016 0.005 0.012 0.049 0.017 
  22   (0.013) 0.005 0.007 0.003 0.007 0.002 0.004 0.017 0.004 
  23   (0.031) 0.030 0.006 0.032 0.024 0.012 0.046 0.020 0.013 
  24   (0.030) 0.014 0.044 0.014 0.006 0.085 0.017 0.006 0.036 
  25   (0.014) 0.005 0.005 0.014 0.008 0.003 0.004 0.003 0.007 

Locus 11 : btms0086 
3 alleles
0.0% missing data
   1   (0.843) 0.876 0.925 0.749 0.817 0.970 0.911 0.783 0.825 
   2   (0.135) 0.117 0.067 0.247 0.178 0.027 0.051 0.199 0.162 
   3   (0.022) 0.007 0.007 0.004 0.005 0.003 0.038 0.018 0.013 

Locus 12 : bl13 
3 alleles
0.0% missing data
   1   (0.070) 0.032 0.335 0.033 0.032 0.024 0.026 0.217 0.035 
   2   (0.828) 0.862 0.607 0.855 0.918 0.718 0.845 0.763 0.892 
   3   (0.102) 0.106 0.059 0.111 0.049 0.258 0.129 0.020 0.073 

Locus 13 : btms0059 
9 alleles
0.0% missing data
   1   (0.343) 0.343 0.297 0.333 0.190 0.436 0.539 0.356 0.356 
   2   (0.108) 0.247 0.019 0.033 0.247 0.204 0.063 0.118 0.100 
   3   (0.065) 0.033 0.120 0.031 0.033 0.029 0.055 0.123 0.027 
   4   (0.055) 0.036 0.021 0.101 0.027 0.012 0.040 0.047 0.032 
   5   (0.081) 0.095 0.041 0.030 0.063 0.037 0.079 0.035 0.133 
   6   (0.297) 0.200 0.493 0.457 0.397 0.267 0.201 0.309 0.309 
   7   (0.016) 0.025 0.003 0.003 0.034 0.006 0.004 0.003 0.005 
   8   (0.023) 0.014 0.004 0.010 0.005 0.006 0.016 0.006 0.031 
   9   (0.012) 0.007 0.002 0.002 0.003 0.004 0.003 0.003 0.006 

Values of parameters used in structure:
DATAFILE=/Users/johnmola/Desktop/rpbbfeb27/rpbbstructure/project_data,	OUTFILE=/Users/johnmola/Desktop/rpbbfeb27/rpbbstructure/rpbb20k100k/Results/rpbb20k100k_run_79,	NUMINDS=231,	NUMLOCI=13,	MISSING=-9,	LABEL=1,	POPDATA=1,	POPFLAG=0,	PHENOTYPE=0,	EXTRACOLS=0,	MAXPOPS=8,	BURNIN=20000,	NUMREPS=100000,	USEPOPINFO=0,	INFERALPHA=1,	INFERLAMBDA=0,	POPSPECIFICLAMBDA=0,	POPALPHAS=0,	COMPUTEPROB=1,	NOADMIX=0,	ADMBURNIN=2500,	UPDATEFREQ=1,	PRINTLIKES=0,	INTERMEDSAVE=0,	PRINTKLD=0,	PRINTNET=0,	PRINTLAMBDA=0,	ANCESTDIST=0,	NUMBOXES=1000,	ANCESTPINT=0.90000,	GENSBACK=2,	MIGRPRIOR=0.05000,	PRINTQHAT=0,	PRINTQSUM=0,	ALPHA=1.0000,	FREQSCORR=1,	FPRIORMEAN=0.0100,	FPRIORSD=0.0500,	ONEFST=0,	LAMBDA=1.0000,	UNIFPRIORALPHA=1,	ALPHAMAX=10.0000,	ALPHAPRIORA=1.0000,	ALPHAPRIORB=2.0000,	ALPHAPROPSD=0.0250,	STARTATPOPINFO=0,	RANDOMIZE=1,	LINKAGE=0,	METROFREQ=10,	REPORTHITRATE=0,	MARKOVPHASE=-1,	PHASED=0,	PLOIDY=2,	PHASEINFO=0	LOCPRIOR=0, 	LOCPRIORINIT=1.000000, 	LOCDATA=0, 	LOCISPOP=0, 	LOCPRIORSTEP=0.100000, 	MAXLOCPRIOR=20.000000, 	SEED=1677522669,	
[STRAT parameters]:    NUMSIMSTATS=1000,	PHENOTYPECOL=-9,	POOLFREQ=10,	LOCUSxONLY=0,	EMERROR=0.00100,	MISSINGPHENO=-9,	