

----------------------------------------------------
STRUCTURE by Pritchard, Stephens and Donnelly (2000)
     and Falush, Stephens and Pritchard (2003)
       Code by Pritchard, Falush and Hubisz
             Version 2.3.4 (Jul 2012)
----------------------------------------------------



Command line arguments:   bin/structure -m "/Users/johnmola/Desktop/rpbbfeb27/rpbbstructure/rpbb20k100k/mainparams" -e "/Users/johnmola/Desktop/rpbbfeb27/rpbbstructure/rpbb20k100k/extraparams" 
Input File:    /Users/johnmola/Desktop/rpbbfeb27/rpbbstructure/project_data

Run parameters:
   231 individuals
   13 loci
   6 populations assumed
   20000 Burn-in period
   100000 Reps


--------------------------------------------
Proportion of membership of each pre-defined
 population in each of the 6 clusters

Given    Inferred Clusters                            Number of
 Pop       1      2      3      4      5      6      Individuals

  1:     0.821  0.046  0.048  0.016  0.041  0.028       21
  2:     0.021  0.148  0.219  0.018  0.332  0.262        7
  3:     0.103  0.342  0.167  0.048  0.273  0.066        7
  4:     0.065  0.353  0.209  0.062  0.090  0.222        8
  5:     0.121  0.273  0.372  0.037  0.122  0.075        4
  6:     0.045  0.259  0.150  0.118  0.287  0.141       35
  7:     0.090  0.211  0.281  0.052  0.228  0.138       40
  8:     0.067  0.310  0.170  0.116  0.218  0.119       19
  9:     0.266  0.335  0.220  0.038  0.058  0.083        4
 10:     0.038  0.114  0.120  0.300  0.279  0.149       11
 11:     0.149  0.112  0.104  0.017  0.022  0.597        8
 12:     0.050  0.054  0.233  0.368  0.109  0.186       60
 13:     0.069  0.421  0.213  0.034  0.183  0.081        7
--------------------------------------------

Allele-freq. divergence among pops (Net nucleotide distance),
computed using point estimates of P.

      1       2       3       4       5       6      
 1      -    0.0310  0.0217  0.0351  0.0275  0.0295  
 2   0.0310     -    0.0140  0.0315  0.0235  0.0202  
 3   0.0217  0.0140     -    0.0223  0.0178  0.0098  
 4   0.0351  0.0315  0.0223     -    0.0308  0.0283  
 5   0.0275  0.0235  0.0178  0.0308     -    0.0232  
 6   0.0295  0.0202  0.0098  0.0283  0.0232     -    

Average distances (expected heterozygosity) between individuals in same cluster:
cluster  1  : 0.6872 
cluster  2  : 0.6813 
cluster  3  : 0.6848 
cluster  4  : 0.6812 
cluster  5  : 0.6913 
cluster  6  : 0.6700 

--------------------------------------------
Estimated Ln Prob of Data   = -10000.6
Mean value of ln likelihood = -9532.9
Variance of ln likelihood   = 935.4
Mean value of alpha         = 0.0545

Mean value of Fst_1         = 0.0702
Mean value of Fst_2         = 0.0609
Mean value of Fst_3         = 0.0438
Mean value of Fst_4         = 0.0800
Mean value of Fst_5         = 0.0583
Mean value of Fst_6         = 0.0760


Inferred ancestry of individuals:
        Label (%Miss) Pop:  Inferred clusters
  1  BAFF014    (0)    1 :  0.945 0.017 0.011 0.005 0.012 0.010 
  2  BAFF379    (0)    2 :  0.015 0.068 0.478 0.013 0.058 0.368 
  3  BAFF212    (0)    3 :  0.032 0.047 0.228 0.077 0.519 0.097 
  4  BAFF018    (0)    4 :  0.011 0.013 0.322 0.023 0.027 0.606 
  5  BAFF247    (0)    4 :  0.009 0.053 0.767 0.015 0.054 0.101 
  6  BAFF024    (0)    5 :  0.022 0.645 0.047 0.047 0.222 0.017 
  7  BAFF088    (0)    6 :  0.011 0.022 0.058 0.036 0.830 0.044 
  8  BAFF429    (0)    6 :  0.022 0.463 0.186 0.022 0.231 0.076 
  9  BAFF087    (7)    7 :  0.009 0.007 0.008 0.007 0.963 0.007 
 10  BAFF225    (0)    7 :  0.044 0.252 0.179 0.019 0.477 0.029 
 11  BAFF195    (0)    8 :  0.043 0.109 0.075 0.011 0.080 0.683 
 12  BAFF238    (0)    9 :  0.121 0.639 0.108 0.042 0.047 0.043 
 13  BAFF019    (0)   10 :  0.027 0.015 0.022 0.844 0.062 0.030 
 14  BAFF175    (0)   10 :  0.013 0.187 0.299 0.158 0.226 0.117 
 15  BAFF156    (0)   11 :  0.005 0.006 0.007 0.007 0.006 0.970 
 16  BAFF301    (0)   11 :  0.885 0.038 0.020 0.022 0.019 0.015 
 17  BAFF141    (0)   12 :  0.300 0.008 0.506 0.012 0.011 0.162 
 18  BAFF302    (0)   12 :  0.026 0.589 0.232 0.061 0.027 0.065 
 19  BAFF290    (0)    1 :  0.884 0.021 0.046 0.015 0.019 0.015 
 20  BAFF498    (0)    6 :  0.265 0.179 0.209 0.078 0.087 0.183 
 21  BAFF455    (0)    7 :  0.024 0.075 0.055 0.035 0.781 0.030 
 22  BAFF203    (7)    8 :  0.010 0.025 0.056 0.012 0.875 0.022 
 23  BAFF056    (0)   12 :  0.023 0.018 0.048 0.889 0.012 0.011 
 24  BAFF327    (0)   12 :  0.080 0.026 0.353 0.280 0.040 0.222 
 25  BAFF255    (0)    1 :  0.951 0.011 0.013 0.008 0.009 0.008 
 26  BAFF256    (0)    1 :  0.956 0.008 0.008 0.011 0.010 0.006 
 27  BAFF257    (0)    1 :  0.967 0.006 0.007 0.006 0.008 0.006 
 28  BAFF260    (0)    1 :  0.949 0.013 0.008 0.008 0.016 0.006 
 29  BAFF259    (0)    1 :  0.949 0.009 0.008 0.016 0.008 0.010 
 30  BAFF261    (0)    1 :  0.953 0.007 0.012 0.009 0.010 0.009 
 31  BAFF274    (0)    1 :  0.874 0.026 0.039 0.015 0.025 0.021 
 32  BAFF262    (0)    1 :  0.928 0.010 0.015 0.009 0.028 0.010 
 33  BAFF294    (0)    1 :  0.934 0.009 0.008 0.008 0.033 0.007 
 34  BAFF292    (0)    1 :  0.806 0.143 0.017 0.011 0.009 0.014 
 35  BAFF296    (0)    1 :  0.850 0.091 0.022 0.013 0.008 0.016 
 36  BAFF295    (0)    1 :  0.898 0.028 0.028 0.013 0.020 0.013 
 37  BAFF298    (0)    1 :  0.919 0.020 0.018 0.017 0.013 0.013 
 38  BAFF299    (0)    1 :  0.945 0.008 0.006 0.022 0.011 0.008 
 39  BAFF375    (0)   13 :  0.029 0.920 0.016 0.011 0.015 0.009 
 40  BAFF376    (0)   13 :  0.024 0.841 0.030 0.030 0.060 0.014 
 41  BAFF377    (0)   13 :  0.023 0.936 0.013 0.009 0.010 0.009 
 42  BAFF022    (0)    5 :  0.266 0.231 0.365 0.014 0.042 0.082 
 43  BAFF021    (0)    5 :  0.157 0.142 0.495 0.038 0.086 0.082 
 44  BAFF499    (0)    6 :  0.009 0.059 0.044 0.847 0.015 0.026 
 45  BAFF204    (0)    8 :  0.011 0.241 0.526 0.053 0.036 0.134 
 46  BAFF068    (0)   12 :  0.065 0.012 0.027 0.872 0.009 0.016 
 47  BAFF336    (0)   12 :  0.016 0.022 0.062 0.527 0.040 0.333 
 48  BAFF447    (0)    7 :  0.009 0.293 0.498 0.016 0.039 0.145 
 49  BAFF457    (0)    7 :  0.031 0.470 0.363 0.010 0.011 0.115 
 50  BAFF448    (0)    7 :  0.086 0.034 0.253 0.009 0.469 0.150 
 51  BAFF465    (0)    7 :  0.016 0.014 0.038 0.013 0.894 0.025 
 52  BAFF194    (0)    8 :  0.039 0.815 0.056 0.014 0.052 0.024 
 53  BAFF199    (0)    8 :  0.022 0.153 0.361 0.026 0.025 0.413 
 54  BAFF500    (0)    6 :  0.382 0.168 0.156 0.117 0.148 0.028 
 55  BAFF206    (0)    8 :  0.060 0.192 0.398 0.084 0.218 0.049 
 56  BAFF069    (0)   12 :  0.010 0.016 0.016 0.923 0.015 0.021 
 57  BAFF330    (0)   12 :  0.018 0.017 0.054 0.028 0.714 0.169 
 58  BAFF239    (0)   10 :  0.038 0.012 0.113 0.702 0.027 0.108 
 59  BAFF241    (0)   10 :  0.046 0.012 0.044 0.859 0.013 0.027 
 60  BAFF157    (0)   11 :  0.006 0.013 0.010 0.008 0.009 0.954 
 61  BAFF161    (0)   11 :  0.005 0.008 0.007 0.007 0.008 0.965 
 62  BAFF160    (0)   11 :  0.005 0.009 0.008 0.007 0.010 0.961 
 63  BAFF008    (0)   12 :  0.049 0.023 0.155 0.138 0.601 0.035 
 64  BAFF013    (0)   12 :  0.013 0.023 0.041 0.014 0.869 0.039 
 65  BAFF407    (0)   12 :  0.010 0.011 0.015 0.932 0.015 0.018 
 66  BAFF503    (0)    6 :  0.008 0.013 0.019 0.750 0.103 0.107 
 67  BAFF449    (0)    7 :  0.014 0.014 0.246 0.046 0.652 0.028 
 68  BAFF207    (0)    8 :  0.018 0.146 0.053 0.716 0.058 0.008 
 69  BAFF070    (0)   12 :  0.010 0.013 0.017 0.934 0.015 0.011 
 70  BAFF335    (0)   12 :  0.014 0.013 0.505 0.152 0.027 0.288 
 71  BAFF507    (0)    6 :  0.037 0.835 0.060 0.009 0.015 0.044 
 72  BAFF450    (0)    7 :  0.216 0.233 0.152 0.054 0.041 0.305 
 73  BAFF209    (7)    8 :  0.039 0.554 0.099 0.039 0.208 0.060 
 74  BAFF072    (0)   12 :  0.012 0.013 0.290 0.054 0.024 0.607 
 75  BAFF339    (0)   12 :  0.018 0.226 0.146 0.541 0.019 0.050 
 76  BAFF508    (0)    6 :  0.043 0.012 0.112 0.013 0.012 0.808 
 77  BAFF451    (0)    7 :  0.013 0.432 0.423 0.027 0.078 0.027 
 78  BAFF210    (0)    8 :  0.088 0.156 0.088 0.491 0.156 0.021 
 79  BAFF139    (0)   12 :  0.061 0.411 0.370 0.016 0.035 0.108 
 80  BAFF341    (0)   12 :  0.030 0.108 0.455 0.035 0.091 0.281 
 81  BAFF509    (0)    6 :  0.051 0.052 0.040 0.039 0.807 0.011 
 82  BAFF453    (0)    7 :  0.011 0.566 0.078 0.204 0.111 0.029 
 83  BAFF389    (0)    8 :  0.041 0.844 0.014 0.008 0.023 0.070 
 84  BAFF163    (0)   12 :  0.004 0.009 0.006 0.959 0.014 0.007 
 85  BAFF344    (7)   12 :  0.010 0.069 0.226 0.479 0.033 0.183 
 86  BAFF510    (0)    6 :  0.012 0.389 0.108 0.045 0.306 0.139 
 87  BAFF456    (0)    7 :  0.021 0.557 0.332 0.039 0.014 0.037 
 88  BAFF390    (0)    8 :  0.007 0.962 0.008 0.007 0.009 0.007 
 89  BAFF142    (0)   12 :  0.397 0.011 0.371 0.077 0.014 0.130 
 90  BAFF363    (7)   12 :  0.008 0.009 0.013 0.927 0.011 0.032 
 91  BAFF517    (0)    6 :  0.008 0.752 0.163 0.031 0.023 0.023 
 92  BAFF458    (0)    7 :  0.086 0.076 0.338 0.060 0.276 0.164 
 93  BAFF391    (0)    8 :  0.268 0.038 0.283 0.329 0.030 0.053 
 94  BAFF149    (0)   12 :  0.014 0.045 0.529 0.109 0.012 0.290 
 95  BAFF366    (7)   12 :  0.011 0.175 0.529 0.079 0.008 0.199 
 96  BAFF512    (0)    6 :  0.204 0.107 0.296 0.046 0.201 0.146 
 97  BAFF460    (0)    7 :  0.017 0.056 0.724 0.028 0.012 0.162 
 98  BAFF138    (0)   12 :  0.036 0.015 0.488 0.137 0.011 0.312 
 99  BAFF374    (0)   12 :  0.035 0.022 0.017 0.271 0.621 0.034 
100  BAFF015    (0)    1 :  0.943 0.010 0.013 0.014 0.012 0.008 
101  BAFF380    (0)    2 :  0.017 0.034 0.073 0.046 0.298 0.533 
102  BAFF216    (0)    3 :  0.058 0.529 0.132 0.033 0.219 0.029 
103  BAFF017    (0)    4 :  0.015 0.856 0.060 0.021 0.014 0.033 
104  BAFF245    (0)    4 :  0.221 0.253 0.304 0.040 0.129 0.053 
105  BAFF378    (7)   13 :  0.311 0.088 0.382 0.017 0.043 0.159 
106  BAFF023    (0)    5 :  0.038 0.073 0.583 0.050 0.137 0.118 
107  BAFF079    (0)    6 :  0.038 0.593 0.106 0.052 0.158 0.053 
108  BAFF435    (0)    6 :  0.012 0.095 0.522 0.042 0.063 0.265 
109  BAFF174    (7)    7 :  0.009 0.739 0.052 0.065 0.103 0.033 
110  BAFF226    (0)    7 :  0.020 0.371 0.472 0.011 0.014 0.111 
111  BAFF190    (0)    8 :  0.019 0.016 0.110 0.095 0.645 0.114 
112  BAFF243    (0)    9 :  0.047 0.644 0.160 0.009 0.029 0.112 
113  BAFF177    (0)   10 :  0.030 0.111 0.042 0.011 0.780 0.027 
114  BAFF364    (7)   11 :  0.014 0.022 0.100 0.018 0.084 0.762 
115  BAFF305    (0)   12 :  0.036 0.044 0.473 0.154 0.025 0.268 
116  BAFF513    (0)    6 :  0.064 0.074 0.053 0.022 0.754 0.032 
117  BAFF462    (0)    7 :  0.578 0.020 0.077 0.084 0.181 0.060 
118  BAFF143    (0)   12 :  0.009 0.106 0.347 0.198 0.048 0.293 
119  BAFF403    (0)   12 :  0.007 0.009 0.008 0.957 0.009 0.010 
120  BAFF514    (0)    6 :  0.010 0.024 0.039 0.324 0.582 0.021 
121  BAFF463    (0)    7 :  0.007 0.007 0.007 0.005 0.966 0.008 
122  BAFF137    (0)   12 :  0.013 0.016 0.495 0.035 0.324 0.116 
123  BAFF404    (0)   12 :  0.014 0.011 0.012 0.935 0.010 0.019 
124  BAFF515    (0)    6 :  0.023 0.154 0.181 0.039 0.474 0.129 
125  BAFF144    (0)   12 :  0.014 0.023 0.114 0.076 0.264 0.508 
126  BAFF405    (7)   12 :  0.043 0.018 0.273 0.075 0.086 0.504 
127  BAFF518    (0)    6 :  0.016 0.029 0.221 0.674 0.014 0.046 
128  BAFF467    (0)    7 :  0.031 0.302 0.302 0.046 0.238 0.081 
129  BAFF145    (0)   12 :  0.068 0.029 0.150 0.015 0.029 0.710 
130  BAFF406    (0)   12 :  0.009 0.023 0.046 0.304 0.055 0.562 
131  BAFF519    (0)    6 :  0.016 0.598 0.224 0.019 0.088 0.056 
132  BAFF471    (0)    7 :  0.087 0.103 0.407 0.041 0.237 0.125 
133  BAFF136    (0)   12 :  0.006 0.034 0.041 0.852 0.041 0.026 
134  BAFF520    (7)    6 :  0.051 0.283 0.260 0.129 0.176 0.101 
135  BAFF472    (0)    7 :  0.050 0.096 0.223 0.049 0.329 0.253 
136  BAFF165    (0)   12 :  0.072 0.149 0.587 0.118 0.021 0.053 
137  BAFF408    (0)   12 :  0.040 0.020 0.427 0.144 0.018 0.351 
138  BAFF522    (0)    6 :  0.033 0.026 0.032 0.051 0.821 0.037 
139  BAFF475    (0)    7 :  0.010 0.650 0.182 0.045 0.054 0.060 
140  BAFF140    (0)   12 :  0.024 0.089 0.249 0.092 0.312 0.235 
141  BAFF409    (0)   12 :  0.112 0.012 0.017 0.791 0.053 0.014 
142  BAFF523    (0)    6 :  0.019 0.030 0.075 0.010 0.720 0.147 
143  BAFF476    (0)    7 :  0.011 0.549 0.118 0.028 0.014 0.280 
144  BAFF147    (0)   12 :  0.017 0.026 0.345 0.369 0.097 0.147 
145  BAFF410    (0)   12 :  0.020 0.070 0.095 0.781 0.010 0.024 
146  BAFF477    (0)    7 :  0.116 0.187 0.600 0.009 0.019 0.070 
147  BAFF411    (0)   12 :  0.637 0.026 0.100 0.105 0.014 0.117 
148  BAFF486    (7)    7 :  0.010 0.101 0.634 0.007 0.007 0.240 
149  BAFF412    (7)   12 :  0.070 0.027 0.034 0.755 0.094 0.020 
150  BAFF258    (0)    1 :  0.295 0.027 0.097 0.030 0.474 0.077 
151  BAFF392    (0)    2 :  0.006 0.013 0.008 0.007 0.934 0.033 
152  BAFF217    (0)    3 :  0.015 0.795 0.094 0.021 0.015 0.061 
153  BAFF016    (0)    4 :  0.006 0.805 0.032 0.041 0.013 0.104 
154  BAFF246    (0)    4 :  0.011 0.805 0.049 0.023 0.067 0.045 
155  BAFF381    (0)   13 :  0.014 0.098 0.725 0.051 0.030 0.081 
156  BAFF078    (0)    6 :  0.007 0.011 0.192 0.062 0.024 0.705 
157  BAFF481    (0)    6 :  0.038 0.161 0.519 0.078 0.093 0.111 
158  BAFF436    (0)    7 :  0.100 0.167 0.060 0.064 0.545 0.064 
159  BAFF191    (0)    8 :  0.012 0.783 0.044 0.020 0.125 0.016 
160  BAFF382    (0)    9 :  0.010 0.045 0.553 0.087 0.139 0.166 
161  BAFF178    (0)   10 :  0.010 0.122 0.016 0.061 0.780 0.011 
162  BAFF159    (7)   11 :  0.022 0.634 0.236 0.041 0.021 0.045 
163  BAFF365    (7)   11 :  0.249 0.167 0.440 0.022 0.018 0.103 
164  BAFF007    (0)   12 :  0.107 0.120 0.328 0.036 0.051 0.358 
165  BAFF304    (7)   12 :  0.015 0.019 0.445 0.130 0.015 0.376 
166  BAFF487    (0)    7 :  0.037 0.061 0.253 0.039 0.261 0.348 
167  BAFF415    (0)   12 :  0.078 0.033 0.158 0.629 0.045 0.057 
168  BAFF488    (0)    7 :  0.742 0.124 0.076 0.015 0.019 0.026 
169  BAFF417    (0)   12 :  0.020 0.020 0.293 0.479 0.045 0.142 
170  BAFF489    (0)    7 :  0.010 0.051 0.516 0.041 0.077 0.306 
171  BAFF426    (0)   12 :  0.018 0.012 0.017 0.923 0.021 0.009 
172  BAFF490    (7)    7 :  0.025 0.252 0.232 0.014 0.104 0.373 
173  BAFF491    (0)    7 :  0.058 0.053 0.334 0.010 0.325 0.219 
174  BAFF492    (0)    7 :  0.011 0.134 0.553 0.030 0.059 0.213 
175  BAFF493    (0)    7 :  0.612 0.027 0.125 0.037 0.154 0.046 
176  BAFF506    (0)    7 :  0.246 0.043 0.231 0.025 0.271 0.185 
177  BAFF393    (0)    2 :  0.029 0.056 0.218 0.012 0.019 0.666 
178  BAFF218    (0)    3 :  0.068 0.557 0.201 0.025 0.092 0.056 
179  BAFF254    (0)    4 :  0.040 0.013 0.103 0.013 0.020 0.811 
180  BAFF385    (0)   13 :  0.055 0.029 0.247 0.093 0.363 0.213 
181  BAFF076    (0)    6 :  0.011 0.009 0.011 0.012 0.945 0.013 
182  BAFF482    (0)    6 :  0.012 0.056 0.554 0.088 0.140 0.149 
183  BAFF437    (0)    7 :  0.042 0.196 0.660 0.021 0.037 0.044 
184  BAFF192    (0)    8 :  0.024 0.091 0.099 0.015 0.497 0.273 
185  BAFF383    (0)    9 :  0.885 0.011 0.059 0.014 0.018 0.012 
186  BAFF180    (0)   10 :  0.010 0.360 0.029 0.171 0.412 0.019 
187  BAFF048    (7)   12 :  0.088 0.049 0.076 0.017 0.142 0.628 
188  BAFF306    (0)   12 :  0.012 0.099 0.514 0.087 0.076 0.212 
189  BAFF394    (0)    2 :  0.049 0.623 0.092 0.026 0.065 0.143 
190  BAFF219    (0)    3 :  0.011 0.441 0.462 0.018 0.031 0.038 
191  BAFF388    (0)    4 :  0.209 0.023 0.032 0.318 0.396 0.021 
192  BAFF386    (7)   13 :  0.024 0.034 0.075 0.025 0.761 0.081 
193  BAFF084    (0)    6 :  0.011 0.021 0.084 0.007 0.010 0.866 
194  BAFF483    (0)    6 :  0.033 0.112 0.208 0.119 0.501 0.026 
195  BAFF438   (15)    7 :  0.020 0.029 0.342 0.066 0.077 0.465 
196  BAFF193    (0)    8 :  0.535 0.046 0.200 0.024 0.120 0.075 
197  BAFF183    (0)   10 :  0.173 0.319 0.181 0.118 0.046 0.163 
198  BAFF153    (0)   12 :  0.010 0.011 0.513 0.130 0.016 0.321 
199  BAFF307    (0)   12 :  0.014 0.026 0.334 0.040 0.033 0.552 
200  BAFF397    (0)    2 :  0.011 0.239 0.648 0.013 0.006 0.083 
201  BAFF220    (0)    3 :  0.011 0.010 0.012 0.015 0.922 0.030 
202  BAFF095    (0)    6 :  0.048 0.015 0.016 0.014 0.895 0.012 
203  BAFF494    (0)    6 :  0.007 0.040 0.150 0.028 0.654 0.120 
204  BAFF439    (0)    7 :  0.012 0.094 0.309 0.511 0.021 0.053 
205  BAFF182    (0)   10 :  0.028 0.045 0.048 0.168 0.636 0.075 
206  BAFF054    (0)   12 :  0.007 0.007 0.011 0.957 0.009 0.010 
207  BAFF308    (0)   12 :  0.018 0.015 0.613 0.054 0.026 0.273 
208  BAFF266    (0)    1 :  0.261 0.094 0.263 0.072 0.045 0.264 
209  BAFF398    (7)    2 :  0.021 0.006 0.016 0.006 0.944 0.007 
210  BAFF221    (0)    3 :  0.528 0.015 0.042 0.149 0.115 0.151 
211  BAFF090    (0)    6 :  0.037 0.030 0.188 0.271 0.100 0.375 
212  BAFF495    (0)    6 :  0.009 0.930 0.027 0.010 0.011 0.013 
213  BAFF459    (0)    7 :  0.009 0.867 0.063 0.013 0.013 0.035 
214  BAFF197    (0)    8 :  0.017 0.261 0.502 0.138 0.025 0.057 
215  BAFF188    (0)   10 :  0.029 0.036 0.466 0.201 0.025 0.242 
216  BAFF051    (0)   12 :  0.032 0.055 0.201 0.582 0.089 0.042 
217  BAFF309    (0)   12 :  0.016 0.048 0.496 0.019 0.183 0.238 
218  BAFF269    (0)    1 :  0.155 0.376 0.342 0.016 0.053 0.057 
219  BAFF077    (0)    6 :  0.011 0.940 0.018 0.012 0.007 0.012 
220  BAFF496    (0)    6 :  0.015 0.923 0.029 0.010 0.012 0.011 
221  BAFF443    (0)    7 :  0.141 0.081 0.411 0.175 0.090 0.102 
222  BAFF198    (0)    8 :  0.014 0.416 0.150 0.086 0.273 0.061 
223  BAFF053    (0)   12 :  0.025 0.043 0.537 0.128 0.011 0.255 
224  BAFF310    (0)   12 :  0.009 0.023 0.054 0.833 0.010 0.070 
225  BAFF282    (0)    1 :  0.872 0.028 0.022 0.016 0.044 0.018 
226  BAFF497    (0)    6 :  0.012 0.850 0.098 0.015 0.013 0.012 
227  BAFF466    (0)    7 :  0.017 0.066 0.337 0.046 0.071 0.463 
228  BAFF200    (7)    8 :  0.015 0.044 0.099 0.044 0.686 0.113 
229  BAFF240    (0)   10 :  0.013 0.029 0.063 0.012 0.066 0.818 
230  BAFF055    (0)   12 :  0.023 0.012 0.073 0.839 0.029 0.024 
231  BAFF311    (7)   12 :  0.022 0.015 0.020 0.008 0.920 0.016 


Estimated Allele Frequencies in each cluster
First column gives estimated ancestral frequencies


Locus 1 : btern01 
9 alleles
0.0% missing data
   1   (0.142) 0.118 0.184 0.145 0.050 0.149 0.152 
   2   (0.017) 0.028 0.005 0.007 0.004 0.004 0.005 
   3   (0.162) 0.076 0.230 0.221 0.106 0.126 0.162 
   4   (0.213) 0.208 0.206 0.214 0.174 0.192 0.246 
   5   (0.293) 0.416 0.211 0.335 0.336 0.187 0.363 
   6   (0.071) 0.035 0.074 0.040 0.300 0.053 0.026 
   7   (0.052) 0.083 0.015 0.018 0.020 0.230 0.026 
   8   (0.016) 0.029 0.008 0.006 0.002 0.003 0.003 
   9   (0.035) 0.007 0.068 0.015 0.007 0.055 0.017 

Locus 2 : bt28 
5 alleles
0.0% missing data
   1   (0.666) 0.760 0.698 0.693 0.720 0.588 0.691 
   2   (0.150) 0.166 0.150 0.128 0.108 0.183 0.079 
   3   (0.146) 0.053 0.077 0.154 0.164 0.221 0.216 
   4   (0.026) 0.009 0.073 0.022 0.005 0.005 0.012 
   5   (0.011) 0.013 0.002 0.003 0.002 0.002 0.002 

Locus 3 : b96 
8 alleles
0.9% missing data
   1   (0.327) 0.351 0.299 0.394 0.338 0.358 0.252 
   2   (0.486) 0.472 0.617 0.473 0.498 0.522 0.548 
   3   (0.042) 0.012 0.013 0.038 0.040 0.030 0.090 
   4   (0.016) 0.005 0.003 0.005 0.003 0.003 0.047 
   5   (0.050) 0.025 0.031 0.036 0.042 0.041 0.024 
   6   (0.027) 0.075 0.005 0.009 0.006 0.033 0.008 
   7   (0.039) 0.057 0.031 0.042 0.012 0.009 0.030 
   8   (0.013) 0.003 0.002 0.003 0.060 0.003 0.002 

Locus 4 : bt30 
12 alleles
0.9% missing data
   1   (0.114) 0.248 0.050 0.094 0.117 0.171 0.058 
   2   (0.281) 0.291 0.313 0.328 0.269 0.277 0.298 
   3   (0.073) 0.022 0.121 0.131 0.035 0.036 0.103 
   4   (0.184) 0.130 0.198 0.172 0.236 0.213 0.206 
   5   (0.013) 0.003 0.003 0.005 0.003 0.018 0.003 
   6   (0.097) 0.095 0.138 0.064 0.056 0.192 0.045 
   7   (0.033) 0.022 0.017 0.034 0.032 0.011 0.014 
   8   (0.050) 0.040 0.019 0.052 0.061 0.012 0.055 
   9   (0.112) 0.088 0.124 0.098 0.182 0.044 0.209 
  10   (0.013) 0.055 0.002 0.003 0.002 0.002 0.002 
  11   (0.017) 0.004 0.004 0.017 0.004 0.023 0.004 
  12   (0.011) 0.002 0.010 0.003 0.002 0.002 0.002 

Locus 5 : btms0081 
3 alleles
0.9% missing data
   1   (0.499) 0.592 0.477 0.483 0.314 0.613 0.553 
   2   (0.348) 0.226 0.378 0.393 0.455 0.276 0.360 
   3   (0.153) 0.182 0.144 0.124 0.231 0.111 0.087 

Locus 6 : btms0066 
24 alleles
0.0% missing data
   1   (0.268) 0.388 0.179 0.308 0.350 0.330 0.269 
   2   (0.014) 0.058 0.006 0.004 0.003 0.003 0.004 
   3   (0.033) 0.007 0.010 0.075 0.017 0.020 0.050 
   4   (0.151) 0.070 0.338 0.163 0.153 0.214 0.100 
   5   (0.093) 0.045 0.112 0.187 0.115 0.045 0.086 
   6   (0.056) 0.013 0.047 0.033 0.024 0.165 0.069 
   7   (0.018) 0.015 0.003 0.006 0.003 0.040 0.004 
   8   (0.057) 0.072 0.084 0.037 0.032 0.019 0.032 
   9   (0.020) 0.004 0.004 0.013 0.005 0.007 0.170 
  10   (0.028) 0.126 0.012 0.016 0.005 0.007 0.036 
  11   (0.020) 0.127 0.005 0.005 0.011 0.008 0.005 
  12   (0.031) 0.008 0.123 0.036 0.016 0.006 0.010 
  13   (0.027) 0.006 0.006 0.017 0.016 0.020 0.029 
  14   (0.020) 0.004 0.003 0.005 0.035 0.005 0.041 
  15   (0.019) 0.006 0.025 0.028 0.003 0.004 0.009 
  16   (0.029) 0.008 0.007 0.011 0.081 0.029 0.037 
  17   (0.025) 0.017 0.005 0.017 0.057 0.007 0.014 
  18   (0.011) 0.002 0.002 0.002 0.026 0.002 0.002 
  19   (0.015) 0.003 0.003 0.017 0.007 0.006 0.009 
  20   (0.019) 0.006 0.019 0.006 0.010 0.025 0.006 
  21   (0.015) 0.006 0.003 0.005 0.003 0.022 0.009 
  22   (0.011) 0.002 0.002 0.003 0.002 0.009 0.003 
  23   (0.011) 0.002 0.002 0.003 0.026 0.002 0.002 
  24   (0.010) 0.005 0.003 0.004 0.002 0.002 0.004 

Locus 7 : btms0083 
31 alleles
3.0% missing data
   1   (0.016) 0.186 0.003 0.004 0.003 0.004 0.003 
   2   (0.023) 0.094 0.004 0.019 0.005 0.005 0.020 
   3   (0.029) 0.006 0.009 0.014 0.008 0.062 0.067 
   4   (0.040) 0.051 0.012 0.043 0.012 0.037 0.042 
   5   (0.200) 0.223 0.152 0.217 0.255 0.337 0.212 
   6   (0.020) 0.007 0.008 0.012 0.006 0.026 0.016 
   7   (0.061) 0.026 0.043 0.089 0.155 0.023 0.095 
   8   (0.037) 0.021 0.025 0.100 0.021 0.012 0.036 
   9   (0.032) 0.007 0.040 0.035 0.007 0.052 0.014 
  10   (0.027) 0.008 0.008 0.012 0.020 0.102 0.008 
  11   (0.052) 0.016 0.131 0.062 0.010 0.020 0.202 
  12   (0.017) 0.037 0.010 0.006 0.004 0.006 0.004 
  13   (0.050) 0.011 0.097 0.057 0.076 0.021 0.035 
  14   (0.031) 0.008 0.078 0.080 0.006 0.012 0.033 
  15   (0.030) 0.022 0.051 0.013 0.007 0.025 0.012 
  16   (0.025) 0.037 0.008 0.016 0.005 0.068 0.015 
  17   (0.035) 0.070 0.166 0.016 0.007 0.013 0.008 
  18   (0.051) 0.043 0.022 0.039 0.109 0.050 0.032 
  19   (0.019) 0.012 0.004 0.009 0.095 0.004 0.005 
  20   (0.025) 0.005 0.008 0.042 0.062 0.007 0.030 
  21   (0.011) 0.028 0.002 0.002 0.002 0.002 0.002 
  22   (0.012) 0.025 0.003 0.003 0.002 0.002 0.003 
  23   (0.018) 0.019 0.011 0.011 0.003 0.004 0.004 
  24   (0.009) 0.003 0.002 0.002 0.012 0.002 0.002 
  25   (0.034) 0.008 0.008 0.043 0.009 0.071 0.020 
  26   (0.018) 0.003 0.058 0.007 0.003 0.006 0.004 
  27   (0.028) 0.006 0.022 0.020 0.055 0.010 0.018 
  28   (0.016) 0.005 0.005 0.009 0.003 0.007 0.047 
  29   (0.012) 0.006 0.003 0.009 0.002 0.005 0.008 
  30   (0.011) 0.002 0.002 0.005 0.033 0.003 0.003 
  31   (0.012) 0.004 0.006 0.006 0.002 0.003 0.002 

Locus 8 : b126 
16 alleles
0.0% missing data
   1   (0.042) 0.039 0.031 0.026 0.013 0.060 0.012 
   2   (0.046) 0.119 0.069 0.050 0.008 0.015 0.017 
   3   (0.314) 0.233 0.360 0.372 0.399 0.282 0.475 
   4   (0.029) 0.011 0.064 0.022 0.007 0.016 0.012 
   5   (0.075) 0.032 0.054 0.076 0.063 0.135 0.068 
   6   (0.063) 0.020 0.053 0.130 0.154 0.019 0.052 
   7   (0.105) 0.023 0.087 0.091 0.131 0.171 0.186 
   8   (0.030) 0.008 0.039 0.013 0.066 0.008 0.008 
   9   (0.012) 0.002 0.002 0.003 0.002 0.033 0.002 
  10   (0.041) 0.026 0.027 0.015 0.044 0.091 0.013 
  11   (0.092) 0.352 0.065 0.097 0.031 0.039 0.113 
  12   (0.030) 0.033 0.009 0.030 0.027 0.007 0.013 
  13   (0.069) 0.093 0.079 0.046 0.045 0.074 0.018 
  14   (0.020) 0.004 0.050 0.009 0.004 0.010 0.004 
  15   (0.015) 0.003 0.004 0.014 0.003 0.017 0.004 
  16   (0.016) 0.003 0.006 0.007 0.003 0.024 0.003 

Locus 9 : btms0062 
34 alleles
0.0% missing data
   1   (0.032) 0.074 0.010 0.018 0.009 0.044 0.041 
   2   (0.050) 0.096 0.149 0.031 0.015 0.042 0.023 
   3   (0.082) 0.108 0.051 0.159 0.075 0.040 0.132 
   4   (0.099) 0.060 0.081 0.096 0.181 0.202 0.129 
   5   (0.046) 0.027 0.019 0.115 0.015 0.055 0.122 
   6   (0.027) 0.009 0.029 0.024 0.006 0.012 0.029 
   7   (0.011) 0.002 0.003 0.015 0.002 0.004 0.004 
   8   (0.022) 0.007 0.032 0.058 0.005 0.006 0.008 
   9   (0.042) 0.021 0.102 0.022 0.016 0.030 0.056 
  10   (0.051) 0.046 0.050 0.050 0.060 0.068 0.021 
  11   (0.067) 0.026 0.057 0.053 0.049 0.138 0.145 
  12   (0.048) 0.012 0.159 0.025 0.043 0.074 0.016 
  13   (0.048) 0.028 0.029 0.040 0.021 0.112 0.024 
  14   (0.043) 0.014 0.043 0.040 0.234 0.014 0.021 
  15   (0.017) 0.003 0.006 0.053 0.014 0.007 0.029 
  16   (0.016) 0.004 0.003 0.008 0.015 0.003 0.041 
  17   (0.017) 0.134 0.004 0.005 0.003 0.010 0.004 
  18   (0.013) 0.003 0.006 0.004 0.002 0.027 0.003 
  19   (0.043) 0.076 0.050 0.024 0.084 0.019 0.011 
  20   (0.011) 0.028 0.002 0.002 0.002 0.002 0.002 
  21   (0.028) 0.050 0.033 0.025 0.005 0.020 0.013 
  22   (0.018) 0.088 0.004 0.014 0.004 0.003 0.005 
  23   (0.010) 0.024 0.002 0.004 0.002 0.003 0.002 
  24   (0.020) 0.005 0.032 0.021 0.008 0.005 0.007 
  25   (0.011) 0.013 0.004 0.007 0.003 0.003 0.003 
  26   (0.030) 0.018 0.016 0.024 0.059 0.026 0.031 
  27   (0.021) 0.004 0.004 0.019 0.008 0.013 0.037 
  28   (0.012) 0.002 0.002 0.012 0.004 0.002 0.008 
  29   (0.014) 0.005 0.004 0.005 0.003 0.003 0.017 
  30   (0.012) 0.002 0.002 0.002 0.026 0.002 0.002 
  31   (0.012) 0.002 0.003 0.016 0.002 0.002 0.004 
  32   (0.007) 0.002 0.002 0.002 0.001 0.006 0.004 
  33   (0.010) 0.004 0.005 0.005 0.002 0.002 0.002 
  34   (0.009) 0.002 0.002 0.003 0.023 0.002 0.003 

Locus 10 : btern02 
25 alleles
4.8% missing data
   1   (0.105) 0.128 0.178 0.091 0.070 0.087 0.151 
   2   (0.010) 0.014 0.002 0.002 0.002 0.002 0.002 
   3   (0.078) 0.029 0.109 0.127 0.025 0.123 0.088 
   4   (0.051) 0.017 0.052 0.033 0.086 0.141 0.013 
   5   (0.027) 0.015 0.009 0.026 0.006 0.024 0.034 
   6   (0.045) 0.024 0.025 0.054 0.020 0.038 0.134 
   7   (0.028) 0.006 0.010 0.023 0.121 0.029 0.007 
   8   (0.038) 0.090 0.020 0.036 0.008 0.016 0.033 
   9   (0.070) 0.089 0.025 0.107 0.065 0.106 0.079 
  10   (0.033) 0.009 0.073 0.064 0.007 0.016 0.026 
  11   (0.057) 0.022 0.085 0.092 0.079 0.024 0.044 
  12   (0.036) 0.120 0.048 0.021 0.007 0.012 0.020 
  13   (0.048) 0.049 0.049 0.030 0.047 0.067 0.012 
  14   (0.052) 0.141 0.050 0.023 0.116 0.038 0.014 
  15   (0.013) 0.002 0.002 0.003 0.002 0.002 0.079 
  16   (0.047) 0.055 0.048 0.049 0.048 0.018 0.020 
  17   (0.027) 0.007 0.014 0.021 0.051 0.022 0.031 
  18   (0.041) 0.012 0.086 0.027 0.160 0.020 0.016 
  19   (0.039) 0.008 0.015 0.052 0.012 0.078 0.071 
  20   (0.042) 0.055 0.036 0.042 0.009 0.066 0.011 
  21   (0.022) 0.051 0.010 0.021 0.008 0.005 0.009 
  22   (0.013) 0.019 0.004 0.005 0.005 0.003 0.003 
  23   (0.035) 0.028 0.034 0.026 0.007 0.033 0.017 
  24   (0.029) 0.007 0.006 0.018 0.035 0.017 0.082 
  25   (0.015) 0.003 0.007 0.006 0.005 0.013 0.003 

Locus 11 : btms0086 
3 alleles
0.0% missing data
   1   (0.835) 0.787 0.855 0.854 0.919 0.774 0.928 
   2   (0.142) 0.189 0.141 0.123 0.070 0.222 0.061 
   3   (0.023) 0.025 0.004 0.022 0.011 0.004 0.011 

Locus 12 : bl13 
3 alleles
0.0% missing data
   1   (0.071) 0.191 0.024 0.033 0.280 0.039 0.023 
   2   (0.827) 0.788 0.881 0.881 0.659 0.848 0.791 
   3   (0.101) 0.021 0.095 0.086 0.062 0.113 0.186 

Locus 13 : btms0059 
9 alleles
0.0% missing data
   1   (0.344) 0.371 0.259 0.425 0.311 0.342 0.447 
   2   (0.104) 0.124 0.296 0.093 0.020 0.044 0.139 
   3   (0.065) 0.110 0.026 0.041 0.099 0.036 0.045 
   4   (0.055) 0.045 0.028 0.039 0.021 0.090 0.021 
   5   (0.080) 0.037 0.066 0.117 0.053 0.039 0.083 
   6   (0.303) 0.297 0.276 0.252 0.486 0.430 0.240 
   7   (0.015) 0.003 0.036 0.006 0.002 0.003 0.006 
   8   (0.023) 0.008 0.008 0.023 0.004 0.014 0.015 
   9   (0.011) 0.004 0.005 0.004 0.003 0.002 0.004 

Values of parameters used in structure:
DATAFILE=/Users/johnmola/Desktop/rpbbfeb27/rpbbstructure/project_data,	OUTFILE=/Users/johnmola/Desktop/rpbbfeb27/rpbbstructure/rpbb20k100k/Results/rpbb20k100k_run_57,	NUMINDS=231,	NUMLOCI=13,	MISSING=-9,	LABEL=1,	POPDATA=1,	POPFLAG=0,	PHENOTYPE=0,	EXTRACOLS=0,	MAXPOPS=6,	BURNIN=20000,	NUMREPS=100000,	USEPOPINFO=0,	INFERALPHA=1,	INFERLAMBDA=0,	POPSPECIFICLAMBDA=0,	POPALPHAS=0,	COMPUTEPROB=1,	NOADMIX=0,	ADMBURNIN=2500,	UPDATEFREQ=1,	PRINTLIKES=0,	INTERMEDSAVE=0,	PRINTKLD=0,	PRINTNET=0,	PRINTLAMBDA=0,	ANCESTDIST=0,	NUMBOXES=1000,	ANCESTPINT=0.90000,	GENSBACK=2,	MIGRPRIOR=0.05000,	PRINTQHAT=0,	PRINTQSUM=0,	ALPHA=1.0000,	FREQSCORR=1,	FPRIORMEAN=0.0100,	FPRIORSD=0.0500,	ONEFST=0,	LAMBDA=1.0000,	UNIFPRIORALPHA=1,	ALPHAMAX=10.0000,	ALPHAPRIORA=1.0000,	ALPHAPRIORB=2.0000,	ALPHAPROPSD=0.0250,	STARTATPOPINFO=0,	RANDOMIZE=1,	LINKAGE=0,	METROFREQ=10,	REPORTHITRATE=0,	MARKOVPHASE=-1,	PHASED=0,	PLOIDY=2,	PHASEINFO=0	LOCPRIOR=0, 	LOCPRIORINIT=1.000000, 	LOCDATA=0, 	LOCISPOP=0, 	LOCPRIORSTEP=0.100000, 	MAXLOCPRIOR=20.000000, 	SEED=1677520505,	
[STRAT parameters]:    NUMSIMSTATS=1000,	PHENOTYPECOL=-9,	POOLFREQ=10,	LOCUSxONLY=0,	EMERROR=0.00100,	MISSINGPHENO=-9,	