

----------------------------------------------------
STRUCTURE by Pritchard, Stephens and Donnelly (2000)
     and Falush, Stephens and Pritchard (2003)
       Code by Pritchard, Falush and Hubisz
             Version 2.3.4 (Jul 2012)
----------------------------------------------------



Command line arguments:   bin/structure -m "/Users/johnmola/Desktop/rpbbfeb27/rpbbstructure/rpbb20k100k/mainparams" -e "/Users/johnmola/Desktop/rpbbfeb27/rpbbstructure/rpbb20k100k/extraparams" 
Input File:    /Users/johnmola/Desktop/rpbbfeb27/rpbbstructure/project_data

Run parameters:
   231 individuals
   13 loci
   9 populations assumed
   20000 Burn-in period
   100000 Reps


--------------------------------------------
Proportion of membership of each pre-defined
 population in each of the 9 clusters

Given    Inferred Clusters                                                 Number of
 Pop       1      2      3      4      5      6      7      8      9      Individuals

  1:     0.014  0.749  0.013  0.041  0.044  0.031  0.031  0.047  0.030       21
  2:     0.106  0.018  0.013  0.171  0.058  0.168  0.117  0.122  0.227        7
  3:     0.068  0.066  0.026  0.120  0.158  0.130  0.060  0.202  0.170        7
  4:     0.074  0.051  0.054  0.188  0.128  0.123  0.142  0.202  0.037        8
  5:     0.011  0.050  0.021  0.183  0.066  0.120  0.262  0.230  0.056        4
  6:     0.058  0.031  0.088  0.158  0.116  0.216  0.061  0.183  0.087       35
  7:     0.037  0.060  0.030  0.273  0.093  0.132  0.090  0.162  0.122       40
  8:     0.063  0.043  0.072  0.133  0.203  0.155  0.088  0.107  0.135       19
  9:     0.037  0.206  0.029  0.223  0.200  0.026  0.066  0.128  0.086        4
 10:     0.092  0.021  0.206  0.035  0.085  0.240  0.112  0.087  0.122       11
 11:     0.556  0.130  0.012  0.051  0.016  0.020  0.055  0.135  0.025        8
 12:     0.053  0.033  0.297  0.081  0.037  0.093  0.289  0.055  0.061       60
 13:     0.016  0.037  0.022  0.171  0.405  0.096  0.069  0.059  0.125        7
--------------------------------------------

Allele-freq. divergence among pops (Net nucleotide distance),
computed using point estimates of P.

      1       2       3       4       5       6       7       8       9      
 1      -    0.0726  0.0706  0.0508  0.0755  0.0588  0.0539  0.0459  0.0543  
 2   0.0726     -    0.0460  0.0319  0.0575  0.0332  0.0365  0.0332  0.0399  
 3   0.0706  0.0460     -    0.0359  0.0489  0.0363  0.0346  0.0407  0.0386  
 4   0.0508  0.0319  0.0359     -    0.0309  0.0189  0.0219  0.0154  0.0234  
 5   0.0755  0.0575  0.0489  0.0309     -    0.0392  0.0446  0.0345  0.0468  
 6   0.0588  0.0332  0.0363  0.0189  0.0392     -    0.0275  0.0210  0.0200  
 7   0.0539  0.0365  0.0346  0.0219  0.0446  0.0275     -    0.0236  0.0325  
 8   0.0459  0.0332  0.0407  0.0154  0.0345  0.0210  0.0236     -    0.0303  
 9   0.0543  0.0399  0.0386  0.0234  0.0468  0.0200  0.0325  0.0303     -    

Average distances (expected heterozygosity) between individuals in same cluster:
cluster  1  : 0.6167 
cluster  2  : 0.6845 
cluster  3  : 0.6728 
cluster  4  : 0.6754 
cluster  5  : 0.6379 
cluster  6  : 0.6912 
cluster  7  : 0.6686 
cluster  8  : 0.6863 
cluster  9  : 0.6695 

--------------------------------------------
Estimated Ln Prob of Data   = -9910.1
Mean value of ln likelihood = -9214.0
Variance of ln likelihood   = 1392.3
Mean value of alpha         = 0.0510

Mean value of Fst_1         = 0.2204
Mean value of Fst_2         = 0.0925
Mean value of Fst_3         = 0.1025
Mean value of Fst_4         = 0.0653
Mean value of Fst_5         = 0.1316
Mean value of Fst_6         = 0.0748
Mean value of Fst_7         = 0.0687
Mean value of Fst_8         = 0.0710
Mean value of Fst_9         = 0.1330


Inferred ancestry of individuals:
        Label (%Miss) Pop:  Inferred clusters
  1  BAFF014    (0)    1 :  0.008 0.905 0.005 0.011 0.013 0.012 0.011 0.025 0.009 
  2  BAFF379    (0)    2 :  0.050 0.014 0.012 0.264 0.095 0.032 0.319 0.128 0.086 
  3  BAFF212    (0)    3 :  0.014 0.016 0.034 0.232 0.040 0.539 0.023 0.083 0.018 
  4  BAFF018    (0)    4 :  0.106 0.008 0.018 0.470 0.008 0.038 0.305 0.022 0.025 
  5  BAFF247    (0)    4 :  0.013 0.007 0.014 0.439 0.023 0.049 0.348 0.081 0.027 
  6  BAFF024    (0)    5 :  0.012 0.019 0.040 0.033 0.123 0.238 0.025 0.469 0.042 
  7  BAFF088    (0)    6 :  0.034 0.009 0.024 0.050 0.017 0.779 0.025 0.029 0.033 
  8  BAFF429    (0)    6 :  0.037 0.017 0.012 0.067 0.166 0.133 0.135 0.342 0.091 
  9  BAFF087    (7)    7 :  0.005 0.007 0.006 0.008 0.006 0.947 0.005 0.006 0.010 
 10  BAFF225    (0)    7 :  0.009 0.030 0.015 0.235 0.171 0.378 0.018 0.056 0.087 
 11  BAFF195    (0)    8 :  0.450 0.037 0.012 0.079 0.041 0.074 0.096 0.162 0.048 
 12  BAFF238    (0)    9 :  0.018 0.086 0.025 0.072 0.582 0.035 0.026 0.054 0.102 
 13  BAFF019    (0)   10 :  0.021 0.024 0.787 0.017 0.008 0.041 0.018 0.032 0.052 
 14  BAFF175    (0)   10 :  0.029 0.011 0.055 0.074 0.190 0.134 0.271 0.074 0.162 
 15  BAFF156    (0)   11 :  0.956 0.004 0.006 0.006 0.005 0.005 0.007 0.005 0.006 
 16  BAFF301    (0)   11 :  0.010 0.819 0.020 0.020 0.035 0.033 0.015 0.036 0.011 
 17  BAFF141    (0)   12 :  0.007 0.113 0.005 0.235 0.005 0.015 0.531 0.008 0.081 
 18  BAFF302    (0)   12 :  0.014 0.017 0.038 0.090 0.027 0.028 0.026 0.745 0.014 
 19  BAFF290    (0)    1 :  0.006 0.734 0.011 0.039 0.075 0.014 0.080 0.016 0.026 
 20  BAFF498    (0)    6 :  0.058 0.189 0.052 0.318 0.054 0.036 0.025 0.169 0.100 
 21  BAFF455    (0)    7 :  0.015 0.024 0.029 0.027 0.077 0.149 0.035 0.019 0.625 
 22  BAFF203    (7)    8 :  0.010 0.008 0.010 0.044 0.025 0.227 0.037 0.021 0.619 
 23  BAFF056    (0)   12 :  0.005 0.016 0.786 0.108 0.031 0.012 0.013 0.021 0.009 
 24  BAFF327    (0)   12 :  0.031 0.046 0.090 0.017 0.012 0.040 0.709 0.043 0.012 
 25  BAFF255    (0)    1 :  0.005 0.922 0.007 0.017 0.011 0.010 0.010 0.011 0.008 
 26  BAFF256    (0)    1 :  0.004 0.938 0.011 0.007 0.011 0.009 0.007 0.005 0.008 
 27  BAFF257    (0)    1 :  0.004 0.953 0.005 0.006 0.008 0.006 0.006 0.005 0.007 
 28  BAFF260    (0)    1 :  0.004 0.932 0.007 0.008 0.013 0.011 0.007 0.008 0.011 
 29  BAFF259    (0)    1 :  0.008 0.934 0.013 0.007 0.008 0.008 0.008 0.007 0.008 
 30  BAFF261    (0)    1 :  0.007 0.927 0.008 0.015 0.008 0.009 0.010 0.008 0.009 
 31  BAFF274    (0)    1 :  0.011 0.804 0.013 0.054 0.016 0.026 0.019 0.033 0.025 
 32  BAFF262    (0)    1 :  0.008 0.885 0.008 0.008 0.006 0.027 0.020 0.014 0.024 
 33  BAFF294    (0)    1 :  0.006 0.908 0.007 0.008 0.006 0.032 0.008 0.014 0.012 
 34  BAFF292    (0)    1 :  0.014 0.615 0.009 0.012 0.277 0.011 0.021 0.031 0.011 
 35  BAFF296    (0)    1 :  0.014 0.637 0.012 0.019 0.262 0.007 0.013 0.026 0.009 
 36  BAFF295    (0)    1 :  0.008 0.780 0.012 0.021 0.071 0.030 0.036 0.012 0.030 
 37  BAFF298    (0)    1 :  0.008 0.869 0.018 0.027 0.009 0.017 0.014 0.028 0.009 
 38  BAFF299    (0)    1 :  0.013 0.913 0.029 0.005 0.006 0.012 0.006 0.007 0.008 
 39  BAFF375    (0)   13 :  0.005 0.010 0.007 0.010 0.940 0.007 0.007 0.007 0.007 
 40  BAFF376    (0)   13 :  0.008 0.013 0.020 0.022 0.816 0.044 0.015 0.046 0.018 
 41  BAFF377    (0)   13 :  0.006 0.012 0.007 0.009 0.933 0.007 0.007 0.012 0.007 
 42  BAFF022    (0)    5 :  0.016 0.109 0.009 0.052 0.027 0.077 0.391 0.283 0.034 
 43  BAFF021    (0)    5 :  0.007 0.049 0.013 0.028 0.018 0.094 0.598 0.132 0.061 
 44  BAFF499    (0)    6 :  0.013 0.007 0.739 0.031 0.029 0.012 0.032 0.048 0.088 
 45  BAFF204    (0)    8 :  0.010 0.008 0.038 0.672 0.033 0.029 0.062 0.132 0.017 
 46  BAFF068    (0)   12 :  0.009 0.060 0.824 0.025 0.013 0.008 0.026 0.023 0.012 
 47  BAFF336    (0)   12 :  0.118 0.012 0.547 0.100 0.012 0.073 0.051 0.038 0.049 
 48  BAFF447    (0)    7 :  0.018 0.006 0.012 0.636 0.021 0.018 0.018 0.253 0.017 
 49  BAFF457    (0)    7 :  0.039 0.024 0.009 0.495 0.076 0.010 0.028 0.305 0.013 
 50  BAFF448    (0)    7 :  0.028 0.055 0.007 0.477 0.021 0.168 0.038 0.080 0.126 
 51  BAFF465    (0)    7 :  0.011 0.012 0.013 0.066 0.014 0.233 0.020 0.018 0.612 
 52  BAFF194    (0)    8 :  0.018 0.019 0.010 0.041 0.037 0.054 0.022 0.780 0.019 
 53  BAFF199    (0)    8 :  0.038 0.016 0.018 0.365 0.032 0.023 0.171 0.221 0.116 
 54  BAFF500    (0)    6 :  0.007 0.192 0.082 0.252 0.049 0.081 0.010 0.237 0.091 
 55  BAFF206    (0)    8 :  0.012 0.030 0.043 0.033 0.197 0.241 0.387 0.023 0.036 
 56  BAFF069    (0)   12 :  0.018 0.009 0.854 0.017 0.026 0.034 0.015 0.013 0.015 
 57  BAFF330    (0)   12 :  0.085 0.020 0.020 0.057 0.029 0.675 0.040 0.016 0.059 
 58  BAFF239    (0)   10 :  0.078 0.015 0.462 0.014 0.014 0.048 0.123 0.008 0.239 
 59  BAFF241    (0)   10 :  0.059 0.021 0.583 0.010 0.014 0.029 0.026 0.010 0.248 
 60  BAFF157    (0)   11 :  0.957 0.004 0.005 0.005 0.005 0.005 0.006 0.008 0.006 
 61  BAFF161    (0)   11 :  0.962 0.004 0.005 0.005 0.005 0.005 0.004 0.005 0.005 
 62  BAFF160    (0)   11 :  0.957 0.004 0.005 0.005 0.005 0.006 0.006 0.006 0.006 
 63  BAFF008    (0)   12 :  0.014 0.033 0.134 0.180 0.024 0.352 0.038 0.030 0.194 
 64  BAFF013    (0)   12 :  0.011 0.009 0.010 0.016 0.017 0.850 0.043 0.014 0.031 
 65  BAFF407    (0)   12 :  0.014 0.010 0.874 0.017 0.013 0.030 0.019 0.013 0.011 
 66  BAFF503    (0)    6 :  0.022 0.006 0.750 0.023 0.035 0.076 0.013 0.026 0.049 
 67  BAFF449    (0)    7 :  0.007 0.008 0.016 0.013 0.009 0.702 0.187 0.011 0.047 
 68  BAFF207    (0)    8 :  0.004 0.012 0.364 0.030 0.253 0.191 0.023 0.034 0.090 
 69  BAFF070    (0)   12 :  0.008 0.009 0.887 0.013 0.012 0.014 0.028 0.011 0.017 
 70  BAFF335    (0)   12 :  0.012 0.009 0.020 0.014 0.006 0.011 0.903 0.016 0.010 
 71  BAFF507    (0)    6 :  0.012 0.021 0.008 0.015 0.061 0.012 0.014 0.847 0.011 
 72  BAFF450    (0)    7 :  0.085 0.133 0.035 0.172 0.390 0.047 0.037 0.053 0.048 
 73  BAFF209    (7)    8 :  0.081 0.027 0.027 0.025 0.323 0.079 0.082 0.057 0.298 
 74  BAFF072    (0)   12 :  0.135 0.010 0.046 0.062 0.019 0.010 0.478 0.011 0.230 
 75  BAFF339    (0)   12 :  0.011 0.011 0.262 0.139 0.421 0.031 0.073 0.041 0.012 
 76  BAFF508    (0)    6 :  0.451 0.062 0.016 0.323 0.034 0.017 0.035 0.021 0.041 
 77  BAFF451    (0)    7 :  0.011 0.010 0.018 0.256 0.040 0.026 0.121 0.405 0.113 
 78  BAFF210    (0)    8 :  0.007 0.073 0.333 0.116 0.162 0.223 0.014 0.049 0.022 
 79  BAFF139    (0)   12 :  0.042 0.042 0.013 0.310 0.065 0.023 0.135 0.306 0.065 
 80  BAFF341    (0)   12 :  0.043 0.014 0.016 0.282 0.164 0.024 0.097 0.030 0.328 
 81  BAFF509    (0)    6 :  0.007 0.061 0.033 0.017 0.043 0.667 0.046 0.045 0.081 
 82  BAFF453    (0)    7 :  0.010 0.008 0.058 0.038 0.724 0.053 0.046 0.021 0.041 
 83  BAFF389    (0)    8 :  0.305 0.019 0.005 0.007 0.597 0.018 0.014 0.018 0.016 
 84  BAFF163    (0)   12 :  0.016 0.003 0.923 0.005 0.023 0.009 0.006 0.005 0.010 
 85  BAFF344    (7)   12 :  0.030 0.009 0.218 0.037 0.062 0.034 0.531 0.032 0.047 
 86  BAFF510    (0)    6 :  0.051 0.010 0.024 0.051 0.022 0.213 0.048 0.561 0.018 
 87  BAFF456    (0)    7 :  0.010 0.016 0.032 0.277 0.069 0.017 0.059 0.505 0.015 
 88  BAFF390    (0)    8 :  0.013 0.006 0.005 0.005 0.922 0.018 0.006 0.019 0.006 
 89  BAFF142    (0)   12 :  0.012 0.242 0.051 0.140 0.009 0.011 0.374 0.010 0.151 
 90  BAFF363    (7)   12 :  0.028 0.006 0.900 0.008 0.007 0.012 0.019 0.009 0.010 
 91  BAFF517    (0)    6 :  0.023 0.008 0.030 0.115 0.251 0.020 0.127 0.411 0.014 
 92  BAFF458    (0)    7 :  0.016 0.039 0.026 0.339 0.019 0.313 0.033 0.182 0.033 
 93  BAFF391    (0)    8 :  0.010 0.182 0.269 0.193 0.041 0.025 0.122 0.107 0.050 
 94  BAFF149    (0)   12 :  0.024 0.010 0.020 0.031 0.095 0.014 0.758 0.013 0.035 
 95  BAFF366    (7)   12 :  0.026 0.009 0.015 0.067 0.045 0.010 0.732 0.080 0.015 
 96  BAFF512    (0)    6 :  0.017 0.109 0.037 0.543 0.053 0.048 0.017 0.134 0.043 
 97  BAFF460    (0)    7 :  0.015 0.014 0.013 0.267 0.024 0.010 0.580 0.057 0.019 
 98  BAFF138    (0)   12 :  0.015 0.015 0.014 0.019 0.010 0.010 0.871 0.015 0.031 
 99  BAFF374    (0)   12 :  0.037 0.028 0.171 0.010 0.018 0.689 0.019 0.014 0.015 
100  BAFF015    (0)    1 :  0.007 0.910 0.011 0.009 0.009 0.012 0.011 0.016 0.015 
101  BAFF380    (0)    2 :  0.231 0.011 0.031 0.035 0.018 0.485 0.032 0.140 0.019 
102  BAFF216    (0)    3 :  0.011 0.034 0.023 0.107 0.071 0.065 0.019 0.604 0.064 
103  BAFF017    (0)    4 :  0.008 0.015 0.018 0.024 0.352 0.023 0.005 0.549 0.006 
104  BAFF245    (0)    4 :  0.010 0.143 0.034 0.089 0.097 0.123 0.297 0.110 0.097 
105  BAFF378    (7)   13 :  0.015 0.176 0.011 0.515 0.026 0.018 0.017 0.182 0.039 
106  BAFF023    (0)    5 :  0.009 0.021 0.024 0.617 0.097 0.072 0.033 0.038 0.089 
107  BAFF079    (0)    6 :  0.030 0.042 0.040 0.038 0.114 0.208 0.099 0.391 0.039 
108  BAFF435    (0)    6 :  0.018 0.008 0.019 0.796 0.034 0.033 0.024 0.036 0.032 
109  BAFF174    (7)    7 :  0.013 0.007 0.020 0.016 0.828 0.052 0.016 0.025 0.023 
110  BAFF226    (0)    7 :  0.015 0.012 0.007 0.572 0.034 0.016 0.058 0.277 0.009 
111  BAFF190    (0)    8 :  0.016 0.015 0.047 0.048 0.014 0.126 0.064 0.021 0.648 
112  BAFF243    (0)    9 :  0.083 0.058 0.007 0.133 0.168 0.026 0.082 0.424 0.020 
113  BAFF177    (0)   10 :  0.025 0.024 0.008 0.017 0.090 0.715 0.048 0.036 0.037 
114  BAFF364    (7)   11 :  0.568 0.011 0.024 0.175 0.027 0.056 0.018 0.040 0.081 
115  BAFF305    (0)   12 :  0.013 0.020 0.017 0.013 0.024 0.015 0.862 0.021 0.014 
116  BAFF513    (0)    6 :  0.012 0.053 0.019 0.046 0.059 0.560 0.019 0.121 0.111 
117  BAFF462    (0)    7 :  0.017 0.362 0.054 0.083 0.012 0.093 0.010 0.041 0.326 
118  BAFF143    (0)   12 :  0.056 0.007 0.060 0.098 0.047 0.054 0.589 0.054 0.035 
119  BAFF403    (0)   12 :  0.010 0.006 0.935 0.008 0.008 0.010 0.008 0.008 0.007 
120  BAFF514    (0)    6 :  0.010 0.007 0.136 0.030 0.025 0.656 0.018 0.031 0.088 
121  BAFF463    (0)    7 :  0.008 0.005 0.004 0.007 0.005 0.207 0.006 0.005 0.754 
122  BAFF137    (0)   12 :  0.008 0.010 0.008 0.016 0.010 0.183 0.661 0.015 0.089 
123  BAFF404    (0)   12 :  0.022 0.012 0.908 0.011 0.008 0.009 0.009 0.011 0.010 
124  BAFF515    (0)    6 :  0.043 0.022 0.036 0.229 0.034 0.227 0.122 0.226 0.061 
125  BAFF144    (0)   12 :  0.232 0.010 0.083 0.109 0.019 0.351 0.074 0.055 0.067 
126  BAFF405    (7)   12 :  0.160 0.028 0.020 0.049 0.008 0.106 0.575 0.033 0.020 
127  BAFF518    (0)    6 :  0.015 0.010 0.414 0.115 0.046 0.032 0.259 0.040 0.068 
128  BAFF467    (0)    7 :  0.012 0.014 0.033 0.288 0.055 0.133 0.023 0.374 0.067 
129  BAFF145    (0)   12 :  0.405 0.083 0.012 0.123 0.022 0.058 0.216 0.051 0.030 
130  BAFF406    (0)   12 :  0.382 0.008 0.301 0.039 0.018 0.137 0.054 0.034 0.026 
131  BAFF519    (0)    6 :  0.013 0.010 0.010 0.126 0.630 0.047 0.056 0.041 0.067 
132  BAFF471    (0)    7 :  0.017 0.064 0.021 0.105 0.034 0.053 0.280 0.181 0.246 
133  BAFF136    (0)   12 :  0.007 0.005 0.714 0.008 0.056 0.053 0.124 0.010 0.023 
134  BAFF520    (7)    6 :  0.014 0.023 0.054 0.342 0.079 0.183 0.037 0.203 0.065 
135  BAFF472    (0)    7 :  0.084 0.026 0.019 0.178 0.084 0.108 0.048 0.051 0.401 
136  BAFF165    (0)   12 :  0.008 0.049 0.044 0.061 0.021 0.015 0.608 0.107 0.087 
137  BAFF408    (0)   12 :  0.046 0.029 0.083 0.056 0.020 0.025 0.619 0.022 0.101 
138  BAFF522    (0)    6 :  0.019 0.027 0.047 0.025 0.028 0.509 0.062 0.049 0.236 
139  BAFF475    (0)    7 :  0.017 0.008 0.037 0.179 0.124 0.110 0.053 0.423 0.050 
140  BAFF140    (0)   12 :  0.059 0.015 0.032 0.019 0.031 0.292 0.432 0.081 0.039 
141  BAFF409    (0)   12 :  0.011 0.086 0.768 0.013 0.018 0.034 0.016 0.014 0.042 
142  BAFF523    (0)    6 :  0.044 0.012 0.008 0.124 0.029 0.217 0.013 0.116 0.437 
143  BAFF476    (0)    7 :  0.263 0.008 0.032 0.178 0.065 0.011 0.048 0.378 0.018 
144  BAFF147    (0)   12 :  0.010 0.014 0.148 0.015 0.012 0.161 0.551 0.032 0.056 
145  BAFF410    (0)   12 :  0.009 0.014 0.509 0.016 0.024 0.015 0.207 0.192 0.015 
146  BAFF477    (0)    7 :  0.011 0.068 0.007 0.412 0.026 0.017 0.136 0.308 0.015 
147  BAFF411    (0)   12 :  0.074 0.409 0.075 0.094 0.224 0.016 0.077 0.019 0.012 
148  BAFF486    (7)    7 :  0.006 0.007 0.006 0.922 0.019 0.005 0.008 0.019 0.007 
149  BAFF412    (7)   12 :  0.019 0.040 0.654 0.025 0.025 0.130 0.019 0.034 0.053 
150  BAFF258    (0)    1 :  0.041 0.180 0.029 0.114 0.015 0.174 0.018 0.090 0.337 
151  BAFF392    (0)    2 :  0.014 0.004 0.005 0.008 0.025 0.205 0.006 0.007 0.725 
152  BAFF217    (0)    3 :  0.031 0.013 0.019 0.108 0.669 0.016 0.049 0.062 0.033 
153  BAFF016    (0)    4 :  0.072 0.005 0.033 0.018 0.117 0.095 0.064 0.591 0.006 
154  BAFF246    (0)    4 :  0.034 0.009 0.017 0.057 0.400 0.230 0.018 0.207 0.029 
155  BAFF381    (0)   13 :  0.012 0.010 0.040 0.374 0.059 0.027 0.350 0.082 0.046 
156  BAFF078    (0)    6 :  0.197 0.006 0.065 0.058 0.026 0.013 0.398 0.008 0.230 
157  BAFF481    (0)    6 :  0.012 0.027 0.036 0.391 0.163 0.073 0.164 0.071 0.063 
158  BAFF436    (0)    7 :  0.044 0.061 0.042 0.034 0.049 0.381 0.041 0.266 0.082 
159  BAFF191    (0)    8 :  0.010 0.009 0.017 0.028 0.554 0.276 0.020 0.059 0.027 
160  BAFF382    (0)    9 :  0.040 0.006 0.072 0.665 0.040 0.030 0.043 0.021 0.082 
161  BAFF178    (0)   10 :  0.006 0.007 0.035 0.011 0.096 0.788 0.013 0.030 0.014 
162  BAFF159    (7)   11 :  0.011 0.008 0.013 0.055 0.007 0.015 0.016 0.869 0.006 
163  BAFF365    (7)   11 :  0.031 0.187 0.018 0.140 0.038 0.032 0.371 0.107 0.076 
164  BAFF007    (0)   12 :  0.077 0.062 0.024 0.255 0.065 0.044 0.194 0.206 0.074 
165  BAFF304    (7)   12 :  0.057 0.010 0.066 0.136 0.014 0.018 0.517 0.031 0.151 
166  BAFF487    (0)    7 :  0.057 0.019 0.029 0.501 0.062 0.070 0.013 0.117 0.132 
167  BAFF415    (0)   12 :  0.019 0.057 0.568 0.049 0.012 0.022 0.174 0.053 0.046 
168  BAFF488    (0)    7 :  0.013 0.608 0.013 0.052 0.053 0.031 0.052 0.164 0.013 
169  BAFF417    (0)   12 :  0.015 0.013 0.334 0.066 0.026 0.113 0.384 0.023 0.026 
170  BAFF489    (0)    7 :  0.052 0.007 0.034 0.355 0.021 0.036 0.251 0.113 0.133 
171  BAFF426    (0)   12 :  0.007 0.016 0.852 0.013 0.014 0.018 0.016 0.012 0.052 
172  BAFF490    (7)    7 :  0.118 0.021 0.010 0.413 0.024 0.098 0.016 0.276 0.024 
173  BAFF491    (0)    7 :  0.047 0.036 0.008 0.594 0.033 0.205 0.027 0.028 0.021 
174  BAFF492    (0)    7 :  0.008 0.007 0.015 0.826 0.042 0.024 0.015 0.024 0.039 
175  BAFF493    (0)    7 :  0.014 0.447 0.032 0.117 0.025 0.067 0.026 0.040 0.233 
176  BAFF506    (0)    7 :  0.021 0.085 0.013 0.376 0.036 0.272 0.011 0.133 0.053 
177  BAFF393    (0)    2 :  0.327 0.025 0.011 0.361 0.025 0.027 0.117 0.092 0.015 
178  BAFF218    (0)    3 :  0.020 0.047 0.026 0.225 0.258 0.038 0.081 0.154 0.151 
179  BAFF254    (0)    4 :  0.339 0.038 0.011 0.373 0.011 0.055 0.092 0.017 0.064 
180  BAFF385    (0)   13 :  0.031 0.020 0.050 0.193 0.039 0.185 0.041 0.033 0.407 
181  BAFF076    (0)    6 :  0.011 0.010 0.011 0.009 0.009 0.918 0.007 0.008 0.016 
182  BAFF482    (0)    6 :  0.014 0.009 0.070 0.515 0.012 0.079 0.098 0.176 0.029 
183  BAFF437    (0)    7 :  0.005 0.021 0.010 0.121 0.013 0.018 0.599 0.160 0.054 
184  BAFF192    (0)    8 :  0.140 0.016 0.012 0.055 0.088 0.440 0.065 0.043 0.141 
185  BAFF383    (0)    9 :  0.007 0.673 0.012 0.020 0.011 0.012 0.113 0.011 0.142 
186  BAFF180    (0)   10 :  0.009 0.008 0.075 0.035 0.417 0.339 0.011 0.066 0.040 
187  BAFF048    (7)   12 :  0.437 0.062 0.015 0.028 0.010 0.156 0.026 0.235 0.030 
188  BAFF306    (0)   12 :  0.016 0.010 0.029 0.075 0.083 0.034 0.660 0.035 0.058 
189  BAFF394    (0)    2 :  0.101 0.055 0.019 0.058 0.191 0.157 0.141 0.219 0.058 
190  BAFF219    (0)    3 :  0.012 0.008 0.012 0.155 0.052 0.033 0.198 0.486 0.044 
191  BAFF388    (0)    4 :  0.010 0.179 0.291 0.037 0.019 0.375 0.010 0.036 0.044 
192  BAFF386    (7)   13 :  0.033 0.016 0.018 0.076 0.022 0.387 0.049 0.047 0.352 
193  BAFF084    (0)    6 :  0.561 0.011 0.009 0.309 0.017 0.018 0.018 0.042 0.014 
194  BAFF483    (0)    6 :  0.008 0.026 0.068 0.050 0.072 0.633 0.065 0.049 0.028 
195  BAFF438   (15)    7 :  0.098 0.017 0.043 0.303 0.027 0.041 0.281 0.024 0.167 
196  BAFF193    (0)    8 :  0.016 0.313 0.018 0.409 0.050 0.083 0.020 0.043 0.049 
197  BAFF183    (0)   10 :  0.037 0.068 0.058 0.059 0.031 0.052 0.034 0.565 0.097 
198  BAFF153    (0)   12 :  0.015 0.007 0.012 0.010 0.007 0.013 0.906 0.012 0.017 
199  BAFF307    (0)   12 :  0.118 0.012 0.023 0.230 0.030 0.036 0.498 0.023 0.030 
200  BAFF397    (0)    2 :  0.013 0.007 0.010 0.453 0.046 0.005 0.195 0.264 0.007 
201  BAFF220    (0)    3 :  0.026 0.008 0.008 0.010 0.006 0.192 0.007 0.011 0.733 
202  BAFF095    (0)    6 :  0.007 0.045 0.013 0.012 0.021 0.821 0.015 0.015 0.051 
203  BAFF494    (0)    6 :  0.028 0.006 0.032 0.337 0.030 0.156 0.014 0.072 0.325 
204  BAFF439    (0)    7 :  0.010 0.009 0.272 0.154 0.255 0.055 0.151 0.027 0.067 
205  BAFF182    (0)   10 :  0.080 0.027 0.144 0.022 0.028 0.434 0.050 0.058 0.156 
206  BAFF054    (0)   12 :  0.008 0.006 0.930 0.009 0.007 0.015 0.011 0.007 0.007 
207  BAFF308    (0)   12 :  0.014 0.013 0.014 0.068 0.010 0.014 0.751 0.028 0.088 
208  BAFF266    (0)    1 :  0.090 0.135 0.044 0.323 0.014 0.047 0.026 0.303 0.018 
209  BAFF398    (7)    2 :  0.005 0.010 0.005 0.020 0.005 0.266 0.005 0.006 0.677 
210  BAFF221    (0)    3 :  0.364 0.337 0.059 0.007 0.009 0.026 0.040 0.011 0.148 
211  BAFF090    (0)    6 :  0.165 0.017 0.163 0.069 0.024 0.052 0.074 0.049 0.388 
212  BAFF495    (0)    6 :  0.008 0.008 0.012 0.037 0.787 0.025 0.013 0.101 0.009 
213  BAFF459    (0)    7 :  0.092 0.007 0.011 0.074 0.073 0.017 0.032 0.678 0.014 
214  BAFF197    (0)    8 :  0.013 0.014 0.078 0.130 0.163 0.027 0.404 0.138 0.034 
215  BAFF188    (0)   10 :  0.077 0.015 0.051 0.036 0.026 0.031 0.599 0.042 0.123 
216  BAFF051    (0)   12 :  0.012 0.022 0.362 0.264 0.035 0.071 0.039 0.162 0.033 
217  BAFF309    (0)   12 :  0.013 0.009 0.012 0.784 0.019 0.027 0.028 0.027 0.081 
218  BAFF269    (0)    1 :  0.008 0.100 0.010 0.128 0.071 0.105 0.291 0.250 0.037 
219  BAFF077    (0)    6 :  0.062 0.007 0.009 0.008 0.022 0.005 0.008 0.874 0.005 
220  BAFF496    (0)    6 :  0.005 0.010 0.008 0.024 0.919 0.007 0.007 0.015 0.006 
221  BAFF443    (0)    7 :  0.014 0.061 0.112 0.374 0.022 0.072 0.096 0.210 0.041 
222  BAFF198    (0)    8 :  0.019 0.008 0.033 0.101 0.269 0.188 0.023 0.087 0.272 
223  BAFF053    (0)   12 :  0.012 0.017 0.032 0.033 0.050 0.009 0.725 0.015 0.107 
224  BAFF310    (0)   12 :  0.020 0.008 0.726 0.053 0.033 0.011 0.057 0.079 0.012 
225  BAFF282    (0)    1 :  0.011 0.756 0.014 0.015 0.017 0.066 0.027 0.076 0.018 
226  BAFF497    (0)    6 :  0.010 0.009 0.012 0.053 0.064 0.011 0.019 0.802 0.019 
227  BAFF466    (0)    7 :  0.151 0.013 0.032 0.393 0.023 0.029 0.081 0.179 0.098 
228  BAFF200    (7)    8 :  0.031 0.011 0.033 0.151 0.047 0.613 0.032 0.024 0.059 
229  BAFF240    (0)   10 :  0.588 0.014 0.011 0.088 0.017 0.034 0.041 0.034 0.173 
230  BAFF055    (0)   12 :  0.009 0.017 0.733 0.021 0.009 0.053 0.118 0.016 0.023 
231  BAFF311    (7)   12 :  0.016 0.029 0.007 0.008 0.022 0.245 0.022 0.014 0.638 


Estimated Allele Frequencies in each cluster
First column gives estimated ancestral frequencies


Locus 1 : btern01 
9 alleles
0.0% missing data
   1   (0.139) 0.105 0.119 0.031 0.143 0.183 0.189 0.175 0.172 0.051 
   2   (0.017) 0.003 0.026 0.004 0.010 0.003 0.005 0.004 0.012 0.004 
   3   (0.166) 0.161 0.067 0.093 0.218 0.194 0.095 0.208 0.241 0.156 
   4   (0.208) 0.259 0.199 0.159 0.229 0.339 0.211 0.195 0.121 0.170 
   5   (0.289) 0.387 0.440 0.348 0.330 0.094 0.195 0.341 0.325 0.243 
   6   (0.073) 0.022 0.032 0.338 0.027 0.071 0.079 0.046 0.066 0.056 
   7   (0.052) 0.048 0.081 0.019 0.016 0.014 0.152 0.015 0.016 0.302 
   8   (0.016) 0.002 0.028 0.002 0.004 0.016 0.004 0.006 0.007 0.003 
   9   (0.039) 0.013 0.007 0.007 0.023 0.087 0.070 0.010 0.039 0.016 

Locus 2 : bt28 
5 alleles
0.0% missing data
   1   (0.671) 0.657 0.772 0.716 0.699 0.745 0.625 0.758 0.643 0.548 
   2   (0.152) 0.052 0.168 0.101 0.102 0.167 0.230 0.132 0.141 0.090 
   3   (0.142) 0.278 0.039 0.178 0.176 0.080 0.136 0.099 0.092 0.356 
   4   (0.024) 0.011 0.006 0.004 0.021 0.006 0.006 0.009 0.120 0.004 
   5   (0.011) 0.002 0.014 0.002 0.002 0.002 0.003 0.003 0.004 0.002 

Locus 3 : b96 
8 alleles
0.9% missing data
   1   (0.329) 0.195 0.359 0.307 0.295 0.241 0.423 0.452 0.334 0.301 
   2   (0.481) 0.578 0.436 0.526 0.593 0.712 0.474 0.335 0.545 0.592 
   3   (0.045) 0.076 0.011 0.044 0.053 0.011 0.026 0.065 0.023 0.017 
   4   (0.015) 0.111 0.004 0.003 0.006 0.002 0.003 0.003 0.006 0.003 
   5   (0.052) 0.011 0.027 0.033 0.028 0.013 0.035 0.057 0.050 0.035 
   6   (0.027) 0.006 0.093 0.005 0.006 0.005 0.022 0.014 0.007 0.035 
   7   (0.038) 0.021 0.068 0.007 0.016 0.014 0.011 0.071 0.031 0.015 
   8   (0.014) 0.002 0.003 0.077 0.003 0.002 0.005 0.003 0.003 0.003 

Locus 4 : bt30 
12 alleles
0.9% missing data
   1   (0.115) 0.034 0.265 0.118 0.106 0.029 0.149 0.065 0.092 0.192 
   2   (0.285) 0.169 0.287 0.286 0.402 0.379 0.287 0.286 0.246 0.261 
   3   (0.068) 0.065 0.016 0.022 0.223 0.111 0.029 0.035 0.127 0.027 
   4   (0.192) 0.140 0.111 0.241 0.107 0.134 0.216 0.231 0.282 0.253 
   5   (0.013) 0.002 0.003 0.003 0.005 0.003 0.023 0.003 0.004 0.003 
   6   (0.102) 0.029 0.107 0.045 0.046 0.109 0.185 0.064 0.136 0.183 
   7   (0.032) 0.015 0.022 0.024 0.018 0.018 0.011 0.037 0.014 0.031 
   8   (0.052) 0.080 0.044 0.065 0.034 0.011 0.013 0.079 0.024 0.012 
   9   (0.101) 0.460 0.070 0.188 0.048 0.187 0.049 0.173 0.064 0.028 
  10   (0.012) 0.001 0.068 0.002 0.002 0.002 0.002 0.002 0.003 0.002 
  11   (0.017) 0.002 0.003 0.003 0.004 0.005 0.034 0.021 0.004 0.005 
  12   (0.011) 0.002 0.002 0.002 0.004 0.014 0.002 0.003 0.004 0.002 

Locus 5 : btms0081 
3 alleles
0.9% missing data
   1   (0.501) 0.718 0.592 0.304 0.570 0.289 0.593 0.389 0.601 0.575 
   2   (0.351) 0.236 0.214 0.482 0.349 0.481 0.266 0.459 0.309 0.304 
   3   (0.148) 0.046 0.194 0.214 0.081 0.230 0.141 0.152 0.090 0.120 

Locus 6 : btms0066 
24 alleles
0.0% missing data
   1   (0.256) 0.131 0.381 0.377 0.335 0.215 0.274 0.315 0.177 0.422 
   2   (0.015) 0.003 0.064 0.003 0.004 0.018 0.003 0.003 0.004 0.003 
   3   (0.030) 0.009 0.005 0.008 0.034 0.013 0.014 0.129 0.013 0.029 
   4   (0.153) 0.036 0.055 0.120 0.209 0.398 0.245 0.098 0.302 0.102 
   5   (0.096) 0.027 0.028 0.095 0.155 0.104 0.061 0.198 0.105 0.083 
   6   (0.061) 0.157 0.013 0.020 0.026 0.043 0.134 0.040 0.026 0.171 
   7   (0.020) 0.003 0.017 0.003 0.010 0.003 0.053 0.004 0.005 0.004 
   8   (0.058) 0.029 0.079 0.036 0.033 0.042 0.024 0.032 0.108 0.019 
   9   (0.021) 0.339 0.004 0.006 0.013 0.004 0.010 0.020 0.006 0.020 
  10   (0.027) 0.034 0.147 0.005 0.036 0.006 0.007 0.006 0.016 0.008 
  11   (0.023) 0.005 0.146 0.014 0.006 0.013 0.009 0.006 0.008 0.006 
  12   (0.036) 0.010 0.007 0.015 0.026 0.087 0.008 0.026 0.134 0.010 
  13   (0.024) 0.018 0.005 0.016 0.024 0.005 0.011 0.016 0.007 0.032 
  14   (0.018) 0.082 0.003 0.046 0.005 0.003 0.007 0.005 0.005 0.004 
  15   (0.019) 0.003 0.005 0.003 0.033 0.006 0.006 0.020 0.026 0.004 
  16   (0.028) 0.043 0.006 0.102 0.007 0.008 0.041 0.011 0.016 0.010 
  17   (0.022) 0.046 0.010 0.048 0.012 0.004 0.007 0.016 0.006 0.036 
  18   (0.012) 0.002 0.002 0.034 0.002 0.002 0.002 0.002 0.003 0.002 
  19   (0.013) 0.002 0.002 0.003 0.003 0.002 0.005 0.036 0.003 0.004 
  20   (0.019) 0.006 0.005 0.009 0.007 0.013 0.041 0.006 0.011 0.005 
  21   (0.016) 0.007 0.005 0.004 0.006 0.003 0.027 0.004 0.005 0.010 
  22   (0.010) 0.002 0.002 0.002 0.004 0.002 0.005 0.002 0.004 0.010 
  23   (0.013) 0.002 0.002 0.032 0.003 0.002 0.003 0.003 0.003 0.002 
  24   (0.010) 0.003 0.004 0.002 0.006 0.002 0.002 0.002 0.007 0.002 

Locus 7 : btms0083 
31 alleles
3.0% missing data
   1   (0.011) 0.007 0.224 0.002 0.002 0.002 0.002 0.003 0.003 0.010 
   2   (0.025) 0.010 0.105 0.005 0.018 0.004 0.006 0.029 0.007 0.014 
   3   (0.034) 0.133 0.007 0.010 0.016 0.007 0.036 0.013 0.022 0.088 
   4   (0.040) 0.025 0.055 0.011 0.053 0.016 0.022 0.020 0.020 0.071 
   5   (0.196) 0.137 0.224 0.260 0.225 0.161 0.379 0.219 0.175 0.217 
   6   (0.021) 0.007 0.005 0.004 0.012 0.005 0.037 0.005 0.023 0.008 
   7   (0.054) 0.041 0.017 0.160 0.106 0.022 0.020 0.092 0.042 0.111 
   8   (0.034) 0.007 0.016 0.013 0.042 0.012 0.011 0.144 0.034 0.023 
   9   (0.038) 0.007 0.009 0.007 0.032 0.035 0.037 0.036 0.043 0.044 
  10   (0.023) 0.004 0.006 0.014 0.007 0.008 0.140 0.014 0.007 0.008 
  11   (0.053) 0.439 0.014 0.010 0.078 0.103 0.028 0.034 0.100 0.032 
  12   (0.018) 0.003 0.037 0.004 0.008 0.012 0.006 0.004 0.008 0.013 
  13   (0.054) 0.021 0.011 0.065 0.027 0.069 0.037 0.087 0.096 0.029 
  14   (0.032) 0.007 0.007 0.006 0.112 0.012 0.010 0.018 0.133 0.012 
  15   (0.030) 0.007 0.019 0.006 0.010 0.033 0.031 0.012 0.066 0.008 
  16   (0.032) 0.007 0.032 0.006 0.031 0.010 0.032 0.008 0.017 0.111 
  17   (0.028) 0.014 0.058 0.005 0.009 0.330 0.014 0.013 0.010 0.014 
  18   (0.056) 0.015 0.037 0.117 0.050 0.033 0.063 0.033 0.032 0.032 
  19   (0.020) 0.004 0.009 0.116 0.013 0.007 0.005 0.006 0.009 0.004 
  20   (0.029) 0.006 0.005 0.056 0.014 0.006 0.010 0.104 0.010 0.007 
  21   (0.011) 0.002 0.034 0.002 0.002 0.002 0.003 0.002 0.003 0.002 
  22   (0.013) 0.003 0.022 0.002 0.004 0.013 0.003 0.003 0.003 0.002 
  23   (0.018) 0.003 0.018 0.003 0.010 0.006 0.005 0.010 0.013 0.005 
  24   (0.009) 0.001 0.002 0.014 0.002 0.002 0.002 0.002 0.002 0.002 
  25   (0.030) 0.005 0.006 0.006 0.057 0.007 0.030 0.035 0.009 0.094 
  26   (0.015) 0.009 0.003 0.003 0.006 0.010 0.005 0.006 0.079 0.003 
  27   (0.024) 0.006 0.004 0.050 0.014 0.058 0.009 0.024 0.009 0.010 
  28   (0.019) 0.063 0.005 0.003 0.017 0.011 0.006 0.005 0.006 0.015 
  29   (0.010) 0.002 0.003 0.002 0.017 0.003 0.003 0.002 0.007 0.005 
  30   (0.015) 0.002 0.003 0.038 0.003 0.002 0.005 0.009 0.004 0.003 
  31   (0.010) 0.001 0.003 0.002 0.004 0.003 0.003 0.006 0.006 0.002 

Locus 8 : b126 
16 alleles
0.0% missing data
   1   (0.043) 0.009 0.044 0.013 0.020 0.012 0.041 0.033 0.043 0.060 
   2   (0.053) 0.010 0.134 0.009 0.040 0.078 0.018 0.059 0.038 0.022 
   3   (0.315) 0.610 0.190 0.399 0.375 0.477 0.279 0.351 0.279 0.356 
   4   (0.030) 0.005 0.008 0.007 0.028 0.041 0.011 0.010 0.078 0.014 
   5   (0.071) 0.025 0.020 0.036 0.132 0.078 0.146 0.030 0.042 0.118 
   6   (0.062) 0.012 0.015 0.156 0.092 0.019 0.021 0.155 0.102 0.028 
   7   (0.103) 0.216 0.021 0.139 0.079 0.051 0.239 0.140 0.103 0.039 
   8   (0.030) 0.010 0.007 0.078 0.012 0.017 0.009 0.014 0.050 0.007 
   9   (0.012) 0.001 0.002 0.002 0.003 0.002 0.045 0.002 0.003 0.002 
  10   (0.040) 0.007 0.027 0.053 0.012 0.023 0.064 0.013 0.019 0.118 
  11   (0.093) 0.073 0.401 0.022 0.110 0.028 0.039 0.096 0.142 0.038 
  12   (0.030) 0.004 0.027 0.029 0.038 0.005 0.007 0.029 0.011 0.012 
  13   (0.066) 0.010 0.094 0.048 0.042 0.135 0.032 0.036 0.030 0.132 
  14   (0.023) 0.004 0.005 0.005 0.008 0.027 0.018 0.007 0.049 0.005 
  15   (0.015) 0.002 0.003 0.003 0.003 0.004 0.022 0.020 0.004 0.005 
  16   (0.014) 0.003 0.003 0.002 0.006 0.002 0.009 0.004 0.008 0.043 

Locus 9 : btms0062 
34 alleles
0.0% missing data
   1   (0.034) 0.037 0.081 0.009 0.029 0.008 0.048 0.008 0.035 0.023 
   2   (0.047) 0.023 0.104 0.012 0.025 0.246 0.047 0.019 0.043 0.046 
   3   (0.078) 0.058 0.090 0.054 0.091 0.075 0.060 0.256 0.054 0.050 
   4   (0.094) 0.197 0.052 0.205 0.129 0.028 0.263 0.040 0.148 0.046 
   5   (0.057) 0.075 0.019 0.014 0.201 0.016 0.068 0.064 0.030 0.036 
   6   (0.027) 0.017 0.007 0.006 0.033 0.025 0.010 0.032 0.018 0.012 
   7   (0.009) 0.001 0.002 0.002 0.017 0.003 0.003 0.006 0.003 0.003 
   8   (0.023) 0.004 0.006 0.004 0.036 0.012 0.007 0.053 0.041 0.008 
   9   (0.044) 0.064 0.021 0.018 0.036 0.030 0.041 0.016 0.133 0.018 
  10   (0.049) 0.009 0.036 0.054 0.068 0.032 0.055 0.024 0.056 0.103 
  11   (0.068) 0.308 0.018 0.040 0.049 0.026 0.071 0.049 0.083 0.209 
  12   (0.040) 0.007 0.009 0.028 0.012 0.311 0.060 0.036 0.019 0.068 
  13   (0.049) 0.016 0.027 0.019 0.021 0.011 0.101 0.057 0.046 0.093 
  14   (0.038) 0.009 0.010 0.284 0.035 0.012 0.011 0.042 0.069 0.015 
  15   (0.019) 0.003 0.003 0.004 0.006 0.006 0.006 0.111 0.006 0.016 
  16   (0.022) 0.076 0.004 0.013 0.009 0.004 0.006 0.015 0.006 0.011 
  17   (0.016) 0.003 0.162 0.003 0.006 0.007 0.013 0.004 0.005 0.004 
  18   (0.008) 0.002 0.002 0.001 0.002 0.004 0.010 0.002 0.002 0.047 
  19   (0.045) 0.007 0.085 0.091 0.028 0.066 0.025 0.015 0.044 0.012 
  20   (0.014) 0.002 0.035 0.002 0.003 0.002 0.003 0.003 0.003 0.002 
  21   (0.034) 0.006 0.053 0.006 0.042 0.021 0.013 0.013 0.049 0.014 
  22   (0.016) 0.002 0.105 0.003 0.006 0.003 0.003 0.018 0.004 0.009 
  23   (0.011) 0.002 0.026 0.002 0.007 0.002 0.003 0.002 0.003 0.002 
  24   (0.018) 0.003 0.004 0.007 0.037 0.009 0.007 0.004 0.036 0.004 
  25   (0.014) 0.002 0.009 0.003 0.012 0.003 0.004 0.003 0.009 0.004 
  26   (0.028) 0.023 0.009 0.046 0.017 0.011 0.024 0.010 0.024 0.102 
  27   (0.014) 0.015 0.003 0.006 0.007 0.003 0.015 0.038 0.004 0.026 
  28   (0.008) 0.001 0.001 0.001 0.002 0.001 0.002 0.027 0.002 0.001 
  29   (0.014) 0.016 0.005 0.003 0.009 0.008 0.003 0.003 0.004 0.004 
  30   (0.014) 0.002 0.002 0.033 0.003 0.003 0.003 0.003 0.003 0.002 
  31   (0.012) 0.002 0.002 0.002 0.011 0.003 0.003 0.015 0.004 0.003 
  32   (0.010) 0.004 0.002 0.002 0.003 0.003 0.008 0.003 0.003 0.004 
  33   (0.011) 0.001 0.003 0.002 0.004 0.003 0.003 0.006 0.006 0.002 
  34   (0.014) 0.003 0.003 0.026 0.004 0.003 0.003 0.004 0.006 0.002 

Locus 10 : btern02 
25 alleles
4.8% missing data
   1   (0.098) 0.282 0.132 0.045 0.041 0.113 0.092 0.153 0.193 0.081 
   2   (0.010) 0.001 0.017 0.002 0.002 0.002 0.002 0.002 0.003 0.002 
   3   (0.080) 0.038 0.026 0.022 0.146 0.130 0.151 0.094 0.087 0.058 
   4   (0.056) 0.010 0.015 0.098 0.028 0.074 0.134 0.027 0.043 0.095 
   5   (0.027) 0.037 0.013 0.006 0.045 0.012 0.020 0.012 0.018 0.010 
   6   (0.044) 0.105 0.015 0.021 0.115 0.021 0.041 0.023 0.040 0.055 
   7   (0.028) 0.005 0.005 0.144 0.013 0.014 0.044 0.022 0.010 0.007 
   8   (0.038) 0.019 0.106 0.007 0.038 0.013 0.017 0.039 0.026 0.014 
   9   (0.071) 0.027 0.076 0.046 0.044 0.024 0.128 0.190 0.039 0.100 
  10   (0.029) 0.006 0.006 0.005 0.118 0.114 0.011 0.009 0.023 0.013 
  11   (0.062) 0.016 0.017 0.061 0.057 0.111 0.030 0.118 0.077 0.031 
  12   (0.036) 0.018 0.137 0.007 0.022 0.091 0.010 0.019 0.021 0.015 
  13   (0.049) 0.010 0.055 0.055 0.025 0.022 0.042 0.023 0.067 0.083 
  14   (0.051) 0.018 0.168 0.128 0.015 0.034 0.050 0.022 0.064 0.027 
  15   (0.011) 0.204 0.002 0.002 0.002 0.002 0.002 0.002 0.002 0.002 
  16   (0.050) 0.011 0.048 0.050 0.059 0.019 0.019 0.028 0.086 0.015 
  17   (0.025) 0.015 0.006 0.060 0.045 0.010 0.010 0.008 0.022 0.021 
  18   (0.048) 0.012 0.011 0.160 0.038 0.096 0.045 0.026 0.058 0.021 
  19   (0.035) 0.032 0.007 0.008 0.024 0.022 0.027 0.076 0.014 0.178 
  20   (0.040) 0.006 0.041 0.008 0.040 0.015 0.033 0.032 0.040 0.125 
  21   (0.025) 0.005 0.049 0.008 0.023 0.018 0.007 0.013 0.019 0.006 
  22   (0.012) 0.002 0.017 0.005 0.005 0.009 0.003 0.004 0.005 0.003 
  23   (0.034) 0.013 0.022 0.006 0.012 0.022 0.046 0.039 0.030 0.015 
  24   (0.030) 0.105 0.006 0.042 0.034 0.006 0.026 0.016 0.010 0.009 
  25   (0.013) 0.002 0.003 0.004 0.006 0.006 0.011 0.003 0.004 0.013 

Locus 11 : btms0086 
3 alleles
0.0% missing data
   1   (0.837) 0.971 0.783 0.928 0.787 0.816 0.765 0.911 0.883 0.879 
   2   (0.142) 0.026 0.199 0.064 0.200 0.180 0.230 0.050 0.112 0.112 
   3   (0.021) 0.003 0.018 0.007 0.013 0.005 0.005 0.039 0.005 0.010 

Locus 12 : bl13 
3 alleles
0.0% missing data
   1   (0.072) 0.016 0.224 0.329 0.036 0.031 0.062 0.024 0.030 0.027 
   2   (0.828) 0.680 0.756 0.611 0.884 0.930 0.845 0.853 0.872 0.839 
   3   (0.100) 0.304 0.020 0.060 0.079 0.038 0.094 0.123 0.097 0.133 

Locus 13 : btms0059 
9 alleles
0.0% missing data
   1   (0.345) 0.494 0.346 0.290 0.331 0.180 0.353 0.536 0.323 0.396 
   2   (0.108) 0.258 0.119 0.018 0.098 0.239 0.052 0.066 0.297 0.034 
   3   (0.064) 0.022 0.129 0.114 0.027 0.032 0.047 0.058 0.034 0.025 
   4   (0.054) 0.011 0.047 0.020 0.042 0.019 0.113 0.032 0.029 0.032 
   5   (0.079) 0.035 0.035 0.040 0.162 0.072 0.044 0.079 0.060 0.041 
   6   (0.300) 0.165 0.312 0.510 0.306 0.429 0.375 0.207 0.189 0.450 
   7   (0.016) 0.007 0.003 0.003 0.007 0.022 0.003 0.004 0.038 0.003 
   8   (0.023) 0.005 0.006 0.004 0.025 0.005 0.009 0.017 0.018 0.017 
   9   (0.011) 0.002 0.003 0.002 0.003 0.002 0.003 0.003 0.011 0.003 

Values of parameters used in structure:
DATAFILE=/Users/johnmola/Desktop/rpbbfeb27/rpbbstructure/project_data,	OUTFILE=/Users/johnmola/Desktop/rpbbfeb27/rpbbstructure/rpbb20k100k/Results/rpbb20k100k_run_86,	NUMINDS=231,	NUMLOCI=13,	MISSING=-9,	LABEL=1,	POPDATA=1,	POPFLAG=0,	PHENOTYPE=0,	EXTRACOLS=0,	MAXPOPS=9,	BURNIN=20000,	NUMREPS=100000,	USEPOPINFO=0,	INFERALPHA=1,	INFERLAMBDA=0,	POPSPECIFICLAMBDA=0,	POPALPHAS=0,	COMPUTEPROB=1,	NOADMIX=0,	ADMBURNIN=2500,	UPDATEFREQ=1,	PRINTLIKES=0,	INTERMEDSAVE=0,	PRINTKLD=0,	PRINTNET=0,	PRINTLAMBDA=0,	ANCESTDIST=0,	NUMBOXES=1000,	ANCESTPINT=0.90000,	GENSBACK=2,	MIGRPRIOR=0.05000,	PRINTQHAT=0,	PRINTQSUM=0,	ALPHA=1.0000,	FREQSCORR=1,	FPRIORMEAN=0.0100,	FPRIORSD=0.0500,	ONEFST=0,	LAMBDA=1.0000,	UNIFPRIORALPHA=1,	ALPHAMAX=10.0000,	ALPHAPRIORA=1.0000,	ALPHAPRIORB=2.0000,	ALPHAPROPSD=0.0250,	STARTATPOPINFO=0,	RANDOMIZE=1,	LINKAGE=0,	METROFREQ=10,	REPORTHITRATE=0,	MARKOVPHASE=-1,	PHASED=0,	PLOIDY=2,	PHASEINFO=0	LOCPRIOR=0, 	LOCPRIORINIT=1.000000, 	LOCDATA=0, 	LOCISPOP=0, 	LOCPRIORSTEP=0.100000, 	MAXLOCPRIOR=20.000000, 	SEED=1677523364,	
[STRAT parameters]:    NUMSIMSTATS=1000,	PHENOTYPECOL=-9,	POOLFREQ=10,	LOCUSxONLY=0,	EMERROR=0.00100,	MISSINGPHENO=-9,	