

----------------------------------------------------
STRUCTURE by Pritchard, Stephens and Donnelly (2000)
     and Falush, Stephens and Pritchard (2003)
       Code by Pritchard, Falush and Hubisz
             Version 2.3.4 (Jul 2012)
----------------------------------------------------



Command line arguments:   bin/structure -m "/Users/johnmola/Desktop/rpbbfeb27/rpbbstructure/rpbb20k100k/mainparams" -e "/Users/johnmola/Desktop/rpbbfeb27/rpbbstructure/rpbb20k100k/extraparams" 
Input File:    /Users/johnmola/Desktop/rpbbfeb27/rpbbstructure/project_data

Run parameters:
   231 individuals
   13 loci
   9 populations assumed
   20000 Burn-in period
   100000 Reps


--------------------------------------------
Proportion of membership of each pre-defined
 population in each of the 9 clusters

Given    Inferred Clusters                                                 Number of
 Pop       1      2      3      4      5      6      7      8      9      Individuals

  1:     0.073  0.025  0.718  0.033  0.025  0.048  0.014  0.013  0.052       21
  2:     0.060  0.090  0.018  0.171  0.223  0.155  0.133  0.012  0.139        7
  3:     0.158  0.049  0.065  0.125  0.208  0.183  0.068  0.022  0.121        7
  4:     0.120  0.133  0.048  0.159  0.032  0.198  0.094  0.052  0.163        8
  5:     0.039  0.201  0.053  0.203  0.039  0.230  0.011  0.021  0.203        4
  6:     0.108  0.063  0.030  0.209  0.111  0.165  0.067  0.083  0.164       35
  7:     0.084  0.081  0.058  0.107  0.148  0.204  0.038  0.030  0.249       40
  8:     0.175  0.075  0.041  0.213  0.103  0.120  0.061  0.079  0.132       19
  9:     0.195  0.066  0.229  0.036  0.123  0.112  0.043  0.026  0.170        4
 10:     0.116  0.148  0.020  0.222  0.111  0.043  0.090  0.171  0.078       11
 11:     0.017  0.047  0.137  0.021  0.015  0.146  0.570  0.011  0.035        8
 12:     0.029  0.292  0.034  0.096  0.044  0.061  0.061  0.302  0.081       60
 13:     0.401  0.066  0.034  0.093  0.103  0.059  0.015  0.018  0.212        7
--------------------------------------------

Allele-freq. divergence among pops (Net nucleotide distance),
computed using point estimates of P.

      1       2       3       4       5       6       7       8       9      
 1      -    0.0441  0.0580  0.0358  0.0534  0.0346  0.0652  0.0487  0.0305  
 2   0.0441     -    0.0379  0.0210  0.0466  0.0208  0.0445  0.0325  0.0218  
 3   0.0580  0.0379     -    0.0312  0.0459  0.0357  0.0660  0.0468  0.0307  
 4   0.0358  0.0210  0.0312     -    0.0224  0.0177  0.0461  0.0311  0.0143  
 5   0.0534  0.0466  0.0459  0.0224     -    0.0383  0.0576  0.0506  0.0254  
 6   0.0346  0.0208  0.0357  0.0177  0.0383     -    0.0401  0.0391  0.0142  
 7   0.0652  0.0445  0.0660  0.0461  0.0576  0.0401     -    0.0620  0.0408  
 8   0.0487  0.0325  0.0468  0.0311  0.0506  0.0391  0.0620     -    0.0339  
 9   0.0305  0.0218  0.0307  0.0143  0.0254  0.0142  0.0408  0.0339     -    

Average distances (expected heterozygosity) between individuals in same cluster:
cluster  1  : 0.6360 
cluster  2  : 0.6660 
cluster  3  : 0.6837 
cluster  4  : 0.6984 
cluster  5  : 0.6686 
cluster  6  : 0.6847 
cluster  7  : 0.6310 
cluster  8  : 0.6740 
cluster  9  : 0.6726 

--------------------------------------------
Estimated Ln Prob of Data   = -9863.6
Mean value of ln likelihood = -9211.7
Variance of ln likelihood   = 1303.9
Mean value of alpha         = 0.0496

Mean value of Fst_1         = 0.1298
Mean value of Fst_2         = 0.0735
Mean value of Fst_3         = 0.0970
Mean value of Fst_4         = 0.0677
Mean value of Fst_5         = 0.1319
Mean value of Fst_6         = 0.0702
Mean value of Fst_7         = 0.1892
Mean value of Fst_8         = 0.1020
Mean value of Fst_9         = 0.0644


Inferred ancestry of individuals:
        Label (%Miss) Pop:  Inferred clusters
  1  BAFF014    (0)    1 :  0.015 0.008 0.882 0.019 0.008 0.017 0.009 0.005 0.037 
  2  BAFF379    (0)    2 :  0.064 0.273 0.014 0.061 0.072 0.120 0.055 0.012 0.328 
  3  BAFF212    (0)    3 :  0.033 0.023 0.018 0.571 0.049 0.042 0.020 0.038 0.207 
  4  BAFF018    (0)    4 :  0.007 0.325 0.007 0.035 0.020 0.058 0.162 0.018 0.367 
  5  BAFF247    (0)    4 :  0.011 0.272 0.008 0.059 0.037 0.318 0.014 0.013 0.268 
  6  BAFF024    (0)    5 :  0.060 0.017 0.018 0.301 0.043 0.491 0.009 0.037 0.025 
  7  BAFF088    (0)    6 :  0.012 0.022 0.010 0.641 0.168 0.029 0.035 0.026 0.058 
  8  BAFF429    (0)    6 :  0.200 0.130 0.016 0.262 0.063 0.118 0.035 0.011 0.164 
  9  BAFF087    (7)    7 :  0.006 0.005 0.007 0.465 0.492 0.005 0.005 0.006 0.008 
 10  BAFF225    (0)    7 :  0.102 0.016 0.035 0.381 0.130 0.088 0.009 0.015 0.224 
 11  BAFF195    (0)    8 :  0.044 0.089 0.037 0.053 0.099 0.135 0.490 0.013 0.039 
 12  BAFF238    (0)    9 :  0.441 0.032 0.086 0.091 0.059 0.078 0.024 0.030 0.158 
 13  BAFF019    (0)   10 :  0.010 0.025 0.025 0.075 0.040 0.016 0.022 0.758 0.029 
 14  BAFF175    (0)   10 :  0.169 0.339 0.010 0.108 0.177 0.042 0.027 0.047 0.081 
 15  BAFF156    (0)   11 :  0.005 0.007 0.004 0.005 0.006 0.005 0.957 0.006 0.005 
 16  BAFF301    (0)   11 :  0.034 0.015 0.824 0.034 0.011 0.027 0.010 0.020 0.025 
 17  BAFF141    (0)   12 :  0.005 0.544 0.139 0.030 0.006 0.017 0.011 0.006 0.243 
 18  BAFF302    (0)   12 :  0.054 0.024 0.021 0.025 0.023 0.740 0.013 0.034 0.066 
 19  BAFF290    (0)    1 :  0.097 0.072 0.722 0.018 0.017 0.015 0.006 0.011 0.042 
 20  BAFF498    (0)    6 :  0.033 0.020 0.185 0.066 0.107 0.215 0.067 0.053 0.253 
 21  BAFF455    (0)    7 :  0.082 0.050 0.020 0.044 0.717 0.013 0.016 0.023 0.037 
 22  BAFF203    (7)    8 :  0.024 0.032 0.010 0.303 0.508 0.027 0.011 0.011 0.075 
 23  BAFF056    (0)   12 :  0.021 0.012 0.016 0.016 0.009 0.022 0.004 0.826 0.074 
 24  BAFF327    (0)   12 :  0.013 0.664 0.049 0.056 0.011 0.031 0.038 0.121 0.017 
 25  BAFF255    (0)    1 :  0.014 0.009 0.915 0.010 0.009 0.014 0.006 0.007 0.016 
 26  BAFF256    (0)    1 :  0.010 0.006 0.940 0.009 0.008 0.005 0.004 0.010 0.006 
 27  BAFF257    (0)    1 :  0.008 0.006 0.953 0.006 0.008 0.005 0.004 0.005 0.006 
 28  BAFF260    (0)    1 :  0.012 0.006 0.925 0.010 0.020 0.008 0.004 0.007 0.007 
 29  BAFF259    (0)    1 :  0.008 0.008 0.932 0.008 0.007 0.007 0.007 0.014 0.007 
 30  BAFF261    (0)    1 :  0.007 0.010 0.932 0.009 0.009 0.007 0.007 0.008 0.013 
 31  BAFF274    (0)    1 :  0.013 0.019 0.809 0.023 0.023 0.047 0.009 0.012 0.045 
 32  BAFF262    (0)    1 :  0.007 0.017 0.888 0.023 0.028 0.011 0.008 0.008 0.010 
 33  BAFF294    (0)    1 :  0.006 0.007 0.905 0.023 0.024 0.013 0.007 0.007 0.008 
 34  BAFF292    (0)    1 :  0.491 0.022 0.410 0.011 0.008 0.017 0.012 0.009 0.019 
 35  BAFF296    (0)    1 :  0.462 0.010 0.447 0.007 0.010 0.019 0.012 0.013 0.022 
 36  BAFF295    (0)    1 :  0.174 0.037 0.678 0.029 0.026 0.018 0.007 0.011 0.020 
 37  BAFF298    (0)    1 :  0.008 0.013 0.870 0.015 0.009 0.028 0.007 0.020 0.030 
 38  BAFF299    (0)    1 :  0.006 0.006 0.908 0.015 0.008 0.008 0.013 0.031 0.006 
 39  BAFF375    (0)   13 :  0.942 0.007 0.008 0.007 0.009 0.008 0.005 0.007 0.008 
 40  BAFF376    (0)   13 :  0.785 0.016 0.012 0.037 0.061 0.043 0.008 0.020 0.019 
 41  BAFF377    (0)   13 :  0.934 0.007 0.010 0.006 0.007 0.014 0.006 0.007 0.008 
 42  BAFF022    (0)    5 :  0.023 0.277 0.118 0.198 0.011 0.233 0.019 0.008 0.113 
 43  BAFF021    (0)    5 :  0.015 0.485 0.052 0.235 0.015 0.129 0.008 0.013 0.049 
 44  BAFF499    (0)    6 :  0.045 0.065 0.007 0.013 0.028 0.045 0.017 0.748 0.032 
 45  BAFF204    (0)    8 :  0.031 0.070 0.009 0.035 0.025 0.307 0.013 0.045 0.465 
 46  BAFF068    (0)   12 :  0.010 0.023 0.061 0.009 0.009 0.021 0.009 0.826 0.033 
 47  BAFF336    (0)   12 :  0.010 0.054 0.012 0.084 0.017 0.043 0.132 0.533 0.115 
 48  BAFF447    (0)    7 :  0.039 0.020 0.006 0.023 0.033 0.526 0.029 0.012 0.313 
 49  BAFF457    (0)    7 :  0.076 0.020 0.025 0.010 0.013 0.622 0.036 0.009 0.188 
 50  BAFF448    (0)    7 :  0.039 0.030 0.048 0.044 0.544 0.032 0.037 0.007 0.219 
 51  BAFF465    (0)    7 :  0.012 0.013 0.010 0.025 0.884 0.010 0.010 0.010 0.026 
 52  BAFF194    (0)    8 :  0.055 0.018 0.024 0.074 0.022 0.749 0.013 0.010 0.035 
 53  BAFF199    (0)    8 :  0.023 0.156 0.016 0.044 0.020 0.153 0.043 0.015 0.530 
 54  BAFF500    (0)    6 :  0.037 0.011 0.138 0.071 0.119 0.094 0.006 0.064 0.458 
 55  BAFF206    (0)    8 :  0.169 0.278 0.022 0.392 0.025 0.038 0.010 0.042 0.024 
 56  BAFF069    (0)   12 :  0.014 0.013 0.008 0.043 0.011 0.012 0.017 0.858 0.024 
 57  BAFF330    (0)   12 :  0.014 0.031 0.016 0.677 0.085 0.015 0.087 0.018 0.057 
 58  BAFF239    (0)   10 :  0.176 0.223 0.013 0.028 0.081 0.006 0.080 0.310 0.082 
 59  BAFF241    (0)   10 :  0.189 0.094 0.018 0.020 0.091 0.008 0.052 0.419 0.110 
 60  BAFF157    (0)   11 :  0.006 0.006 0.004 0.005 0.006 0.008 0.955 0.005 0.005 
 61  BAFF161    (0)   11 :  0.005 0.004 0.004 0.005 0.005 0.005 0.963 0.005 0.005 
 62  BAFF160    (0)   11 :  0.005 0.006 0.004 0.005 0.007 0.007 0.956 0.005 0.005 
 63  BAFF008    (0)   12 :  0.020 0.040 0.038 0.223 0.365 0.029 0.015 0.150 0.120 
 64  BAFF013    (0)   12 :  0.015 0.064 0.010 0.606 0.233 0.021 0.016 0.011 0.024 
 65  BAFF407    (0)   12 :  0.010 0.018 0.010 0.030 0.009 0.009 0.016 0.879 0.018 
 66  BAFF503    (0)    6 :  0.014 0.010 0.005 0.149 0.068 0.010 0.053 0.656 0.034 
 67  BAFF449    (0)    7 :  0.008 0.214 0.009 0.672 0.046 0.009 0.007 0.015 0.020 
 68  BAFF207    (0)    8 :  0.073 0.015 0.012 0.362 0.031 0.035 0.004 0.415 0.052 
 69  BAFF070    (0)   12 :  0.012 0.034 0.009 0.014 0.012 0.012 0.008 0.887 0.013 
 70  BAFF335    (0)   12 :  0.006 0.860 0.009 0.013 0.014 0.015 0.026 0.039 0.017 
 71  BAFF507    (0)    6 :  0.151 0.013 0.033 0.016 0.020 0.699 0.016 0.007 0.044 
 72  BAFF450    (0)    7 :  0.409 0.031 0.117 0.059 0.017 0.045 0.105 0.040 0.179 
 73  BAFF209    (7)    8 :  0.270 0.080 0.021 0.289 0.141 0.074 0.070 0.023 0.032 
 74  BAFF072    (0)   12 :  0.030 0.618 0.009 0.015 0.026 0.014 0.186 0.038 0.064 
 75  BAFF339    (0)   12 :  0.246 0.085 0.012 0.051 0.008 0.059 0.012 0.326 0.200 
 76  BAFF508    (0)    6 :  0.034 0.037 0.070 0.017 0.024 0.015 0.585 0.015 0.203 
 77  BAFF451    (0)    7 :  0.033 0.051 0.009 0.032 0.056 0.699 0.013 0.019 0.089 
 78  BAFF210    (0)    8 :  0.153 0.016 0.074 0.186 0.063 0.053 0.007 0.363 0.086 
 79  BAFF139    (0)   12 :  0.029 0.074 0.035 0.066 0.028 0.616 0.030 0.011 0.113 
 80  BAFF341    (0)   12 :  0.126 0.096 0.013 0.074 0.133 0.035 0.049 0.014 0.459 
 81  BAFF509    (0)    6 :  0.018 0.035 0.041 0.717 0.116 0.024 0.007 0.026 0.016 
 82  BAFF453    (0)    7 :  0.570 0.068 0.008 0.119 0.025 0.024 0.011 0.083 0.091 
 83  BAFF389    (0)    8 :  0.707 0.013 0.014 0.019 0.018 0.012 0.204 0.006 0.007 
 84  BAFF163    (0)   12 :  0.007 0.005 0.003 0.008 0.009 0.005 0.010 0.947 0.005 
 85  BAFF344    (7)   12 :  0.057 0.546 0.009 0.055 0.017 0.035 0.037 0.215 0.028 
 86  BAFF510    (0)    6 :  0.021 0.036 0.010 0.174 0.076 0.570 0.049 0.029 0.034 
 87  BAFF456    (0)    7 :  0.070 0.039 0.016 0.021 0.010 0.704 0.010 0.029 0.102 
 88  BAFF390    (0)    8 :  0.946 0.006 0.005 0.009 0.004 0.010 0.008 0.004 0.007 
 89  BAFF142    (0)   12 :  0.014 0.437 0.266 0.013 0.020 0.012 0.017 0.039 0.182 
 90  BAFF363    (7)   12 :  0.006 0.021 0.006 0.012 0.008 0.008 0.024 0.904 0.010 
 91  BAFF517    (0)    6 :  0.217 0.043 0.007 0.019 0.015 0.626 0.012 0.028 0.032 
 92  BAFF458    (0)    7 :  0.016 0.027 0.036 0.245 0.034 0.044 0.013 0.025 0.560 
 93  BAFF391    (0)    8 :  0.039 0.106 0.119 0.021 0.090 0.160 0.012 0.325 0.128 
 94  BAFF149    (0)   12 :  0.070 0.795 0.009 0.016 0.009 0.016 0.022 0.023 0.039 
 95  BAFF366    (7)   12 :  0.027 0.710 0.008 0.015 0.005 0.167 0.026 0.018 0.023 
 96  BAFF512    (0)    6 :  0.074 0.018 0.145 0.051 0.066 0.184 0.026 0.042 0.393 
 97  BAFF460    (0)    7 :  0.023 0.519 0.015 0.013 0.017 0.166 0.018 0.017 0.211 
 98  BAFF138    (0)   12 :  0.013 0.861 0.016 0.012 0.006 0.016 0.028 0.025 0.023 
 99  BAFF374    (0)   12 :  0.014 0.015 0.027 0.636 0.083 0.013 0.043 0.157 0.011 
100  BAFF015    (0)    1 :  0.012 0.010 0.873 0.017 0.011 0.010 0.007 0.010 0.051 
101  BAFF380    (0)    2 :  0.018 0.030 0.011 0.440 0.024 0.030 0.331 0.029 0.088 
102  BAFF216    (0)    3 :  0.122 0.019 0.034 0.135 0.105 0.307 0.013 0.027 0.239 
103  BAFF017    (0)    4 :  0.514 0.005 0.016 0.041 0.008 0.291 0.006 0.019 0.099 
104  BAFF245    (0)    4 :  0.062 0.263 0.135 0.195 0.079 0.142 0.011 0.030 0.084 
105  BAFF378    (7)   13 :  0.026 0.020 0.159 0.034 0.044 0.108 0.013 0.010 0.585 
106  BAFF023    (0)    5 :  0.060 0.026 0.025 0.077 0.086 0.068 0.009 0.026 0.623 
107  BAFF079    (0)    6 :  0.068 0.082 0.038 0.431 0.030 0.264 0.028 0.034 0.025 
108  BAFF435    (0)    6 :  0.015 0.028 0.007 0.038 0.020 0.097 0.017 0.015 0.762 
109  BAFF174    (7)    7 :  0.752 0.022 0.007 0.087 0.017 0.015 0.014 0.025 0.061 
110  BAFF226    (0)    7 :  0.022 0.040 0.011 0.012 0.014 0.642 0.016 0.008 0.234 
111  BAFF190    (0)    8 :  0.011 0.090 0.016 0.271 0.362 0.015 0.029 0.055 0.152 
112  BAFF243    (0)    9 :  0.277 0.096 0.069 0.027 0.038 0.272 0.109 0.007 0.104 
113  BAFF177    (0)   10 :  0.064 0.040 0.024 0.704 0.095 0.020 0.025 0.007 0.021 
114  BAFF364    (7)   11 :  0.022 0.013 0.011 0.046 0.061 0.045 0.677 0.021 0.104 
115  BAFF305    (0)   12 :  0.026 0.796 0.023 0.031 0.011 0.028 0.028 0.040 0.018 
116  BAFF513    (0)    6 :  0.056 0.017 0.051 0.548 0.164 0.057 0.012 0.017 0.078 
117  BAFF462    (0)    7 :  0.011 0.012 0.352 0.102 0.170 0.016 0.016 0.041 0.278 
118  BAFF143    (0)   12 :  0.029 0.597 0.007 0.051 0.063 0.063 0.068 0.066 0.057 
119  BAFF403    (0)   12 :  0.007 0.008 0.006 0.011 0.007 0.007 0.010 0.936 0.008 
120  BAFF514    (0)    6 :  0.022 0.025 0.006 0.561 0.155 0.020 0.010 0.114 0.086 
121  BAFF463    (0)    7 :  0.005 0.005 0.005 0.007 0.959 0.004 0.007 0.004 0.005 
122  BAFF137    (0)   12 :  0.007 0.601 0.010 0.316 0.022 0.012 0.009 0.007 0.016 
123  BAFF404    (0)   12 :  0.008 0.009 0.013 0.010 0.009 0.010 0.022 0.907 0.011 
124  BAFF515    (0)    6 :  0.049 0.095 0.023 0.210 0.230 0.187 0.052 0.036 0.119 
125  BAFF144    (0)   12 :  0.017 0.076 0.010 0.226 0.050 0.025 0.227 0.076 0.292 
126  BAFF405    (7)   12 :  0.009 0.514 0.037 0.106 0.028 0.028 0.206 0.026 0.045 
127  BAFF518    (0)    6 :  0.031 0.296 0.010 0.040 0.014 0.045 0.016 0.400 0.148 
128  BAFF467    (0)    7 :  0.092 0.024 0.014 0.101 0.085 0.151 0.011 0.027 0.495 
129  BAFF145    (0)   12 :  0.021 0.236 0.072 0.095 0.017 0.033 0.443 0.011 0.072 
130  BAFF406    (0)   12 :  0.013 0.059 0.008 0.125 0.025 0.032 0.439 0.271 0.027 
131  BAFF519    (0)    6 :  0.479 0.075 0.012 0.124 0.077 0.084 0.016 0.012 0.122 
132  BAFF471    (0)    7 :  0.033 0.263 0.062 0.095 0.218 0.148 0.020 0.022 0.139 
133  BAFF136    (0)   12 :  0.042 0.097 0.005 0.069 0.015 0.010 0.008 0.743 0.009 
134  BAFF520    (7)    6 :  0.035 0.028 0.023 0.181 0.039 0.122 0.013 0.055 0.504 
135  BAFF472    (0)    7 :  0.075 0.038 0.024 0.197 0.206 0.057 0.066 0.019 0.318 
136  BAFF165    (0)   12 :  0.021 0.527 0.062 0.017 0.034 0.253 0.008 0.043 0.035 
137  BAFF408    (0)   12 :  0.020 0.686 0.031 0.027 0.014 0.022 0.062 0.075 0.062 
138  BAFF522    (0)    6 :  0.023 0.044 0.032 0.477 0.245 0.022 0.022 0.063 0.072 
139  BAFF475    (0)    7 :  0.058 0.042 0.007 0.172 0.022 0.546 0.015 0.037 0.100 
140  BAFF140    (0)   12 :  0.041 0.438 0.016 0.267 0.059 0.052 0.068 0.037 0.023 
141  BAFF409    (0)   12 :  0.017 0.015 0.088 0.023 0.066 0.014 0.010 0.753 0.014 
142  BAFF523    (0)    6 :  0.020 0.012 0.012 0.210 0.312 0.048 0.049 0.008 0.329 
143  BAFF476    (0)    7 :  0.076 0.043 0.008 0.012 0.029 0.404 0.240 0.030 0.158 
144  BAFF147    (0)   12 :  0.013 0.590 0.013 0.148 0.016 0.023 0.011 0.163 0.022 
145  BAFF410    (0)   12 :  0.020 0.227 0.015 0.024 0.007 0.136 0.011 0.534 0.025 
146  BAFF477    (0)    7 :  0.020 0.108 0.080 0.016 0.023 0.486 0.014 0.006 0.247 
147  BAFF411    (0)   12 :  0.235 0.086 0.393 0.015 0.020 0.011 0.075 0.105 0.059 
148  BAFF486    (7)    7 :  0.017 0.014 0.007 0.006 0.006 0.124 0.007 0.005 0.813 
149  BAFF412    (7)   12 :  0.014 0.018 0.045 0.147 0.059 0.041 0.018 0.631 0.027 
150  BAFF258    (0)    1 :  0.015 0.016 0.185 0.157 0.225 0.067 0.041 0.025 0.270 
151  BAFF392    (0)    2 :  0.022 0.007 0.005 0.395 0.500 0.006 0.031 0.006 0.029 
152  BAFF217    (0)    3 :  0.613 0.052 0.010 0.029 0.017 0.105 0.043 0.018 0.114 
153  BAFF016    (0)    4 :  0.059 0.047 0.005 0.181 0.005 0.565 0.088 0.041 0.009 
154  BAFF246    (0)    4 :  0.283 0.017 0.010 0.357 0.035 0.169 0.048 0.021 0.059 
155  BAFF381    (0)   13 :  0.057 0.312 0.011 0.034 0.028 0.198 0.012 0.042 0.306 
156  BAFF078    (0)    6 :  0.045 0.519 0.006 0.013 0.024 0.007 0.270 0.048 0.069 
157  BAFF481    (0)    6 :  0.102 0.193 0.022 0.105 0.029 0.056 0.013 0.040 0.441 
158  BAFF436    (0)    7 :  0.114 0.052 0.075 0.254 0.198 0.124 0.045 0.053 0.085 
159  BAFF191    (0)    8 :  0.363 0.019 0.008 0.473 0.020 0.054 0.011 0.015 0.037 
160  BAFF382    (0)    9 :  0.052 0.050 0.006 0.016 0.311 0.076 0.032 0.056 0.402 
161  BAFF178    (0)   10 :  0.077 0.012 0.008 0.730 0.097 0.019 0.006 0.033 0.017 
162  BAFF159    (7)   11 :  0.009 0.008 0.008 0.019 0.008 0.902 0.007 0.010 0.030 
163  BAFF365    (7)   11 :  0.047 0.316 0.240 0.051 0.015 0.171 0.036 0.018 0.104 
164  BAFF007    (0)   12 :  0.071 0.184 0.052 0.058 0.050 0.203 0.075 0.023 0.286 
165  BAFF304    (7)   12 :  0.013 0.613 0.011 0.023 0.016 0.065 0.081 0.080 0.097 
166  BAFF487    (0)    7 :  0.043 0.010 0.016 0.107 0.194 0.031 0.072 0.025 0.502 
167  BAFF415    (0)   12 :  0.011 0.149 0.060 0.022 0.046 0.095 0.020 0.573 0.025 
168  BAFF488    (0)    7 :  0.040 0.045 0.596 0.057 0.008 0.157 0.013 0.012 0.070 
169  BAFF417    (0)   12 :  0.024 0.381 0.015 0.102 0.016 0.033 0.017 0.345 0.067 
170  BAFF489    (0)    7 :  0.016 0.223 0.008 0.054 0.065 0.151 0.058 0.033 0.393 
171  BAFF426    (0)   12 :  0.013 0.022 0.016 0.015 0.035 0.014 0.007 0.859 0.019 
172  BAFF490    (7)    7 :  0.016 0.015 0.021 0.132 0.021 0.405 0.120 0.010 0.261 
173  BAFF491    (0)    7 :  0.038 0.024 0.042 0.123 0.145 0.035 0.073 0.008 0.512 
174  BAFF492    (0)    7 :  0.031 0.021 0.007 0.025 0.030 0.095 0.009 0.013 0.768 
175  BAFF493    (0)    7 :  0.020 0.021 0.411 0.072 0.160 0.019 0.014 0.029 0.255 
176  BAFF506    (0)    7 :  0.028 0.010 0.073 0.208 0.054 0.025 0.021 0.013 0.569 
177  BAFF393    (0)    2 :  0.025 0.104 0.029 0.033 0.012 0.095 0.394 0.010 0.298 
178  BAFF218    (0)    3 :  0.232 0.047 0.045 0.048 0.217 0.205 0.023 0.024 0.159 
179  BAFF254    (0)    4 :  0.010 0.123 0.038 0.037 0.014 0.018 0.412 0.012 0.336 
180  BAFF385    (0)   13 :  0.032 0.047 0.017 0.138 0.260 0.015 0.028 0.028 0.436 
181  BAFF076    (0)    6 :  0.010 0.007 0.009 0.453 0.483 0.006 0.012 0.009 0.012 
182  BAFF482    (0)    6 :  0.013 0.087 0.009 0.067 0.137 0.226 0.017 0.073 0.371 
183  BAFF437    (0)    7 :  0.009 0.357 0.020 0.016 0.027 0.520 0.005 0.010 0.035 
184  BAFF192    (0)    8 :  0.043 0.069 0.015 0.429 0.186 0.032 0.150 0.012 0.064 
185  BAFF383    (0)    9 :  0.010 0.086 0.754 0.010 0.083 0.024 0.006 0.011 0.016 
186  BAFF180    (0)   10 :  0.295 0.012 0.008 0.382 0.068 0.053 0.010 0.101 0.070 
187  BAFF048    (7)   12 :  0.009 0.021 0.060 0.200 0.030 0.053 0.520 0.011 0.095 
188  BAFF306    (0)   12 :  0.064 0.624 0.010 0.058 0.049 0.034 0.018 0.037 0.106 
189  BAFF394    (0)    2 :  0.248 0.138 0.051 0.218 0.034 0.147 0.103 0.017 0.044 
190  BAFF219    (0)    3 :  0.075 0.128 0.009 0.043 0.033 0.590 0.013 0.012 0.096 
191  BAFF388    (0)    4 :  0.015 0.011 0.168 0.369 0.056 0.022 0.011 0.265 0.083 
192  BAFF386    (7)   13 :  0.031 0.051 0.017 0.392 0.310 0.028 0.032 0.017 0.123 
193  BAFF084    (0)    6 :  0.013 0.020 0.012 0.020 0.010 0.055 0.676 0.008 0.186 
194  BAFF483    (0)    6 :  0.030 0.053 0.023 0.680 0.053 0.040 0.009 0.052 0.061 
195  BAFF438   (15)    7 :  0.041 0.403 0.015 0.037 0.083 0.027 0.130 0.035 0.229 
196  BAFF193    (0)    8 :  0.043 0.021 0.355 0.064 0.091 0.036 0.021 0.016 0.353 
197  BAFF183    (0)   10 :  0.190 0.041 0.061 0.120 0.040 0.231 0.027 0.033 0.256 
198  BAFF153    (0)   12 :  0.006 0.895 0.007 0.017 0.009 0.013 0.026 0.019 0.010 
199  BAFF307    (0)   12 :  0.017 0.461 0.010 0.055 0.029 0.023 0.153 0.021 0.231 
200  BAFF397    (0)    2 :  0.034 0.070 0.007 0.006 0.006 0.683 0.011 0.009 0.174 
201  BAFF220    (0)    3 :  0.005 0.006 0.007 0.036 0.855 0.020 0.045 0.009 0.016 
202  BAFF095    (0)    6 :  0.014 0.014 0.041 0.737 0.145 0.011 0.007 0.014 0.017 
203  BAFF494    (0)    6 :  0.029 0.011 0.006 0.039 0.643 0.040 0.033 0.027 0.173 
204  BAFF439    (0)    7 :  0.160 0.191 0.009 0.081 0.009 0.026 0.012 0.275 0.236 
205  BAFF182    (0)   10 :  0.045 0.058 0.031 0.205 0.406 0.030 0.068 0.136 0.021 
206  BAFF054    (0)   12 :  0.006 0.013 0.006 0.011 0.008 0.007 0.008 0.932 0.009 
207  BAFF308    (0)   12 :  0.009 0.780 0.014 0.023 0.018 0.037 0.016 0.013 0.090 
208  BAFF266    (0)    1 :  0.012 0.019 0.119 0.052 0.019 0.259 0.097 0.041 0.382 
209  BAFF398    (7)    2 :  0.004 0.005 0.009 0.041 0.910 0.006 0.005 0.005 0.016 
210  BAFF221    (0)    3 :  0.029 0.070 0.336 0.014 0.182 0.009 0.318 0.028 0.014 
211  BAFF090    (0)    6 :  0.072 0.117 0.014 0.110 0.166 0.023 0.131 0.116 0.250 
212  BAFF495    (0)    6 :  0.766 0.014 0.008 0.036 0.009 0.077 0.009 0.014 0.066 
213  BAFF459    (0)    7 :  0.071 0.020 0.006 0.032 0.009 0.771 0.053 0.011 0.026 
214  BAFF197    (0)    8 :  0.139 0.295 0.012 0.044 0.015 0.339 0.012 0.085 0.060 
215  BAFF188    (0)   10 :  0.048 0.729 0.013 0.024 0.032 0.024 0.058 0.030 0.041 
216  BAFF051    (0)   12 :  0.023 0.037 0.023 0.102 0.048 0.104 0.012 0.370 0.281 
217  BAFF309    (0)   12 :  0.024 0.056 0.010 0.028 0.155 0.057 0.030 0.015 0.626 
218  BAFF269    (0)    1 :  0.122 0.202 0.043 0.155 0.016 0.376 0.009 0.009 0.067 
219  BAFF077    (0)    6 :  0.035 0.007 0.007 0.006 0.005 0.903 0.019 0.010 0.008 
220  BAFF496    (0)    6 :  0.881 0.007 0.012 0.014 0.007 0.023 0.005 0.008 0.044 
221  BAFF443    (0)    7 :  0.046 0.080 0.057 0.080 0.042 0.124 0.014 0.113 0.443 
222  BAFF198    (0)    8 :  0.171 0.021 0.007 0.321 0.172 0.041 0.018 0.027 0.223 
223  BAFF053    (0)   12 :  0.034 0.844 0.017 0.014 0.011 0.013 0.014 0.026 0.026 
224  BAFF310    (0)   12 :  0.009 0.073 0.007 0.013 0.011 0.062 0.019 0.738 0.069 
225  BAFF282    (0)    1 :  0.044 0.027 0.731 0.070 0.024 0.054 0.013 0.017 0.020 
226  BAFF497    (0)    6 :  0.105 0.012 0.009 0.019 0.012 0.745 0.010 0.015 0.072 
227  BAFF466    (0)    7 :  0.026 0.061 0.012 0.061 0.127 0.079 0.143 0.033 0.457 
228  BAFF200    (7)    8 :  0.016 0.024 0.011 0.660 0.072 0.017 0.030 0.022 0.148 
229  BAFF240    (0)   10 :  0.016 0.057 0.014 0.046 0.092 0.019 0.616 0.009 0.131 
230  BAFF055    (0)   12 :  0.010 0.119 0.018 0.039 0.023 0.019 0.009 0.745 0.018 
231  BAFF311    (7)   12 :  0.006 0.021 0.028 0.498 0.401 0.016 0.017 0.006 0.008 


Estimated Allele Frequencies in each cluster
First column gives estimated ancestral frequencies


Locus 1 : btern01 
9 alleles
0.0% missing data
   1   (0.141) 0.155 0.159 0.124 0.197 0.060 0.184 0.130 0.036 0.129 
   2   (0.018) 0.003 0.004 0.024 0.005 0.005 0.008 0.004 0.004 0.016 
   3   (0.160) 0.194 0.211 0.064 0.080 0.228 0.278 0.146 0.092 0.154 
   4   (0.210) 0.308 0.202 0.206 0.221 0.179 0.109 0.254 0.163 0.242 
   5   (0.284) 0.126 0.339 0.441 0.235 0.140 0.312 0.375 0.344 0.354 
   6   (0.075) 0.085 0.055 0.033 0.083 0.033 0.053 0.023 0.333 0.042 
   7   (0.055) 0.014 0.015 0.080 0.118 0.317 0.014 0.052 0.018 0.026 
   8   (0.016) 0.029 0.005 0.018 0.005 0.003 0.007 0.002 0.002 0.004 
   9   (0.042) 0.085 0.010 0.008 0.055 0.035 0.035 0.014 0.008 0.033 

Locus 2 : bt28 
5 alleles
0.0% missing data
   1   (0.673) 0.750 0.751 0.774 0.644 0.525 0.689 0.662 0.720 0.656 
   2   (0.151) 0.170 0.137 0.169 0.227 0.100 0.089 0.053 0.096 0.146 
   3   (0.143) 0.070 0.103 0.038 0.120 0.370 0.095 0.275 0.178 0.181 
   4   (0.022) 0.008 0.006 0.005 0.006 0.004 0.124 0.007 0.004 0.015 
   5   (0.011) 0.003 0.002 0.014 0.003 0.002 0.003 0.002 0.002 0.003 

Locus 3 : b96 
8 alleles
0.9% missing data
   1   (0.328) 0.212 0.441 0.359 0.434 0.287 0.378 0.191 0.317 0.279 
   2   (0.485) 0.737 0.347 0.428 0.456 0.585 0.509 0.574 0.514 0.633 
   3   (0.044) 0.012 0.061 0.011 0.024 0.036 0.022 0.092 0.044 0.038 
   4   (0.016) 0.003 0.003 0.004 0.004 0.003 0.006 0.101 0.003 0.007 
   5   (0.050) 0.012 0.055 0.026 0.031 0.055 0.049 0.011 0.034 0.021 
   6   (0.027) 0.005 0.013 0.095 0.031 0.023 0.006 0.006 0.005 0.006 
   7   (0.036) 0.017 0.077 0.073 0.015 0.008 0.026 0.022 0.007 0.012 
   8   (0.014) 0.002 0.003 0.003 0.006 0.003 0.003 0.002 0.076 0.003 

Locus 4 : bt30 
12 alleles
0.9% missing data
   1   (0.113) 0.036 0.062 0.274 0.118 0.218 0.074 0.035 0.110 0.139 
   2   (0.287) 0.375 0.292 0.286 0.277 0.296 0.290 0.198 0.288 0.352 
   3   (0.074) 0.106 0.034 0.018 0.036 0.037 0.151 0.082 0.026 0.189 
   4   (0.185) 0.148 0.233 0.106 0.241 0.165 0.210 0.164 0.240 0.169 
   5   (0.014) 0.003 0.003 0.003 0.023 0.005 0.004 0.002 0.003 0.005 
   6   (0.100) 0.076 0.057 0.109 0.192 0.198 0.136 0.031 0.047 0.046 
   7   (0.034) 0.027 0.043 0.022 0.014 0.016 0.017 0.013 0.019 0.021 
   8   (0.050) 0.010 0.079 0.046 0.013 0.011 0.038 0.073 0.067 0.023 
   9   (0.102) 0.198 0.174 0.062 0.044 0.048 0.071 0.396 0.194 0.045 
  10   (0.013) 0.004 0.003 0.069 0.003 0.002 0.003 0.002 0.002 0.003 
  11   (0.015) 0.003 0.017 0.003 0.038 0.004 0.004 0.002 0.003 0.004 
  12   (0.010) 0.013 0.003 0.002 0.003 0.002 0.004 0.002 0.002 0.004 

Locus 5 : btms0081 
3 alleles
0.9% missing data
   1   (0.500) 0.303 0.378 0.589 0.535 0.692 0.561 0.665 0.305 0.592 
   2   (0.350) 0.463 0.450 0.218 0.311 0.236 0.360 0.282 0.488 0.303 
   3   (0.150) 0.234 0.172 0.193 0.155 0.072 0.079 0.054 0.207 0.105 

Locus 6 : btms0066 
24 alleles
0.0% missing data
   1   (0.254) 0.211 0.315 0.376 0.260 0.401 0.206 0.150 0.382 0.334 
   2   (0.013) 0.030 0.003 0.055 0.003 0.002 0.003 0.002 0.002 0.005 
   3   (0.035) 0.012 0.121 0.006 0.021 0.024 0.015 0.012 0.011 0.039 
   4   (0.154) 0.379 0.100 0.057 0.273 0.110 0.232 0.040 0.126 0.242 
   5   (0.100) 0.072 0.190 0.030 0.094 0.039 0.137 0.029 0.101 0.155 
   6   (0.052) 0.056 0.041 0.011 0.109 0.200 0.019 0.136 0.015 0.021 
   7   (0.018) 0.003 0.004 0.016 0.027 0.046 0.004 0.003 0.003 0.008 
   8   (0.055) 0.042 0.028 0.083 0.028 0.015 0.106 0.030 0.035 0.030 
   9   (0.022) 0.005 0.028 0.004 0.009 0.006 0.005 0.327 0.005 0.010 
  10   (0.029) 0.006 0.006 0.152 0.009 0.007 0.023 0.041 0.005 0.026 
  11   (0.020) 0.014 0.006 0.151 0.007 0.007 0.006 0.004 0.014 0.006 
  12   (0.033) 0.098 0.021 0.007 0.009 0.007 0.137 0.007 0.015 0.018 
  13   (0.026) 0.007 0.021 0.006 0.007 0.043 0.007 0.025 0.016 0.016 
  14   (0.022) 0.004 0.005 0.004 0.008 0.004 0.005 0.075 0.046 0.008 
  15   (0.018) 0.008 0.017 0.004 0.007 0.003 0.051 0.003 0.003 0.015 
  16   (0.029) 0.007 0.010 0.006 0.042 0.015 0.008 0.054 0.100 0.011 
  17   (0.024) 0.021 0.028 0.010 0.006 0.028 0.006 0.035 0.033 0.016 
  18   (0.011) 0.002 0.002 0.002 0.002 0.002 0.002 0.002 0.034 0.002 
  19   (0.015) 0.002 0.037 0.002 0.007 0.003 0.003 0.002 0.003 0.003 
  20   (0.019) 0.012 0.005 0.005 0.044 0.007 0.008 0.006 0.009 0.007 
  21   (0.018) 0.003 0.004 0.005 0.017 0.019 0.005 0.008 0.004 0.011 
  22   (0.011) 0.002 0.002 0.002 0.005 0.007 0.003 0.002 0.002 0.007 
  23   (0.012) 0.002 0.003 0.002 0.003 0.002 0.003 0.002 0.033 0.003 
  24   (0.011) 0.002 0.002 0.004 0.003 0.002 0.006 0.003 0.002 0.007 

Locus 7 : btms0083 
31 alleles
3.0% missing data
   1   (0.012) 0.002 0.003 0.236 0.003 0.006 0.003 0.006 0.002 0.003 
   2   (0.026) 0.004 0.032 0.107 0.008 0.006 0.007 0.011 0.005 0.022 
   3   (0.036) 0.007 0.012 0.007 0.032 0.080 0.020 0.123 0.010 0.021 
   4   (0.040) 0.014 0.020 0.056 0.023 0.069 0.015 0.024 0.010 0.065 
   5   (0.202) 0.147 0.223 0.231 0.324 0.323 0.165 0.145 0.262 0.228 
   6   (0.019) 0.008 0.005 0.005 0.036 0.008 0.009 0.010 0.004 0.022 
   7   (0.061) 0.051 0.123 0.020 0.026 0.043 0.045 0.049 0.147 0.111 
   8   (0.035) 0.010 0.135 0.016 0.015 0.009 0.075 0.008 0.013 0.026 
   9   (0.037) 0.030 0.034 0.008 0.058 0.037 0.026 0.008 0.007 0.035 
  10   (0.021) 0.005 0.012 0.006 0.129 0.023 0.006 0.005 0.012 0.008 
  11   (0.056) 0.083 0.031 0.016 0.048 0.023 0.130 0.415 0.010 0.052 
  12   (0.019) 0.010 0.004 0.034 0.007 0.009 0.006 0.003 0.004 0.016 
  13   (0.054) 0.054 0.085 0.011 0.053 0.023 0.091 0.026 0.069 0.026 
  14   (0.030) 0.016 0.013 0.006 0.012 0.012 0.146 0.008 0.006 0.095 
  15   (0.029) 0.050 0.012 0.019 0.028 0.012 0.044 0.007 0.006 0.013 
  16   (0.027) 0.010 0.006 0.033 0.038 0.073 0.015 0.008 0.005 0.038 
  17   (0.024) 0.351 0.009 0.041 0.024 0.010 0.009 0.008 0.004 0.010 
  18   (0.055) 0.026 0.035 0.036 0.052 0.030 0.024 0.015 0.121 0.070 
  19   (0.018) 0.007 0.005 0.009 0.005 0.004 0.006 0.004 0.119 0.012 
  20   (0.026) 0.005 0.101 0.005 0.010 0.006 0.011 0.008 0.059 0.012 
  21   (0.010) 0.002 0.002 0.034 0.003 0.002 0.002 0.001 0.001 0.002 
  22   (0.012) 0.017 0.003 0.018 0.003 0.002 0.003 0.003 0.003 0.003 
  23   (0.018) 0.009 0.007 0.015 0.006 0.004 0.020 0.003 0.003 0.006 
  24   (0.011) 0.002 0.002 0.003 0.002 0.002 0.003 0.002 0.014 0.003 
  25   (0.028) 0.006 0.032 0.005 0.011 0.155 0.010 0.006 0.006 0.038 
  26   (0.015) 0.010 0.003 0.003 0.005 0.003 0.081 0.003 0.002 0.004 
  27   (0.025) 0.044 0.028 0.005 0.016 0.008 0.008 0.009 0.048 0.020 
  28   (0.020) 0.011 0.005 0.005 0.008 0.008 0.006 0.076 0.004 0.015 
  29   (0.013) 0.003 0.003 0.004 0.005 0.006 0.005 0.003 0.002 0.019 
  30   (0.013) 0.002 0.009 0.002 0.005 0.003 0.003 0.002 0.038 0.003 
  31   (0.009) 0.004 0.004 0.002 0.004 0.002 0.007 0.001 0.001 0.003 

Locus 8 : b126 
16 alleles
0.0% missing data
   1   (0.042) 0.010 0.026 0.043 0.053 0.053 0.047 0.008 0.013 0.015 
   2   (0.053) 0.073 0.048 0.137 0.028 0.016 0.059 0.011 0.009 0.033 
   3   (0.312) 0.502 0.400 0.181 0.283 0.275 0.284 0.573 0.384 0.394 
   4   (0.031) 0.054 0.009 0.007 0.012 0.022 0.051 0.005 0.007 0.039 
   5   (0.071) 0.049 0.030 0.020 0.144 0.122 0.037 0.030 0.040 0.148 
   6   (0.064) 0.017 0.143 0.014 0.024 0.027 0.138 0.015 0.163 0.070 
   7   (0.109) 0.051 0.137 0.022 0.203 0.108 0.089 0.228 0.141 0.074 
   8   (0.030) 0.012 0.014 0.007 0.011 0.007 0.050 0.006 0.081 0.012 
   9   (0.013) 0.002 0.003 0.002 0.024 0.033 0.003 0.002 0.002 0.003 
  10   (0.037) 0.016 0.012 0.026 0.086 0.082 0.014 0.009 0.048 0.019 
  11   (0.093) 0.044 0.090 0.409 0.051 0.045 0.102 0.090 0.024 0.118 
  12   (0.031) 0.006 0.032 0.029 0.008 0.008 0.017 0.005 0.031 0.030 
  13   (0.062) 0.136 0.030 0.094 0.019 0.148 0.048 0.010 0.048 0.033 
  14   (0.023) 0.024 0.006 0.004 0.024 0.006 0.047 0.004 0.004 0.007 
  15   (0.013) 0.003 0.017 0.002 0.025 0.003 0.003 0.002 0.002 0.003 
  16   (0.016) 0.003 0.004 0.003 0.005 0.046 0.013 0.005 0.003 0.005 

Locus 9 : btms0062 
34 alleles
0.0% missing data
   1   (0.030) 0.007 0.007 0.078 0.045 0.021 0.012 0.045 0.008 0.050 
   2   (0.049) 0.249 0.020 0.101 0.056 0.043 0.030 0.019 0.012 0.038 
   3   (0.078) 0.062 0.253 0.098 0.074 0.025 0.054 0.065 0.059 0.100 
   4   (0.097) 0.025 0.037 0.053 0.212 0.159 0.157 0.196 0.198 0.100 
   5   (0.055) 0.014 0.068 0.021 0.062 0.035 0.040 0.088 0.013 0.182 
   6   (0.026) 0.022 0.030 0.007 0.009 0.025 0.020 0.020 0.005 0.025 
   7   (0.014) 0.003 0.006 0.003 0.005 0.004 0.008 0.002 0.002 0.015 
   8   (0.026) 0.012 0.034 0.007 0.011 0.005 0.083 0.004 0.005 0.017 
   9   (0.048) 0.024 0.015 0.022 0.049 0.016 0.131 0.059 0.019 0.037 
  10   (0.055) 0.017 0.020 0.039 0.078 0.059 0.077 0.010 0.057 0.070 
  11   (0.067) 0.036 0.059 0.017 0.052 0.249 0.052 0.276 0.037 0.058 
  12   (0.045) 0.294 0.034 0.009 0.082 0.046 0.017 0.009 0.033 0.022 
  13   (0.049) 0.013 0.050 0.027 0.078 0.129 0.049 0.017 0.019 0.018 
  14   (0.039) 0.015 0.040 0.010 0.015 0.018 0.055 0.009 0.288 0.042 
  15   (0.012) 0.004 0.126 0.002 0.006 0.003 0.004 0.003 0.003 0.004 
  16   (0.019) 0.007 0.017 0.004 0.006 0.004 0.004 0.075 0.009 0.008 
  17   (0.017) 0.013 0.003 0.159 0.013 0.005 0.005 0.003 0.003 0.006 
  18   (0.014) 0.005 0.004 0.003 0.020 0.027 0.004 0.003 0.002 0.004 
  19   (0.050) 0.059 0.015 0.083 0.032 0.013 0.038 0.008 0.098 0.034 
  20   (0.009) 0.001 0.002 0.036 0.002 0.001 0.002 0.001 0.001 0.002 
  21   (0.032) 0.039 0.011 0.045 0.011 0.032 0.043 0.007 0.006 0.030 
  22   (0.015) 0.003 0.019 0.109 0.003 0.003 0.005 0.002 0.003 0.007 
  23   (0.012) 0.002 0.002 0.028 0.003 0.003 0.003 0.002 0.002 0.006 
  24   (0.015) 0.009 0.004 0.003 0.006 0.004 0.054 0.003 0.007 0.018 
  25   (0.009) 0.002 0.002 0.006 0.003 0.004 0.005 0.001 0.002 0.017 
  26   (0.029) 0.035 0.017 0.008 0.032 0.044 0.013 0.017 0.032 0.054 
  27   (0.016) 0.005 0.050 0.003 0.013 0.007 0.004 0.023 0.006 0.007 
  28   (0.009) 0.001 0.026 0.002 0.002 0.001 0.002 0.002 0.002 0.002 
  29   (0.011) 0.009 0.003 0.005 0.003 0.002 0.003 0.021 0.002 0.007 
  30   (0.011) 0.002 0.002 0.002 0.002 0.002 0.002 0.002 0.033 0.002 
  31   (0.014) 0.003 0.014 0.003 0.003 0.003 0.008 0.002 0.003 0.010 
  32   (0.011) 0.002 0.003 0.002 0.008 0.005 0.003 0.005 0.002 0.003 
  33   (0.010) 0.004 0.004 0.002 0.004 0.002 0.007 0.001 0.002 0.003 
  34   (0.008) 0.001 0.003 0.001 0.002 0.001 0.004 0.002 0.026 0.003 

Locus 10 : btern02 
25 alleles
4.8% missing data
   1   (0.108) 0.150 0.150 0.139 0.106 0.067 0.157 0.235 0.045 0.066 
   2   (0.010) 0.002 0.002 0.017 0.003 0.002 0.002 0.002 0.002 0.003 
   3   (0.082) 0.111 0.090 0.027 0.153 0.062 0.121 0.041 0.023 0.122 
   4   (0.051) 0.068 0.022 0.013 0.095 0.164 0.038 0.009 0.100 0.028 
   5   (0.026) 0.013 0.012 0.012 0.017 0.041 0.019 0.038 0.007 0.026 
   6   (0.042) 0.017 0.023 0.013 0.039 0.030 0.032 0.110 0.018 0.138 
   7   (0.030) 0.012 0.020 0.006 0.043 0.010 0.014 0.005 0.146 0.013 
   8   (0.035) 0.016 0.039 0.109 0.018 0.013 0.017 0.023 0.007 0.041 
   9   (0.074) 0.051 0.204 0.069 0.100 0.095 0.033 0.035 0.041 0.061 
  10   (0.032) 0.109 0.009 0.007 0.013 0.023 0.049 0.006 0.006 0.092 
  11   (0.058) 0.089 0.126 0.016 0.039 0.019 0.092 0.016 0.062 0.051 
  12   (0.034) 0.093 0.021 0.140 0.011 0.013 0.015 0.018 0.006 0.026 
  13   (0.049) 0.022 0.017 0.054 0.041 0.083 0.071 0.012 0.055 0.027 
  14   (0.054) 0.052 0.025 0.174 0.054 0.029 0.043 0.016 0.123 0.022 
  15   (0.012) 0.002 0.002 0.002 0.002 0.002 0.002 0.184 0.002 0.002 
  16   (0.047) 0.018 0.025 0.050 0.020 0.015 0.086 0.011 0.049 0.057 
  17   (0.024) 0.007 0.007 0.005 0.014 0.036 0.017 0.019 0.057 0.040 
  18   (0.049) 0.061 0.027 0.011 0.067 0.017 0.051 0.015 0.168 0.044 
  19   (0.036) 0.021 0.088 0.007 0.045 0.093 0.013 0.044 0.009 0.043 
  20   (0.034) 0.014 0.023 0.048 0.016 0.139 0.057 0.006 0.007 0.028 
  21   (0.026) 0.031 0.011 0.039 0.008 0.007 0.025 0.005 0.010 0.019 
  22   (0.014) 0.013 0.004 0.013 0.003 0.004 0.005 0.002 0.007 0.005 
  23   (0.029) 0.016 0.032 0.020 0.056 0.014 0.027 0.012 0.006 0.012 
  24   (0.030) 0.007 0.016 0.006 0.024 0.008 0.008 0.133 0.041 0.027 
  25   (0.015) 0.005 0.004 0.003 0.011 0.014 0.004 0.003 0.005 0.008 

Locus 11 : btms0086 
3 alleles
0.0% missing data
   1   (0.839) 0.820 0.913 0.776 0.823 0.732 0.893 0.969 0.925 0.815 
   2   (0.139) 0.175 0.047 0.204 0.171 0.264 0.102 0.028 0.068 0.171 
   3   (0.022) 0.005 0.040 0.019 0.006 0.004 0.005 0.003 0.007 0.014 

Locus 12 : bl13 
3 alleles
0.0% missing data
   1   (0.072) 0.029 0.024 0.230 0.070 0.025 0.031 0.018 0.328 0.037 
   2   (0.830) 0.939 0.857 0.751 0.802 0.891 0.861 0.701 0.611 0.897 
   3   (0.098) 0.032 0.119 0.019 0.128 0.084 0.108 0.281 0.061 0.066 

Locus 13 : btms0059 
9 alleles
0.0% missing data
   1   (0.343) 0.162 0.532 0.362 0.374 0.316 0.340 0.497 0.291 0.341 
   2   (0.106) 0.261 0.056 0.111 0.074 0.032 0.279 0.230 0.018 0.094 
   3   (0.064) 0.026 0.062 0.126 0.053 0.020 0.032 0.026 0.117 0.029 
   4   (0.056) 0.022 0.031 0.046 0.096 0.067 0.032 0.012 0.021 0.033 
   5   (0.081) 0.058 0.069 0.035 0.060 0.029 0.097 0.039 0.044 0.141 
   6   (0.300) 0.427 0.227 0.309 0.325 0.519 0.178 0.181 0.501 0.313 
   7   (0.017) 0.033 0.004 0.003 0.005 0.003 0.025 0.008 0.003 0.009 
   8   (0.022) 0.005 0.017 0.005 0.010 0.011 0.011 0.005 0.004 0.034 
   9   (0.011) 0.005 0.003 0.003 0.004 0.002 0.006 0.002 0.002 0.006 

Values of parameters used in structure:
DATAFILE=/Users/johnmola/Desktop/rpbbfeb27/rpbbstructure/project_data,	OUTFILE=/Users/johnmola/Desktop/rpbbfeb27/rpbbstructure/rpbb20k100k/Results/rpbb20k100k_run_82,	NUMINDS=231,	NUMLOCI=13,	MISSING=-9,	LABEL=1,	POPDATA=1,	POPFLAG=0,	PHENOTYPE=0,	EXTRACOLS=0,	MAXPOPS=9,	BURNIN=20000,	NUMREPS=100000,	USEPOPINFO=0,	INFERALPHA=1,	INFERLAMBDA=0,	POPSPECIFICLAMBDA=0,	POPALPHAS=0,	COMPUTEPROB=1,	NOADMIX=0,	ADMBURNIN=2500,	UPDATEFREQ=1,	PRINTLIKES=0,	INTERMEDSAVE=0,	PRINTKLD=0,	PRINTNET=0,	PRINTLAMBDA=0,	ANCESTDIST=0,	NUMBOXES=1000,	ANCESTPINT=0.90000,	GENSBACK=2,	MIGRPRIOR=0.05000,	PRINTQHAT=0,	PRINTQSUM=0,	ALPHA=1.0000,	FREQSCORR=1,	FPRIORMEAN=0.0100,	FPRIORSD=0.0500,	ONEFST=0,	LAMBDA=1.0000,	UNIFPRIORALPHA=1,	ALPHAMAX=10.0000,	ALPHAPRIORA=1.0000,	ALPHAPRIORB=2.0000,	ALPHAPROPSD=0.0250,	STARTATPOPINFO=0,	RANDOMIZE=1,	LINKAGE=0,	METROFREQ=10,	REPORTHITRATE=0,	MARKOVPHASE=-1,	PHASED=0,	PLOIDY=2,	PHASEINFO=0	LOCPRIOR=0, 	LOCPRIORINIT=1.000000, 	LOCDATA=0, 	LOCISPOP=0, 	LOCPRIORSTEP=0.100000, 	MAXLOCPRIOR=20.000000, 	SEED=1677522959,	
[STRAT parameters]:    NUMSIMSTATS=1000,	PHENOTYPECOL=-9,	POOLFREQ=10,	LOCUSxONLY=0,	EMERROR=0.00100,	MISSINGPHENO=-9,	