

----------------------------------------------------
STRUCTURE by Pritchard, Stephens and Donnelly (2000)
     and Falush, Stephens and Pritchard (2003)
       Code by Pritchard, Falush and Hubisz
             Version 2.3.4 (Jul 2012)
----------------------------------------------------



Command line arguments:   bin/structure -m "/Users/johnmola/Desktop/rpbbfeb27/rpbbstructure/rpbb20k100k/mainparams" -e "/Users/johnmola/Desktop/rpbbfeb27/rpbbstructure/rpbb20k100k/extraparams" 
Input File:    /Users/johnmola/Desktop/rpbbfeb27/rpbbstructure/project_data

Run parameters:
   231 individuals
   13 loci
   8 populations assumed
   20000 Burn-in period
   100000 Reps


--------------------------------------------
Proportion of membership of each pre-defined
 population in each of the 8 clusters

Given    Inferred Clusters                                          Number of
 Pop       1      2      3      4      5      6      7      8      Individuals

  1:     0.765  0.051  0.035  0.056  0.029  0.014  0.015  0.036       21
  2:     0.021  0.179  0.099  0.183  0.262  0.014  0.161  0.079        7
  3:     0.078  0.183  0.053  0.204  0.207  0.032  0.073  0.170        7
  4:     0.050  0.148  0.147  0.175  0.066  0.066  0.109  0.239        8
  5:     0.043  0.195  0.277  0.251  0.069  0.023  0.013  0.128        4
  6:     0.035  0.184  0.069  0.177  0.217  0.091  0.078  0.148       35
  7:     0.063  0.251  0.095  0.243  0.166  0.032  0.046  0.104       40
  8:     0.053  0.161  0.098  0.136  0.163  0.092  0.073  0.224       19
  9:     0.250  0.157  0.062  0.143  0.059  0.036  0.047  0.247        4
 10:     0.026  0.112  0.152  0.057  0.215  0.212  0.102  0.124       11
 11:     0.137  0.053  0.050  0.131  0.017  0.012  0.576  0.024        8
 12:     0.039  0.082  0.314  0.072  0.087  0.302  0.069  0.035       60
 13:     0.039  0.226  0.074  0.113  0.104  0.022  0.019  0.403        7
--------------------------------------------

Allele-freq. divergence among pops (Net nucleotide distance),
computed using point estimates of P.

      1       2       3       4       5       6       7       8      
 1      -    0.0279  0.0328  0.0285  0.0373  0.0433  0.0568  0.0470  
 2   0.0279     -    0.0188  0.0055  0.0215  0.0325  0.0327  0.0240  
 3   0.0328  0.0188     -    0.0161  0.0348  0.0315  0.0379  0.0370  
 4   0.0285  0.0055  0.0161     -    0.0250  0.0340  0.0325  0.0218  
 5   0.0373  0.0215  0.0348  0.0250     -    0.0432  0.0486  0.0389  
 6   0.0433  0.0325  0.0315  0.0340  0.0432     -    0.0546  0.0432  
 7   0.0568  0.0327  0.0379  0.0325  0.0486  0.0546     -    0.0513  
 8   0.0470  0.0240  0.0370  0.0218  0.0389  0.0432  0.0513     -    

Average distances (expected heterozygosity) between individuals in same cluster:
cluster  1  : 0.6848 
cluster  2  : 0.6771 
cluster  3  : 0.6727 
cluster  4  : 0.6883 
cluster  5  : 0.6857 
cluster  6  : 0.6742 
cluster  7  : 0.6400 
cluster  8  : 0.6586 

--------------------------------------------
Estimated Ln Prob of Data   = -9899.9
Mean value of ln likelihood = -9302.4
Variance of ln likelihood   = 1195.0
Mean value of alpha         = 0.0531

Mean value of Fst_1         = 0.0882
Mean value of Fst_2         = 0.0655
Mean value of Fst_3         = 0.0601
Mean value of Fst_4         = 0.0620
Mean value of Fst_5         = 0.0821
Mean value of Fst_6         = 0.1005
Mean value of Fst_7         = 0.1664
Mean value of Fst_8         = 0.1080


Inferred ancestry of individuals:
        Label (%Miss) Pop:  Inferred clusters
  1  BAFF014    (0)    1 :  0.898 0.024 0.010 0.026 0.012 0.006 0.009 0.015 
  2  BAFF379    (0)    2 :  0.017 0.222 0.305 0.185 0.065 0.013 0.114 0.077 
  3  BAFF212    (0)    3 :  0.025 0.375 0.035 0.187 0.253 0.056 0.024 0.046 
  4  BAFF018    (0)    4 :  0.008 0.279 0.354 0.145 0.025 0.020 0.160 0.009 
  5  BAFF247    (0)    4 :  0.008 0.255 0.243 0.408 0.044 0.013 0.014 0.015 
  6  BAFF024    (0)    5 :  0.017 0.035 0.022 0.345 0.154 0.042 0.011 0.374 
  7  BAFF088    (0)    6 :  0.011 0.072 0.043 0.049 0.735 0.032 0.036 0.021 
  8  BAFF429    (0)    6 :  0.013 0.399 0.129 0.192 0.059 0.010 0.034 0.164 
  9  BAFF087    (7)    7 :  0.008 0.009 0.006 0.006 0.953 0.006 0.006 0.006 
 10  BAFF225    (0)    7 :  0.032 0.175 0.020 0.160 0.371 0.017 0.010 0.215 
 11  BAFF195    (0)    8 :  0.048 0.061 0.087 0.105 0.095 0.012 0.539 0.054 
 12  BAFF238    (0)    9 :  0.096 0.105 0.032 0.090 0.036 0.036 0.025 0.581 
 13  BAFF019    (0)   10 :  0.025 0.085 0.026 0.040 0.044 0.745 0.026 0.011 
 14  BAFF175    (0)   10 :  0.012 0.085 0.335 0.057 0.185 0.062 0.038 0.226 
 15  BAFF156    (0)   11 :  0.005 0.005 0.008 0.005 0.005 0.006 0.961 0.005 
 16  BAFF301    (0)   11 :  0.834 0.029 0.017 0.028 0.017 0.021 0.012 0.041 
 17  BAFF141    (0)   12 :  0.133 0.148 0.645 0.046 0.007 0.006 0.010 0.005 
 18  BAFF302    (0)   12 :  0.027 0.116 0.026 0.640 0.026 0.043 0.015 0.106 
 19  BAFF290    (0)    1 :  0.783 0.031 0.082 0.023 0.014 0.013 0.008 0.047 
 20  BAFF498    (0)    6 :  0.199 0.246 0.024 0.252 0.049 0.064 0.078 0.088 
 21  BAFF455    (0)    7 :  0.020 0.041 0.044 0.022 0.727 0.029 0.023 0.093 
 22  BAFF203    (7)    8 :  0.010 0.120 0.036 0.054 0.736 0.011 0.011 0.022 
 23  BAFF056    (0)   12 :  0.018 0.067 0.016 0.046 0.009 0.813 0.005 0.025 
 24  BAFF327    (0)   12 :  0.059 0.021 0.662 0.035 0.035 0.142 0.033 0.013 
 25  BAFF255    (0)    1 :  0.934 0.011 0.010 0.013 0.009 0.007 0.006 0.011 
 26  BAFF256    (0)    1 :  0.943 0.007 0.007 0.007 0.010 0.011 0.005 0.010 
 27  BAFF257    (0)    1 :  0.958 0.006 0.006 0.005 0.007 0.005 0.004 0.007 
 28  BAFF260    (0)    1 :  0.935 0.008 0.007 0.009 0.018 0.007 0.005 0.012 
 29  BAFF259    (0)    1 :  0.936 0.009 0.009 0.008 0.008 0.015 0.007 0.009 
 30  BAFF261    (0)    1 :  0.936 0.012 0.011 0.009 0.009 0.008 0.007 0.008 
 31  BAFF274    (0)    1 :  0.815 0.037 0.019 0.055 0.032 0.014 0.011 0.017 
 32  BAFF262    (0)    1 :  0.895 0.012 0.022 0.014 0.033 0.009 0.008 0.007 
 33  BAFF294    (0)    1 :  0.911 0.009 0.008 0.011 0.040 0.008 0.007 0.006 
 34  BAFF292    (0)    1 :  0.704 0.013 0.024 0.015 0.008 0.010 0.015 0.211 
 35  BAFF296    (0)    1 :  0.737 0.014 0.014 0.016 0.008 0.013 0.016 0.182 
 36  BAFF295    (0)    1 :  0.825 0.016 0.049 0.018 0.025 0.013 0.008 0.045 
 37  BAFF298    (0)    1 :  0.876 0.026 0.017 0.026 0.010 0.019 0.009 0.017 
 38  BAFF299    (0)    1 :  0.924 0.008 0.007 0.007 0.010 0.026 0.011 0.006 
 39  BAFF375    (0)   13 :  0.012 0.010 0.008 0.010 0.011 0.008 0.007 0.933 
 40  BAFF376    (0)   13 :  0.013 0.021 0.018 0.039 0.044 0.024 0.008 0.832 
 41  BAFF377    (0)   13 :  0.013 0.008 0.007 0.011 0.008 0.008 0.007 0.939 
 42  BAFF022    (0)    5 :  0.087 0.209 0.375 0.255 0.018 0.009 0.018 0.028 
 43  BAFF021    (0)    5 :  0.041 0.082 0.677 0.135 0.031 0.014 0.008 0.013 
 44  BAFF499    (0)    6 :  0.008 0.032 0.042 0.042 0.016 0.802 0.021 0.036 
 45  BAFF204    (0)    8 :  0.009 0.404 0.071 0.400 0.023 0.046 0.013 0.035 
 46  BAFF068    (0)   12 :  0.080 0.025 0.025 0.030 0.008 0.808 0.011 0.012 
 47  BAFF336    (0)   12 :  0.012 0.095 0.075 0.042 0.026 0.540 0.194 0.015 
 48  BAFF447    (0)    7 :  0.008 0.312 0.021 0.580 0.024 0.013 0.023 0.020 
 49  BAFF457    (0)    7 :  0.027 0.210 0.025 0.636 0.012 0.008 0.032 0.050 
 50  BAFF448    (0)    7 :  0.074 0.182 0.041 0.102 0.515 0.007 0.044 0.034 
 51  BAFF465    (0)    7 :  0.013 0.024 0.017 0.021 0.887 0.011 0.014 0.013 
 52  BAFF194    (0)    8 :  0.027 0.091 0.027 0.537 0.036 0.012 0.017 0.252 
 53  BAFF199    (0)    8 :  0.016 0.479 0.137 0.207 0.013 0.018 0.080 0.049 
 54  BAFF500    (0)    6 :  0.219 0.320 0.012 0.176 0.094 0.086 0.008 0.084 
 55  BAFF206    (0)    8 :  0.045 0.034 0.527 0.046 0.109 0.049 0.012 0.178 
 56  BAFF069    (0)   12 :  0.009 0.018 0.017 0.011 0.015 0.892 0.019 0.020 
 57  BAFF330    (0)   12 :  0.018 0.094 0.060 0.034 0.616 0.025 0.133 0.020 
 58  BAFF239    (0)   10 :  0.037 0.084 0.258 0.026 0.020 0.469 0.091 0.014 
 59  BAFF241    (0)   10 :  0.043 0.120 0.065 0.029 0.010 0.664 0.058 0.012 
 60  BAFF157    (0)   11 :  0.005 0.007 0.007 0.008 0.006 0.006 0.954 0.007 
 61  BAFF161    (0)   11 :  0.004 0.006 0.005 0.005 0.005 0.005 0.964 0.005 
 62  BAFF160    (0)   11 :  0.004 0.005 0.007 0.007 0.008 0.005 0.959 0.005 
 63  BAFF008    (0)   12 :  0.039 0.073 0.044 0.051 0.612 0.139 0.018 0.024 
 64  BAFF013    (0)   12 :  0.011 0.031 0.094 0.030 0.774 0.014 0.023 0.024 
 65  BAFF407    (0)   12 :  0.009 0.018 0.022 0.013 0.014 0.895 0.017 0.013 
 66  BAFF503    (0)    6 :  0.006 0.233 0.016 0.082 0.052 0.522 0.068 0.020 
 67  BAFF449    (0)    7 :  0.011 0.024 0.584 0.015 0.320 0.024 0.010 0.012 
 68  BAFF207    (0)    8 :  0.013 0.034 0.021 0.039 0.051 0.559 0.005 0.277 
 69  BAFF070    (0)   12 :  0.009 0.013 0.032 0.012 0.014 0.897 0.009 0.014 
 70  BAFF335    (0)   12 :  0.010 0.012 0.913 0.013 0.010 0.022 0.013 0.007 
 71  BAFF507    (0)    6 :  0.053 0.066 0.013 0.476 0.018 0.009 0.022 0.342 
 72  BAFF450    (0)    7 :  0.173 0.124 0.043 0.085 0.028 0.046 0.145 0.355 
 73  BAFF209    (7)    8 :  0.031 0.062 0.126 0.076 0.196 0.031 0.095 0.383 
 74  BAFF072    (0)   12 :  0.011 0.038 0.539 0.023 0.015 0.046 0.316 0.012 
 75  BAFF339    (0)   12 :  0.013 0.109 0.089 0.085 0.011 0.279 0.014 0.401 
 76  BAFF508    (0)    6 :  0.071 0.152 0.043 0.046 0.015 0.016 0.636 0.020 
 77  BAFF451    (0)    7 :  0.010 0.186 0.048 0.622 0.056 0.022 0.016 0.040 
 78  BAFF210    (0)    8 :  0.084 0.092 0.019 0.074 0.119 0.402 0.008 0.203 
 79  BAFF139    (0)   12 :  0.034 0.156 0.076 0.594 0.025 0.011 0.029 0.074 
 80  BAFF341    (0)   12 :  0.017 0.516 0.098 0.137 0.032 0.021 0.066 0.113 
 81  BAFF509    (0)    6 :  0.060 0.039 0.069 0.034 0.692 0.046 0.009 0.051 
 82  BAFF453    (0)    7 :  0.010 0.084 0.049 0.029 0.029 0.043 0.014 0.742 
 83  BAFF389    (0)    8 :  0.015 0.009 0.015 0.010 0.021 0.006 0.215 0.709 
 84  BAFF163    (0)   12 :  0.004 0.008 0.005 0.007 0.008 0.888 0.008 0.071 
 85  BAFF344    (7)   12 :  0.009 0.039 0.591 0.034 0.023 0.217 0.035 0.050 
 86  BAFF510    (0)    6 :  0.011 0.050 0.055 0.383 0.286 0.030 0.065 0.120 
 87  BAFF456    (0)    7 :  0.018 0.183 0.040 0.621 0.011 0.038 0.012 0.078 
 88  BAFF390    (0)    8 :  0.006 0.046 0.006 0.013 0.006 0.005 0.011 0.906 
 89  BAFF142    (0)   12 :  0.289 0.136 0.416 0.042 0.012 0.071 0.026 0.009 
 90  BAFF363    (7)   12 :  0.007 0.012 0.026 0.009 0.011 0.892 0.033 0.009 
 91  BAFF517    (0)    6 :  0.008 0.040 0.047 0.441 0.018 0.026 0.014 0.407 
 92  BAFF458    (0)    7 :  0.035 0.653 0.028 0.191 0.032 0.027 0.015 0.018 
 93  BAFF391    (0)    8 :  0.194 0.098 0.115 0.165 0.041 0.343 0.018 0.026 
 94  BAFF149    (0)   12 :  0.011 0.028 0.830 0.021 0.010 0.027 0.031 0.042 
 95  BAFF366    (7)   12 :  0.009 0.055 0.701 0.150 0.006 0.014 0.031 0.035 
 96  BAFF512    (0)    6 :  0.152 0.285 0.018 0.317 0.089 0.036 0.026 0.076 
 97  BAFF460    (0)    7 :  0.017 0.140 0.539 0.232 0.011 0.015 0.020 0.024 
 98  BAFF138    (0)   12 :  0.017 0.018 0.892 0.016 0.007 0.019 0.019 0.013 
 99  BAFF374    (0)   12 :  0.038 0.014 0.023 0.014 0.578 0.259 0.049 0.024 
100  BAFF015    (0)    1 :  0.883 0.037 0.012 0.030 0.009 0.012 0.007 0.009 
101  BAFF380    (0)    2 :  0.013 0.311 0.044 0.100 0.122 0.031 0.358 0.021 
102  BAFF216    (0)    3 :  0.030 0.372 0.019 0.343 0.090 0.028 0.014 0.104 
103  BAFF017    (0)    4 :  0.020 0.058 0.005 0.175 0.014 0.026 0.006 0.696 
104  BAFF245    (0)    4 :  0.108 0.146 0.361 0.175 0.090 0.029 0.013 0.079 
105  BAFF378    (7)   13 :  0.183 0.477 0.021 0.244 0.013 0.012 0.019 0.030 
106  BAFF023    (0)    5 :  0.029 0.455 0.033 0.270 0.071 0.029 0.014 0.098 
107  BAFF079    (0)    6 :  0.040 0.178 0.154 0.307 0.090 0.039 0.034 0.157 
108  BAFF435    (0)    6 :  0.008 0.566 0.027 0.317 0.014 0.021 0.024 0.023 
109  BAFF174    (7)    7 :  0.007 0.170 0.018 0.055 0.019 0.019 0.014 0.697 
110  BAFF226    (0)    7 :  0.012 0.246 0.041 0.642 0.009 0.009 0.017 0.025 
111  BAFF190    (0)    8 :  0.016 0.326 0.109 0.088 0.337 0.064 0.044 0.016 
112  BAFF243    (0)    9 :  0.071 0.127 0.096 0.203 0.034 0.007 0.114 0.349 
113  BAFF177    (0)   10 :  0.031 0.041 0.071 0.032 0.645 0.009 0.022 0.150 
114  BAFF364    (7)   11 :  0.012 0.115 0.015 0.048 0.069 0.019 0.701 0.022 
115  BAFF305    (0)   12 :  0.023 0.033 0.840 0.027 0.012 0.026 0.015 0.024 
116  BAFF513    (0)    6 :  0.051 0.261 0.024 0.140 0.437 0.017 0.015 0.055 
117  BAFF462    (0)    7 :  0.404 0.298 0.014 0.090 0.101 0.061 0.020 0.011 
118  BAFF143    (0)   12 :  0.007 0.049 0.666 0.056 0.053 0.065 0.063 0.042 
119  BAFF403    (0)   12 :  0.007 0.010 0.009 0.007 0.008 0.940 0.010 0.008 
120  BAFF514    (0)    6 :  0.007 0.135 0.030 0.045 0.495 0.248 0.010 0.030 
121  BAFF463    (0)    7 :  0.006 0.007 0.005 0.006 0.957 0.004 0.009 0.006 
122  BAFF137    (0)   12 :  0.009 0.027 0.796 0.020 0.120 0.008 0.012 0.007 
123  BAFF404    (0)   12 :  0.014 0.011 0.010 0.011 0.009 0.912 0.024 0.009 
124  BAFF515    (0)    6 :  0.021 0.115 0.091 0.190 0.449 0.029 0.048 0.058 
125  BAFF144    (0)   12 :  0.011 0.385 0.074 0.083 0.104 0.065 0.260 0.019 
126  BAFF405    (7)   12 :  0.039 0.113 0.519 0.041 0.064 0.025 0.186 0.014 
127  BAFF518    (0)    6 :  0.011 0.095 0.311 0.055 0.013 0.458 0.020 0.038 
128  BAFF467    (0)    7 :  0.018 0.510 0.030 0.238 0.056 0.037 0.013 0.099 
129  BAFF145    (0)   12 :  0.069 0.072 0.275 0.054 0.024 0.011 0.476 0.018 
130  BAFF406    (0)   12 :  0.009 0.030 0.052 0.031 0.052 0.326 0.471 0.029 
131  BAFF519    (0)    6 :  0.013 0.107 0.080 0.132 0.066 0.013 0.018 0.570 
132  BAFF471    (0)    7 :  0.082 0.232 0.261 0.187 0.139 0.025 0.027 0.047 
133  BAFF136    (0)   12 :  0.006 0.018 0.195 0.014 0.034 0.664 0.009 0.059 
134  BAFF520    (7)    6 :  0.025 0.522 0.032 0.217 0.041 0.063 0.018 0.082 
135  BAFF472    (0)    7 :  0.023 0.456 0.037 0.165 0.153 0.024 0.078 0.065 
136  BAFF165    (0)   12 :  0.062 0.083 0.530 0.209 0.022 0.059 0.010 0.025 
137  BAFF408    (0)   12 :  0.035 0.053 0.672 0.028 0.014 0.080 0.099 0.019 
138  BAFF522    (0)    6 :  0.023 0.262 0.050 0.095 0.484 0.046 0.017 0.023 
139  BAFF475    (0)    7 :  0.008 0.116 0.052 0.427 0.042 0.050 0.023 0.281 
140  BAFF140    (0)   12 :  0.019 0.033 0.525 0.052 0.210 0.029 0.063 0.070 
141  BAFF409    (0)   12 :  0.100 0.014 0.014 0.014 0.061 0.768 0.012 0.016 
142  BAFF523    (0)    6 :  0.014 0.373 0.013 0.112 0.370 0.009 0.084 0.025 
143  BAFF476    (0)    7 :  0.009 0.102 0.064 0.301 0.014 0.030 0.257 0.223 
144  BAFF147    (0)   12 :  0.014 0.027 0.710 0.026 0.043 0.149 0.015 0.017 
145  BAFF410    (0)   12 :  0.016 0.037 0.191 0.082 0.008 0.616 0.011 0.038 
146  BAFF477    (0)    7 :  0.075 0.241 0.091 0.527 0.016 0.006 0.014 0.029 
147  BAFF411    (0)   12 :  0.534 0.050 0.076 0.029 0.015 0.086 0.104 0.106 
148  BAFF486    (7)    7 :  0.009 0.570 0.014 0.369 0.006 0.007 0.010 0.017 
149  BAFF412    (7)   12 :  0.049 0.017 0.024 0.042 0.114 0.712 0.020 0.021 
150  BAFF258    (0)    1 :  0.165 0.344 0.016 0.152 0.246 0.024 0.041 0.013 
151  BAFF392    (0)    2 :  0.005 0.182 0.011 0.046 0.647 0.006 0.071 0.030 
152  BAFF217    (0)    3 :  0.012 0.114 0.058 0.094 0.011 0.017 0.037 0.657 
153  BAFF016    (0)    4 :  0.005 0.023 0.040 0.307 0.010 0.044 0.149 0.422 
154  BAFF246    (0)    4 :  0.012 0.060 0.027 0.075 0.091 0.031 0.048 0.656 
155  BAFF381    (0)   13 :  0.011 0.259 0.348 0.259 0.028 0.041 0.015 0.038 
156  BAFF078    (0)    6 :  0.006 0.035 0.428 0.010 0.014 0.062 0.429 0.015 
157  BAFF481    (0)    6 :  0.028 0.366 0.215 0.178 0.042 0.046 0.023 0.102 
158  BAFF436    (0)    7 :  0.092 0.152 0.056 0.132 0.363 0.049 0.044 0.113 
159  BAFF191    (0)    8 :  0.010 0.190 0.031 0.111 0.075 0.017 0.012 0.554 
160  BAFF382    (0)    9 :  0.008 0.376 0.049 0.252 0.136 0.089 0.041 0.049 
161  BAFF178    (0)   10 :  0.009 0.022 0.024 0.025 0.603 0.061 0.008 0.247 
162  BAFF159    (7)   11 :  0.011 0.125 0.011 0.755 0.013 0.015 0.009 0.060 
163  BAFF365    (7)   11 :  0.221 0.135 0.328 0.192 0.015 0.020 0.044 0.045 
164  BAFF007    (0)   12 :  0.080 0.191 0.203 0.243 0.042 0.028 0.138 0.076 
165  BAFF304    (7)   12 :  0.013 0.077 0.572 0.098 0.014 0.098 0.116 0.013 
166  BAFF487    (0)    7 :  0.018 0.539 0.012 0.137 0.097 0.030 0.102 0.065 
167  BAFF415    (0)   12 :  0.064 0.031 0.187 0.098 0.044 0.536 0.026 0.015 
168  BAFF488    (0)    7 :  0.582 0.095 0.059 0.178 0.011 0.013 0.016 0.046 
169  BAFF417    (0)   12 :  0.017 0.062 0.477 0.043 0.035 0.324 0.021 0.021 
170  BAFF489    (0)    7 :  0.008 0.342 0.234 0.229 0.044 0.034 0.088 0.021 
171  BAFF426    (0)   12 :  0.016 0.015 0.015 0.014 0.024 0.896 0.008 0.013 
172  BAFF490    (7)    7 :  0.021 0.266 0.019 0.432 0.046 0.010 0.160 0.046 
173  BAFF491    (0)    7 :  0.047 0.416 0.030 0.153 0.213 0.009 0.093 0.040 
174  BAFF492    (0)    7 :  0.007 0.561 0.025 0.315 0.018 0.019 0.014 0.041 
175  BAFF493    (0)    7 :  0.415 0.301 0.022 0.095 0.088 0.036 0.017 0.027 
176  BAFF506    (0)    7 :  0.058 0.677 0.011 0.168 0.032 0.011 0.016 0.027 
177  BAFF393    (0)    2 :  0.028 0.246 0.094 0.130 0.012 0.010 0.439 0.039 
178  BAFF218    (0)    3 :  0.064 0.165 0.068 0.250 0.094 0.027 0.022 0.310 
179  BAFF254    (0)    4 :  0.044 0.255 0.129 0.057 0.018 0.012 0.473 0.011 
180  BAFF385    (0)   13 :  0.022 0.547 0.042 0.130 0.153 0.047 0.032 0.027 
181  BAFF076    (0)    6 :  0.010 0.015 0.009 0.008 0.924 0.011 0.012 0.010 
182  BAFF482    (0)    6 :  0.009 0.354 0.083 0.352 0.108 0.064 0.016 0.013 
183  BAFF437    (0)    7 :  0.019 0.108 0.380 0.443 0.023 0.011 0.006 0.010 
184  BAFF192    (0)    8 :  0.017 0.054 0.076 0.036 0.523 0.013 0.179 0.101 
185  BAFF383    (0)    9 :  0.826 0.020 0.071 0.026 0.029 0.011 0.007 0.009 
186  BAFF180    (0)   10 :  0.009 0.055 0.013 0.041 0.184 0.096 0.011 0.591 
187  BAFF048    (7)   12 :  0.041 0.328 0.019 0.127 0.039 0.009 0.427 0.010 
188  BAFF306    (0)   12 :  0.011 0.061 0.706 0.039 0.057 0.031 0.019 0.076 
189  BAFF394    (0)    2 :  0.061 0.060 0.166 0.112 0.081 0.025 0.129 0.365 
190  BAFF219    (0)    3 :  0.009 0.224 0.121 0.526 0.032 0.015 0.016 0.059 
191  BAFF388    (0)    4 :  0.192 0.111 0.015 0.057 0.236 0.351 0.013 0.024 
192  BAFF386    (7)   13 :  0.021 0.257 0.073 0.098 0.470 0.017 0.046 0.019 
193  BAFF084    (0)    6 :  0.012 0.161 0.014 0.058 0.009 0.008 0.718 0.020 
194  BAFF483    (0)    6 :  0.035 0.085 0.207 0.085 0.357 0.117 0.012 0.102 
195  BAFF438   (15)    7 :  0.019 0.160 0.359 0.080 0.100 0.052 0.201 0.029 
196  BAFF193    (0)    8 :  0.428 0.248 0.023 0.133 0.080 0.020 0.025 0.044 
197  BAFF183    (0)   10 :  0.056 0.501 0.030 0.287 0.012 0.037 0.035 0.042 
198  BAFF153    (0)   12 :  0.007 0.010 0.924 0.012 0.011 0.013 0.016 0.007 
199  BAFF307    (0)   12 :  0.011 0.175 0.557 0.053 0.022 0.017 0.146 0.020 
200  BAFF397    (0)    2 :  0.008 0.199 0.068 0.681 0.005 0.009 0.012 0.018 
201  BAFF220    (0)    3 :  0.007 0.013 0.006 0.013 0.889 0.010 0.057 0.006 
202  BAFF095    (0)    6 :  0.040 0.043 0.019 0.023 0.825 0.015 0.010 0.026 
203  BAFF494    (0)    6 :  0.007 0.123 0.012 0.067 0.676 0.025 0.041 0.050 
204  BAFF439    (0)    7 :  0.011 0.151 0.270 0.069 0.014 0.283 0.016 0.185 
205  BAFF182    (0)   10 :  0.031 0.039 0.068 0.030 0.606 0.124 0.066 0.036 
206  BAFF054    (0)   12 :  0.007 0.008 0.032 0.009 0.010 0.918 0.010 0.006 
207  BAFF308    (0)   12 :  0.016 0.086 0.779 0.053 0.015 0.013 0.029 0.010 
208  BAFF266    (0)    1 :  0.139 0.300 0.026 0.338 0.018 0.049 0.110 0.021 
209  BAFF398    (7)    2 :  0.012 0.036 0.006 0.026 0.903 0.005 0.006 0.005 
210  BAFF221    (0)    3 :  0.402 0.019 0.065 0.013 0.081 0.071 0.339 0.010 
211  BAFF090    (0)    6 :  0.016 0.478 0.066 0.123 0.035 0.154 0.110 0.017 
212  BAFF495    (0)    6 :  0.008 0.031 0.010 0.040 0.011 0.011 0.010 0.878 
213  BAFF459    (0)    7 :  0.008 0.100 0.028 0.538 0.014 0.014 0.060 0.238 
214  BAFF197    (0)    8 :  0.012 0.081 0.364 0.311 0.019 0.072 0.012 0.128 
215  BAFF188    (0)   10 :  0.015 0.052 0.745 0.033 0.019 0.057 0.063 0.016 
216  BAFF051    (0)   12 :  0.027 0.347 0.040 0.216 0.041 0.293 0.013 0.024 
217  BAFF309    (0)   12 :  0.013 0.479 0.062 0.248 0.101 0.015 0.040 0.042 
218  BAFF269    (0)    1 :  0.065 0.114 0.356 0.348 0.031 0.012 0.010 0.065 
219  BAFF077    (0)    6 :  0.011 0.021 0.007 0.558 0.006 0.010 0.020 0.368 
220  BAFF496    (0)    6 :  0.011 0.019 0.007 0.034 0.008 0.008 0.005 0.907 
221  BAFF443    (0)    7 :  0.074 0.370 0.114 0.249 0.041 0.099 0.018 0.034 
222  BAFF198    (0)    8 :  0.009 0.390 0.023 0.116 0.138 0.031 0.023 0.269 
223  BAFF053    (0)   12 :  0.020 0.058 0.803 0.028 0.009 0.029 0.022 0.031 
224  BAFF310    (0)   12 :  0.007 0.027 0.180 0.027 0.008 0.683 0.041 0.026 
225  BAFF282    (0)    1 :  0.805 0.023 0.026 0.043 0.046 0.014 0.015 0.028 
226  BAFF497    (0)    6 :  0.011 0.169 0.014 0.567 0.013 0.016 0.010 0.200 
227  BAFF466    (0)    7 :  0.013 0.512 0.058 0.177 0.038 0.034 0.144 0.024 
228  BAFF200    (7)    8 :  0.013 0.242 0.049 0.064 0.476 0.042 0.060 0.055 
229  BAFF240    (0)   10 :  0.014 0.144 0.041 0.029 0.039 0.010 0.703 0.021 
230  BAFF055    (0)   12 :  0.020 0.017 0.181 0.022 0.030 0.710 0.011 0.009 
231  BAFF311    (7)   12 :  0.029 0.020 0.023 0.017 0.866 0.008 0.024 0.013 


Estimated Allele Frequencies in each cluster
First column gives estimated ancestral frequencies


Locus 1 : btern01 
9 alleles
0.0% missing data
   1   (0.141) 0.116 0.136 0.159 0.165 0.134 0.032 0.123 0.207 
   2   (0.018) 0.026 0.011 0.004 0.010 0.004 0.004 0.004 0.004 
   3   (0.166) 0.069 0.144 0.196 0.245 0.152 0.099 0.152 0.199 
   4   (0.211) 0.208 0.214 0.200 0.145 0.195 0.174 0.266 0.287 
   5   (0.284) 0.425 0.385 0.342 0.338 0.126 0.324 0.358 0.103 
   6   (0.074) 0.034 0.037 0.064 0.041 0.042 0.339 0.025 0.100 
   7   (0.051) 0.085 0.029 0.018 0.018 0.287 0.019 0.055 0.014 
   8   (0.017) 0.029 0.004 0.007 0.007 0.003 0.003 0.003 0.010 
   9   (0.039) 0.007 0.039 0.010 0.030 0.056 0.007 0.015 0.076 

Locus 2 : bt28 
5 alleles
0.0% missing data
   1   (0.665) 0.780 0.608 0.745 0.666 0.582 0.718 0.683 0.738 
   2   (0.152) 0.158 0.167 0.150 0.111 0.171 0.100 0.057 0.151 
   3   (0.146) 0.041 0.205 0.093 0.134 0.240 0.176 0.250 0.079 
   4   (0.025) 0.006 0.018 0.009 0.086 0.005 0.004 0.008 0.030 
   5   (0.011) 0.014 0.002 0.003 0.003 0.002 0.002 0.002 0.002 

Locus 3 : b96 
8 alleles
0.9% missing data
   1   (0.330) 0.353 0.289 0.454 0.354 0.364 0.325 0.207 0.262 
   2   (0.479) 0.449 0.622 0.339 0.536 0.499 0.514 0.577 0.683 
   3   (0.047) 0.012 0.032 0.059 0.027 0.036 0.043 0.086 0.013 
   4   (0.016) 0.004 0.006 0.003 0.007 0.003 0.003 0.088 0.003 
   5   (0.051) 0.026 0.026 0.058 0.044 0.046 0.029 0.011 0.015 
   6   (0.027) 0.088 0.006 0.013 0.006 0.041 0.005 0.006 0.004 
   7   (0.037) 0.067 0.016 0.070 0.023 0.008 0.007 0.022 0.017 
   8   (0.014) 0.003 0.003 0.003 0.003 0.004 0.075 0.002 0.002 

Locus 4 : bt30 
12 alleles
0.9% missing data
   1   (0.111) 0.262 0.148 0.060 0.098 0.174 0.116 0.035 0.032 
   2   (0.281) 0.287 0.328 0.285 0.310 0.284 0.293 0.217 0.335 
   3   (0.073) 0.018 0.137 0.033 0.159 0.028 0.024 0.082 0.130 
   4   (0.189) 0.110 0.232 0.225 0.194 0.189 0.233 0.182 0.154 
   5   (0.013) 0.003 0.007 0.004 0.005 0.017 0.003 0.002 0.003 
   6   (0.104) 0.104 0.060 0.067 0.111 0.224 0.055 0.036 0.135 
   7   (0.033) 0.022 0.019 0.044 0.019 0.011 0.024 0.015 0.016 
   8   (0.052) 0.043 0.021 0.076 0.038 0.011 0.060 0.066 0.010 
   9   (0.106) 0.080 0.038 0.167 0.057 0.043 0.184 0.358 0.167 
  10   (0.012) 0.065 0.002 0.002 0.002 0.002 0.002 0.002 0.002 
  11   (0.016) 0.003 0.004 0.034 0.005 0.015 0.004 0.002 0.004 
  12   (0.010) 0.002 0.003 0.003 0.003 0.002 0.002 0.002 0.012 

Locus 5 : btms0081 
3 alleles
0.9% missing data
   1   (0.498) 0.581 0.562 0.408 0.553 0.653 0.306 0.638 0.366 
   2   (0.354) 0.223 0.344 0.421 0.365 0.247 0.463 0.302 0.425 
   3   (0.148) 0.196 0.095 0.171 0.082 0.100 0.231 0.059 0.209 

Locus 6 : btms0066 
24 alleles
0.0% missing data
   1   (0.264) 0.384 0.312 0.302 0.254 0.346 0.382 0.161 0.199 
   2   (0.014) 0.064 0.004 0.003 0.004 0.003 0.003 0.003 0.012 
   3   (0.034) 0.006 0.034 0.121 0.021 0.018 0.009 0.012 0.009 
   4   (0.149) 0.057 0.273 0.109 0.240 0.164 0.120 0.044 0.387 
   5   (0.100) 0.028 0.135 0.194 0.138 0.039 0.108 0.034 0.093 
   6   (0.052) 0.011 0.024 0.047 0.020 0.201 0.018 0.135 0.052 
   7   (0.019) 0.016 0.008 0.004 0.005 0.053 0.003 0.004 0.003 
   8   (0.055) 0.078 0.029 0.027 0.075 0.017 0.034 0.036 0.065 
   9   (0.019) 0.003 0.008 0.020 0.005 0.007 0.004 0.308 0.004 
  10   (0.027) 0.142 0.021 0.006 0.024 0.006 0.005 0.041 0.006 
  11   (0.019) 0.145 0.005 0.005 0.006 0.007 0.012 0.005 0.007 
  12   (0.035) 0.007 0.029 0.021 0.096 0.007 0.016 0.007 0.100 
  13   (0.025) 0.006 0.012 0.018 0.009 0.027 0.017 0.028 0.005 
  14   (0.020) 0.004 0.008 0.005 0.005 0.004 0.044 0.070 0.003 
  15   (0.018) 0.004 0.015 0.020 0.043 0.003 0.003 0.003 0.004 
  16   (0.031) 0.007 0.028 0.015 0.014 0.025 0.087 0.046 0.011 
  17   (0.024) 0.015 0.014 0.023 0.009 0.007 0.051 0.035 0.005 
  18   (0.011) 0.002 0.002 0.002 0.002 0.002 0.033 0.002 0.002 
  19   (0.012) 0.002 0.002 0.036 0.003 0.003 0.002 0.002 0.002 
  20   (0.020) 0.006 0.009 0.006 0.007 0.028 0.013 0.008 0.022 
  21   (0.016) 0.005 0.013 0.004 0.006 0.022 0.003 0.007 0.003 
  22   (0.012) 0.002 0.007 0.002 0.004 0.007 0.002 0.003 0.002 
  23   (0.012) 0.002 0.002 0.004 0.002 0.002 0.030 0.002 0.002 
  24   (0.011) 0.004 0.006 0.002 0.006 0.002 0.002 0.003 0.002 

Locus 7 : btms0083 
31 alleles
3.0% missing data
   1   (0.014) 0.217 0.003 0.003 0.003 0.003 0.003 0.008 0.002 
   2   (0.022) 0.101 0.014 0.032 0.008 0.004 0.004 0.012 0.004 
   3   (0.035) 0.007 0.017 0.013 0.018 0.075 0.010 0.118 0.008 
   4   (0.041) 0.054 0.061 0.020 0.029 0.036 0.011 0.031 0.016 
   5   (0.195) 0.221 0.227 0.235 0.186 0.358 0.260 0.155 0.163 
   6   (0.018) 0.004 0.037 0.005 0.017 0.014 0.004 0.009 0.004 
   7   (0.060) 0.021 0.086 0.102 0.061 0.022 0.168 0.069 0.028 
   8   (0.031) 0.013 0.027 0.126 0.066 0.008 0.011 0.010 0.008 
   9   (0.035) 0.007 0.042 0.038 0.032 0.049 0.007 0.008 0.028 
  10   (0.025) 0.008 0.010 0.016 0.009 0.123 0.021 0.006 0.011 
  11   (0.054) 0.014 0.067 0.030 0.109 0.015 0.010 0.366 0.105 
  12   (0.019) 0.036 0.012 0.004 0.008 0.006 0.004 0.003 0.011 
  13   (0.052) 0.011 0.028 0.077 0.059 0.022 0.078 0.031 0.099 
  14   (0.029) 0.006 0.091 0.013 0.134 0.007 0.005 0.008 0.016 
  15   (0.028) 0.022 0.012 0.012 0.031 0.022 0.006 0.007 0.059 
  16   (0.024) 0.031 0.048 0.006 0.027 0.051 0.005 0.010 0.008 
  17   (0.029) 0.067 0.015 0.016 0.012 0.008 0.005 0.011 0.266 
  18   (0.056) 0.034 0.069 0.039 0.037 0.035 0.114 0.016 0.033 
  19   (0.023) 0.012 0.012 0.007 0.010 0.005 0.112 0.005 0.005 
  20   (0.027) 0.005 0.010 0.097 0.011 0.007 0.055 0.006 0.005 
  21   (0.010) 0.032 0.002 0.002 0.002 0.002 0.001 0.001 0.002 
  22   (0.013) 0.026 0.003 0.003 0.003 0.002 0.003 0.003 0.006 
  23   (0.019) 0.017 0.007 0.010 0.017 0.004 0.003 0.003 0.005 
  24   (0.012) 0.003 0.003 0.003 0.003 0.002 0.014 0.002 0.002 
  25   (0.031) 0.007 0.030 0.034 0.019 0.094 0.006 0.007 0.007 
  26   (0.015) 0.003 0.004 0.004 0.047 0.005 0.002 0.003 0.040 
  27   (0.033) 0.006 0.027 0.029 0.015 0.008 0.038 0.011 0.044 
  28   (0.017) 0.005 0.015 0.004 0.007 0.006 0.003 0.072 0.008 
  29   (0.011) 0.004 0.016 0.003 0.008 0.003 0.002 0.004 0.003 
  30   (0.012) 0.002 0.003 0.012 0.003 0.003 0.035 0.002 0.002 
  31   (0.009) 0.002 0.003 0.006 0.006 0.002 0.001 0.001 0.002 

Locus 8 : b126 
16 alleles
0.0% missing data
   1   (0.043) 0.040 0.015 0.033 0.036 0.073 0.012 0.009 0.017 
   2   (0.052) 0.126 0.034 0.052 0.053 0.014 0.009 0.012 0.069 
   3   (0.309) 0.207 0.377 0.368 0.320 0.257 0.399 0.576 0.403 
   4   (0.031) 0.009 0.030 0.010 0.040 0.015 0.007 0.006 0.066 
   5   (0.075) 0.021 0.145 0.036 0.072 0.122 0.050 0.033 0.081 
   6   (0.064) 0.016 0.065 0.135 0.120 0.016 0.158 0.017 0.021 
   7   (0.106) 0.022 0.083 0.140 0.075 0.193 0.139 0.219 0.081 
   8   (0.027) 0.007 0.009 0.013 0.031 0.006 0.074 0.005 0.038 
   9   (0.013) 0.002 0.003 0.003 0.003 0.043 0.002 0.002 0.002 
  10   (0.041) 0.026 0.054 0.016 0.029 0.076 0.042 0.013 0.022 
  11   (0.092) 0.386 0.116 0.087 0.108 0.035 0.024 0.082 0.036 
  12   (0.030) 0.028 0.022 0.033 0.020 0.006 0.029 0.005 0.006 
  13   (0.064) 0.101 0.029 0.032 0.046 0.093 0.046 0.011 0.111 
  14   (0.022) 0.005 0.010 0.009 0.033 0.009 0.005 0.004 0.040 
  15   (0.013) 0.002 0.003 0.030 0.003 0.009 0.002 0.002 0.003 
  16   (0.018) 0.003 0.005 0.004 0.011 0.031 0.003 0.005 0.003 

Locus 9 : btms0062 
34 alleles
0.0% missing data
   1   (0.031) 0.071 0.068 0.007 0.027 0.022 0.008 0.036 0.007 
   2   (0.047) 0.102 0.034 0.022 0.026 0.044 0.014 0.021 0.235 
   3   (0.077) 0.102 0.088 0.244 0.065 0.031 0.057 0.076 0.052 
   4   (0.107) 0.056 0.112 0.049 0.157 0.239 0.198 0.180 0.036 
   5   (0.056) 0.021 0.135 0.076 0.078 0.043 0.014 0.093 0.015 
   6   (0.028) 0.007 0.020 0.034 0.020 0.014 0.005 0.017 0.026 
   7   (0.008) 0.002 0.011 0.004 0.011 0.002 0.001 0.001 0.003 
   8   (0.023) 0.007 0.021 0.034 0.067 0.005 0.004 0.004 0.012 
   9   (0.041) 0.020 0.030 0.013 0.080 0.023 0.018 0.071 0.087 
  10   (0.057) 0.037 0.069 0.023 0.078 0.065 0.064 0.011 0.038 
  11   (0.063) 0.020 0.073 0.053 0.054 0.160 0.036 0.260 0.036 
  12   (0.040) 0.008 0.042 0.038 0.023 0.055 0.026 0.010 0.261 
  13   (0.047) 0.027 0.027 0.059 0.043 0.127 0.018 0.017 0.014 
  14   (0.039) 0.011 0.040 0.037 0.049 0.011 0.281 0.009 0.019 
  15   (0.018) 0.003 0.007 0.109 0.006 0.005 0.004 0.004 0.005 
  16   (0.019) 0.004 0.007 0.018 0.005 0.004 0.011 0.067 0.003 
  17   (0.021) 0.155 0.006 0.005 0.007 0.013 0.004 0.004 0.006 
  18   (0.012) 0.003 0.004 0.004 0.004 0.034 0.002 0.004 0.005 
  19   (0.045) 0.081 0.030 0.016 0.035 0.016 0.095 0.008 0.060 
  20   (0.011) 0.033 0.002 0.002 0.002 0.002 0.002 0.002 0.002 
  21   (0.031) 0.057 0.025 0.011 0.038 0.023 0.005 0.008 0.026 
  22   (0.016) 0.102 0.006 0.017 0.006 0.003 0.004 0.002 0.003 
  23   (0.012) 0.027 0.004 0.003 0.004 0.003 0.002 0.002 0.002 
  24   (0.017) 0.004 0.020 0.004 0.046 0.004 0.007 0.003 0.010 
  25   (0.013) 0.009 0.013 0.003 0.008 0.003 0.003 0.002 0.003 
  26   (0.022) 0.009 0.076 0.011 0.025 0.016 0.047 0.019 0.007 
  27   (0.018) 0.003 0.005 0.042 0.005 0.012 0.007 0.034 0.003 
  28   (0.013) 0.002 0.003 0.026 0.003 0.002 0.002 0.002 0.002 
  29   (0.014) 0.006 0.006 0.004 0.004 0.003 0.003 0.022 0.007 
  30   (0.012) 0.002 0.002 0.002 0.002 0.002 0.030 0.002 0.004 
  31   (0.014) 0.003 0.007 0.014 0.009 0.003 0.002 0.002 0.003 
  32   (0.010) 0.002 0.003 0.003 0.003 0.009 0.002 0.005 0.003 
  33   (0.010) 0.003 0.003 0.006 0.006 0.002 0.002 0.001 0.002 
  34   (0.008) 0.001 0.002 0.006 0.002 0.001 0.023 0.002 0.002 

Locus 10 : btern02 
25 alleles
4.8% missing data
   1   (0.101) 0.131 0.103 0.139 0.122 0.076 0.052 0.201 0.150 
   2   (0.009) 0.015 0.002 0.002 0.002 0.002 0.001 0.002 0.002 
   3   (0.080) 0.026 0.098 0.090 0.122 0.148 0.024 0.050 0.119 
   4   (0.054) 0.014 0.036 0.026 0.039 0.160 0.097 0.010 0.082 
   5   (0.026) 0.015 0.025 0.012 0.025 0.027 0.006 0.040 0.008 
   6   (0.043) 0.013 0.131 0.023 0.054 0.017 0.018 0.117 0.018 
   7   (0.030) 0.006 0.012 0.029 0.014 0.031 0.139 0.005 0.014 
   8   (0.038) 0.099 0.041 0.036 0.024 0.012 0.007 0.025 0.015 
   9   (0.070) 0.081 0.062 0.208 0.040 0.103 0.046 0.038 0.020 
  10   (0.027) 0.006 0.066 0.008 0.068 0.011 0.005 0.006 0.092 
  11   (0.061) 0.018 0.045 0.121 0.081 0.024 0.062 0.019 0.092 
  12   (0.033) 0.133 0.023 0.019 0.017 0.010 0.006 0.018 0.073 
  13   (0.048) 0.050 0.034 0.018 0.059 0.075 0.056 0.012 0.024 
  14   (0.055) 0.161 0.031 0.028 0.039 0.037 0.128 0.017 0.048 
  15   (0.011) 0.002 0.002 0.002 0.002 0.002 0.002 0.161 0.002 
  16   (0.047) 0.053 0.047 0.025 0.079 0.014 0.046 0.012 0.024 
  17   (0.027) 0.006 0.041 0.012 0.023 0.018 0.048 0.024 0.013 
  18   (0.044) 0.010 0.040 0.024 0.038 0.018 0.172 0.017 0.113 
  19   (0.040) 0.008 0.055 0.077 0.022 0.061 0.009 0.068 0.022 
  20   (0.042) 0.054 0.031 0.025 0.054 0.086 0.008 0.007 0.018 
  21   (0.026) 0.053 0.015 0.011 0.024 0.006 0.009 0.006 0.013 
  22   (0.014) 0.019 0.004 0.004 0.005 0.003 0.007 0.003 0.006 
  23   (0.032) 0.018 0.026 0.042 0.031 0.028 0.006 0.013 0.019 
  24   (0.029) 0.006 0.024 0.016 0.012 0.015 0.041 0.126 0.006 
  25   (0.013) 0.003 0.008 0.004 0.005 0.014 0.004 0.003 0.006 

Locus 11 : btms0086 
3 alleles
0.0% missing data
   1   (0.843) 0.783 0.832 0.911 0.863 0.742 0.928 0.967 0.828 
   2   (0.135) 0.198 0.159 0.048 0.131 0.254 0.065 0.030 0.168 
   3   (0.021) 0.018 0.009 0.041 0.006 0.004 0.008 0.003 0.004 

Locus 12 : bl13 
3 alleles
0.0% missing data
   1   (0.070) 0.216 0.033 0.028 0.035 0.037 0.334 0.019 0.031 
   2   (0.829) 0.764 0.899 0.851 0.874 0.847 0.609 0.706 0.907 
   3   (0.100) 0.019 0.068 0.121 0.091 0.117 0.058 0.276 0.062 

Locus 13 : btms0059 
9 alleles
0.0% missing data
   1   (0.347) 0.356 0.368 0.516 0.352 0.328 0.300 0.467 0.186 
   2   (0.106) 0.114 0.119 0.057 0.212 0.029 0.018 0.219 0.263 
   3   (0.063) 0.123 0.022 0.064 0.027 0.033 0.113 0.033 0.033 
   4   (0.055) 0.046 0.031 0.041 0.034 0.104 0.020 0.014 0.026 
   5   (0.081) 0.035 0.126 0.074 0.117 0.026 0.037 0.042 0.058 
   6   (0.299) 0.314 0.289 0.225 0.219 0.466 0.503 0.209 0.386 
   7   (0.016) 0.003 0.007 0.004 0.015 0.003 0.003 0.007 0.041 
   8   (0.023) 0.006 0.030 0.016 0.017 0.008 0.004 0.007 0.005 
   9   (0.011) 0.003 0.008 0.003 0.006 0.002 0.002 0.002 0.002 

Values of parameters used in structure:
DATAFILE=/Users/johnmola/Desktop/rpbbfeb27/rpbbstructure/project_data,	OUTFILE=/Users/johnmola/Desktop/rpbbfeb27/rpbbstructure/rpbb20k100k/Results/rpbb20k100k_run_78,	NUMINDS=231,	NUMLOCI=13,	MISSING=-9,	LABEL=1,	POPDATA=1,	POPFLAG=0,	PHENOTYPE=0,	EXTRACOLS=0,	MAXPOPS=8,	BURNIN=20000,	NUMREPS=100000,	USEPOPINFO=0,	INFERALPHA=1,	INFERLAMBDA=0,	POPSPECIFICLAMBDA=0,	POPALPHAS=0,	COMPUTEPROB=1,	NOADMIX=0,	ADMBURNIN=2500,	UPDATEFREQ=1,	PRINTLIKES=0,	INTERMEDSAVE=0,	PRINTKLD=0,	PRINTNET=0,	PRINTLAMBDA=0,	ANCESTDIST=0,	NUMBOXES=1000,	ANCESTPINT=0.90000,	GENSBACK=2,	MIGRPRIOR=0.05000,	PRINTQHAT=0,	PRINTQSUM=0,	ALPHA=1.0000,	FREQSCORR=1,	FPRIORMEAN=0.0100,	FPRIORSD=0.0500,	ONEFST=0,	LAMBDA=1.0000,	UNIFPRIORALPHA=1,	ALPHAMAX=10.0000,	ALPHAPRIORA=1.0000,	ALPHAPRIORB=2.0000,	ALPHAPROPSD=0.0250,	STARTATPOPINFO=0,	RANDOMIZE=1,	LINKAGE=0,	METROFREQ=10,	REPORTHITRATE=0,	MARKOVPHASE=-1,	PHASED=0,	PLOIDY=2,	PHASEINFO=0	LOCPRIOR=0, 	LOCPRIORINIT=1.000000, 	LOCDATA=0, 	LOCISPOP=0, 	LOCPRIORSTEP=0.100000, 	MAXLOCPRIOR=20.000000, 	SEED=1677522574,	
[STRAT parameters]:    NUMSIMSTATS=1000,	PHENOTYPECOL=-9,	POOLFREQ=10,	LOCUSxONLY=0,	EMERROR=0.00100,	MISSINGPHENO=-9,	