

----------------------------------------------------
STRUCTURE by Pritchard, Stephens and Donnelly (2000)
     and Falush, Stephens and Pritchard (2003)
       Code by Pritchard, Falush and Hubisz
             Version 2.3.4 (Jul 2012)
----------------------------------------------------



Command line arguments:   bin/structure -m "/Users/johnmola/Desktop/rpbbfeb27/rpbbstructure/rpbb20k100k/mainparams" -e "/Users/johnmola/Desktop/rpbbfeb27/rpbbstructure/rpbb20k100k/extraparams" 
Input File:    /Users/johnmola/Desktop/rpbbfeb27/rpbbstructure/project_data

Run parameters:
   231 individuals
   13 loci
   7 populations assumed
   20000 Burn-in period
   100000 Reps


--------------------------------------------
Proportion of membership of each pre-defined
 population in each of the 7 clusters

Given    Inferred Clusters                                   Number of
 Pop       1      2      3      4      5      6      7      Individuals

  1:     0.794  0.038  0.039  0.017  0.061  0.038  0.013       21
  2:     0.020  0.306  0.110  0.204  0.227  0.119  0.014        7
  3:     0.090  0.222  0.293  0.070  0.214  0.079  0.032        7
  4:     0.058  0.078  0.322  0.136  0.168  0.174  0.064        8
  5:     0.064  0.083  0.189  0.017  0.242  0.380  0.026        4
  6:     0.036  0.252  0.229  0.109  0.205  0.068  0.100       35
  7:     0.074  0.185  0.168  0.066  0.342  0.126  0.039       40
  8:     0.054  0.199  0.272  0.082  0.164  0.121  0.108       19
  9:     0.252  0.036  0.315  0.035  0.263  0.068  0.031        4
 10:     0.037  0.247  0.122  0.157  0.059  0.148  0.229       11
 11:     0.141  0.016  0.058  0.594  0.107  0.071  0.013        8
 12:     0.043  0.091  0.039  0.093  0.094  0.325  0.315       60
 13:     0.041  0.154  0.408  0.039  0.253  0.079  0.025        7
--------------------------------------------

Allele-freq. divergence among pops (Net nucleotide distance),
computed using point estimates of P.

      1       2       3       4       5       6       7      
 1      -    0.0330  0.0372  0.0437  0.0258  0.0296  0.0403  
 2   0.0330     -    0.0302  0.0363  0.0193  0.0313  0.0382  
 3   0.0372  0.0302     -    0.0323  0.0174  0.0284  0.0390  
 4   0.0437  0.0363  0.0323     -    0.0253  0.0291  0.0426  
 5   0.0258  0.0193  0.0174  0.0253     -    0.0189  0.0318  
 6   0.0296  0.0313  0.0284  0.0291  0.0189     -    0.0312  
 7   0.0403  0.0382  0.0390  0.0426  0.0318  0.0312     -    

Average distances (expected heterozygosity) between individuals in same cluster:
cluster  1  : 0.6865 
cluster  2  : 0.6862 
cluster  3  : 0.6742 
cluster  4  : 0.6495 
cluster  5  : 0.6811 
cluster  6  : 0.6751 
cluster  7  : 0.6756 

--------------------------------------------
Estimated Ln Prob of Data   = -9918.6
Mean value of ln likelihood = -9406.7
Variance of ln likelihood   = 1023.7
Mean value of alpha         = 0.0521

Mean value of Fst_1         = 0.0784
Mean value of Fst_2         = 0.0716
Mean value of Fst_3         = 0.0733
Mean value of Fst_4         = 0.1203
Mean value of Fst_5         = 0.0477
Mean value of Fst_6         = 0.0522
Mean value of Fst_7         = 0.0936


Inferred ancestry of individuals:
        Label (%Miss) Pop:  Inferred clusters
  1  BAFF014    (0)    1 :  0.932 0.011 0.017 0.009 0.016 0.011 0.006 
  2  BAFF379    (0)    2 :  0.015 0.049 0.063 0.110 0.483 0.268 0.012 
  3  BAFF212    (0)    3 :  0.026 0.331 0.032 0.035 0.489 0.032 0.055 
  4  BAFF018    (0)    4 :  0.009 0.021 0.011 0.221 0.348 0.371 0.019 
  5  BAFF247    (0)    4 :  0.008 0.043 0.015 0.018 0.501 0.403 0.012 
  6  BAFF024    (0)    5 :  0.022 0.225 0.604 0.013 0.047 0.037 0.053 
  7  BAFF088    (0)    6 :  0.011 0.816 0.018 0.030 0.059 0.035 0.030 
  8  BAFF429    (0)    6 :  0.019 0.126 0.485 0.055 0.162 0.139 0.014 
  9  BAFF087    (7)    7 :  0.007 0.961 0.006 0.006 0.008 0.006 0.006 
 10  BAFF225    (0)    7 :  0.029 0.387 0.164 0.010 0.368 0.024 0.018 
 11  BAFF195    (0)    8 :  0.043 0.087 0.112 0.586 0.074 0.086 0.012 
 12  BAFF238    (0)    9 :  0.108 0.039 0.597 0.026 0.140 0.050 0.040 
 13  BAFF019    (0)   10 :  0.024 0.057 0.014 0.038 0.022 0.022 0.824 
 14  BAFF175    (0)   10 :  0.013 0.200 0.218 0.043 0.088 0.374 0.064 
 15  BAFF156    (0)   11 :  0.004 0.005 0.005 0.968 0.005 0.006 0.006 
 16  BAFF301    (0)   11 :  0.867 0.017 0.038 0.012 0.025 0.019 0.022 
 17  BAFF141    (0)   12 :  0.191 0.007 0.006 0.020 0.103 0.666 0.007 
 18  BAFF302    (0)   12 :  0.026 0.030 0.430 0.019 0.404 0.038 0.053 
 19  BAFF290    (0)    1 :  0.844 0.016 0.024 0.008 0.036 0.060 0.012 
 20  BAFF498    (0)    6 :  0.217 0.054 0.108 0.089 0.440 0.026 0.065 
 21  BAFF455    (0)    7 :  0.025 0.767 0.071 0.030 0.038 0.040 0.029 
 22  BAFF203    (7)    8 :  0.009 0.859 0.017 0.016 0.043 0.046 0.011 
 23  BAFF056    (0)   12 :  0.018 0.009 0.015 0.006 0.140 0.014 0.798 
 24  BAFF327    (0)   12 :  0.057 0.033 0.020 0.035 0.021 0.720 0.113 
 25  BAFF255    (0)    1 :  0.944 0.008 0.010 0.006 0.014 0.010 0.007 
 26  BAFF256    (0)    1 :  0.951 0.010 0.007 0.005 0.008 0.007 0.012 
 27  BAFF257    (0)    1 :  0.964 0.007 0.006 0.005 0.007 0.006 0.005 
 28  BAFF260    (0)    1 :  0.944 0.016 0.012 0.005 0.008 0.008 0.007 
 29  BAFF259    (0)    1 :  0.945 0.008 0.008 0.008 0.008 0.008 0.015 
 30  BAFF261    (0)    1 :  0.948 0.009 0.007 0.007 0.013 0.010 0.007 
 31  BAFF274    (0)    1 :  0.847 0.032 0.020 0.013 0.053 0.021 0.013 
 32  BAFF262    (0)    1 :  0.911 0.031 0.009 0.009 0.009 0.023 0.008 
 33  BAFF294    (0)    1 :  0.931 0.029 0.008 0.007 0.008 0.009 0.008 
 34  BAFF292    (0)    1 :  0.756 0.008 0.180 0.014 0.012 0.021 0.009 
 35  BAFF296    (0)    1 :  0.797 0.008 0.132 0.014 0.023 0.014 0.014 
 36  BAFF295    (0)    1 :  0.867 0.021 0.031 0.010 0.016 0.043 0.012 
 37  BAFF298    (0)    1 :  0.900 0.012 0.021 0.011 0.022 0.016 0.019 
 38  BAFF299    (0)    1 :  0.931 0.013 0.007 0.009 0.006 0.007 0.027 
 39  BAFF375    (0)   13 :  0.018 0.014 0.928 0.008 0.013 0.010 0.010 
 40  BAFF376    (0)   13 :  0.016 0.051 0.851 0.009 0.028 0.017 0.029 
 41  BAFF377    (0)   13 :  0.015 0.009 0.942 0.007 0.011 0.008 0.008 
 42  BAFF022    (0)    5 :  0.153 0.027 0.103 0.032 0.070 0.603 0.011 
 43  BAFF021    (0)    5 :  0.057 0.033 0.024 0.011 0.021 0.839 0.014 
 44  BAFF499    (0)    6 :  0.008 0.015 0.053 0.035 0.032 0.051 0.807 
 45  BAFF204    (0)    8 :  0.009 0.021 0.102 0.017 0.714 0.096 0.041 
 46  BAFF068    (0)   12 :  0.082 0.008 0.010 0.011 0.035 0.024 0.830 
 47  BAFF336    (0)   12 :  0.015 0.031 0.015 0.269 0.095 0.055 0.520 
 48  BAFF447    (0)    7 :  0.008 0.026 0.148 0.033 0.739 0.033 0.013 
 49  BAFF457    (0)    7 :  0.031 0.012 0.346 0.044 0.507 0.051 0.010 
 50  BAFF448    (0)    7 :  0.068 0.436 0.025 0.031 0.393 0.039 0.007 
 51  BAFF465    (0)    7 :  0.012 0.895 0.013 0.016 0.035 0.019 0.011 
 52  BAFF194    (0)    8 :  0.032 0.052 0.750 0.026 0.086 0.042 0.012 
 53  BAFF199    (0)    8 :  0.019 0.020 0.109 0.231 0.461 0.139 0.022 
 54  BAFF500    (0)    6 :  0.218 0.113 0.112 0.009 0.457 0.012 0.079 
 55  BAFF206    (0)    8 :  0.057 0.097 0.115 0.016 0.029 0.629 0.058 
 56  BAFF069    (0)   12 :  0.009 0.014 0.014 0.021 0.012 0.019 0.912 
 57  BAFF330    (0)   12 :  0.017 0.636 0.016 0.189 0.061 0.055 0.026 
 58  BAFF239    (0)   10 :  0.053 0.022 0.010 0.210 0.036 0.185 0.484 
 59  BAFF241    (0)   10 :  0.074 0.012 0.011 0.167 0.042 0.043 0.650 
 60  BAFF157    (0)   11 :  0.005 0.006 0.009 0.962 0.006 0.006 0.006 
 61  BAFF161    (0)   11 :  0.005 0.006 0.006 0.968 0.006 0.005 0.005 
 62  BAFF160    (0)   11 :  0.005 0.008 0.007 0.962 0.006 0.007 0.005 
 63  BAFF008    (0)   12 :  0.034 0.593 0.019 0.017 0.171 0.039 0.127 
 64  BAFF013    (0)   12 :  0.011 0.819 0.021 0.034 0.025 0.076 0.014 
 65  BAFF407    (0)   12 :  0.009 0.012 0.010 0.019 0.014 0.019 0.916 
 66  BAFF503    (0)    6 :  0.006 0.049 0.011 0.091 0.025 0.009 0.810 
 67  BAFF449    (0)    7 :  0.011 0.333 0.011 0.011 0.018 0.593 0.024 
 68  BAFF207    (0)    8 :  0.013 0.056 0.109 0.006 0.050 0.036 0.731 
 69  BAFF070    (0)   12 :  0.009 0.014 0.013 0.008 0.012 0.031 0.913 
 70  BAFF335    (0)   12 :  0.008 0.011 0.009 0.013 0.012 0.929 0.018 
 71  BAFF507    (0)    6 :  0.042 0.014 0.791 0.020 0.111 0.014 0.008 
 72  BAFF450    (0)    7 :  0.185 0.034 0.277 0.246 0.174 0.040 0.046 
 73  BAFF209    (7)    8 :  0.037 0.218 0.466 0.062 0.031 0.160 0.025 
 74  BAFF072    (0)   12 :  0.013 0.022 0.013 0.493 0.038 0.379 0.042 
 75  BAFF339    (0)   12 :  0.015 0.014 0.218 0.019 0.224 0.096 0.413 
 76  BAFF508    (0)    6 :  0.044 0.012 0.011 0.801 0.095 0.025 0.013 
 77  BAFF451    (0)    7 :  0.011 0.087 0.300 0.022 0.361 0.193 0.026 
 78  BAFF210    (0)    8 :  0.077 0.107 0.173 0.010 0.126 0.016 0.492 
 79  BAFF139    (0)   12 :  0.068 0.032 0.238 0.039 0.354 0.255 0.014 
 80  BAFF341    (0)   12 :  0.022 0.061 0.089 0.156 0.513 0.135 0.026 
 81  BAFF509    (0)    6 :  0.060 0.714 0.055 0.009 0.032 0.088 0.041 
 82  BAFF453    (0)    7 :  0.010 0.078 0.655 0.018 0.060 0.062 0.117 
 83  BAFF389    (0)    8 :  0.029 0.019 0.823 0.097 0.008 0.019 0.007 
 84  BAFF163    (0)   12 :  0.004 0.009 0.007 0.008 0.006 0.005 0.961 
 85  BAFF344    (7)   12 :  0.009 0.031 0.057 0.052 0.033 0.564 0.254 
 86  BAFF510    (0)    6 :  0.011 0.350 0.338 0.079 0.126 0.059 0.036 
 87  BAFF456    (0)    7 :  0.022 0.011 0.468 0.013 0.344 0.103 0.039 
 88  BAFF390    (0)    8 :  0.006 0.007 0.962 0.007 0.006 0.006 0.006 
 89  BAFF142    (0)   12 :  0.355 0.012 0.009 0.064 0.087 0.407 0.065 
 90  BAFF363    (7)   12 :  0.007 0.011 0.007 0.031 0.009 0.017 0.917 
 91  BAFF517    (0)    6 :  0.008 0.022 0.704 0.014 0.116 0.107 0.030 
 92  BAFF458    (0)    7 :  0.050 0.088 0.030 0.038 0.726 0.035 0.032 
 93  BAFF391    (0)    8 :  0.174 0.025 0.023 0.018 0.313 0.143 0.303 
 94  BAFF149    (0)   12 :  0.012 0.011 0.030 0.030 0.040 0.852 0.026 
 95  BAFF366    (7)   12 :  0.009 0.006 0.070 0.018 0.029 0.853 0.015 
 96  BAFF512    (0)    6 :  0.146 0.095 0.064 0.028 0.616 0.017 0.035 
 97  BAFF460    (0)    7 :  0.015 0.011 0.033 0.017 0.251 0.659 0.013 
 98  BAFF138    (0)   12 :  0.021 0.007 0.012 0.022 0.015 0.905 0.018 
 99  BAFF374    (0)   12 :  0.039 0.628 0.021 0.047 0.013 0.021 0.231 
100  BAFF015    (0)    1 :  0.933 0.010 0.009 0.009 0.014 0.012 0.012 
101  BAFF380    (0)    2 :  0.014 0.168 0.027 0.645 0.065 0.044 0.036 
102  BAFF216    (0)    3 :  0.048 0.133 0.458 0.020 0.285 0.027 0.028 
103  BAFF017    (0)    4 :  0.016 0.009 0.858 0.008 0.081 0.005 0.023 
104  BAFF245    (0)    4 :  0.167 0.128 0.112 0.013 0.090 0.455 0.036 
105  BAFF378    (7)   13 :  0.164 0.017 0.032 0.024 0.732 0.021 0.010 
106  BAFF023    (0)    5 :  0.022 0.045 0.024 0.013 0.829 0.042 0.025 
107  BAFF079    (0)    6 :  0.042 0.151 0.468 0.035 0.061 0.194 0.050 
108  BAFF435    (0)    6 :  0.008 0.021 0.023 0.034 0.861 0.029 0.025 
109  BAFF174    (7)    7 :  0.008 0.051 0.810 0.022 0.042 0.023 0.044 
110  BAFF226    (0)    7 :  0.013 0.010 0.157 0.016 0.702 0.095 0.007 
111  BAFF190    (0)    8 :  0.018 0.586 0.016 0.081 0.105 0.109 0.086 
112  BAFF243    (0)    9 :  0.052 0.023 0.633 0.064 0.133 0.088 0.006 
113  BAFF177    (0)   10 :  0.031 0.708 0.135 0.025 0.022 0.070 0.009 
114  BAFF364    (7)   11 :  0.012 0.051 0.015 0.812 0.082 0.011 0.016 
115  BAFF305    (0)   12 :  0.020 0.012 0.026 0.019 0.015 0.891 0.019 
116  BAFF513    (0)    6 :  0.064 0.682 0.074 0.030 0.104 0.026 0.020 
117  BAFF462    (0)    7 :  0.499 0.185 0.015 0.065 0.146 0.015 0.076 
118  BAFF143    (0)   12 :  0.008 0.051 0.064 0.041 0.058 0.716 0.061 
119  BAFF403    (0)   12 :  0.007 0.009 0.008 0.010 0.008 0.008 0.949 
120  BAFF514    (0)    6 :  0.008 0.603 0.024 0.019 0.070 0.025 0.250 
121  BAFF463    (0)    7 :  0.006 0.964 0.006 0.007 0.007 0.005 0.004 
122  BAFF137    (0)   12 :  0.010 0.106 0.010 0.012 0.017 0.837 0.008 
123  BAFF404    (0)   12 :  0.014 0.008 0.010 0.023 0.013 0.010 0.923 
124  BAFF515    (0)    6 :  0.023 0.388 0.147 0.060 0.203 0.147 0.031 
125  BAFF144    (0)   12 :  0.013 0.200 0.021 0.494 0.149 0.063 0.061 
126  BAFF405    (7)   12 :  0.041 0.052 0.014 0.251 0.056 0.569 0.019 
127  BAFF518    (0)    6 :  0.013 0.012 0.025 0.023 0.132 0.301 0.495 
128  BAFF467    (0)    7 :  0.021 0.125 0.191 0.025 0.552 0.045 0.041 
129  BAFF145    (0)   12 :  0.075 0.024 0.022 0.544 0.065 0.258 0.012 
130  BAFF406    (0)   12 :  0.009 0.045 0.030 0.560 0.022 0.054 0.281 
131  BAFF519    (0)    6 :  0.015 0.067 0.544 0.020 0.247 0.093 0.014 
132  BAFF471    (0)    7 :  0.078 0.165 0.081 0.052 0.217 0.382 0.027 
133  BAFF136    (0)   12 :  0.006 0.043 0.038 0.011 0.009 0.148 0.746 
134  BAFF520    (7)    6 :  0.030 0.087 0.120 0.026 0.625 0.035 0.078 
135  BAFF472    (0)    7 :  0.035 0.286 0.084 0.219 0.296 0.049 0.031 
136  BAFF165    (0)   12 :  0.050 0.019 0.030 0.009 0.049 0.799 0.045 
137  BAFF408    (0)   12 :  0.041 0.017 0.019 0.143 0.035 0.672 0.073 
138  BAFF522    (0)    6 :  0.028 0.793 0.024 0.030 0.030 0.055 0.039 
139  BAFF475    (0)    7 :  0.010 0.053 0.570 0.030 0.205 0.078 0.055 
140  BAFF140    (0)   12 :  0.021 0.247 0.086 0.071 0.028 0.516 0.032 
141  BAFF409    (0)   12 :  0.103 0.061 0.015 0.012 0.014 0.016 0.779 
142  BAFF523    (0)    6 :  0.014 0.591 0.031 0.160 0.182 0.014 0.008 
143  BAFF476    (0)    7 :  0.009 0.013 0.491 0.182 0.222 0.051 0.032 
144  BAFF147    (0)   12 :  0.015 0.056 0.018 0.021 0.019 0.702 0.168 
145  BAFF410    (0)   12 :  0.018 0.010 0.069 0.015 0.023 0.220 0.645 
146  BAFF477    (0)    7 :  0.082 0.014 0.089 0.017 0.564 0.228 0.007 
147  BAFF411    (0)   12 :  0.620 0.014 0.038 0.077 0.096 0.066 0.089 
148  BAFF486    (7)    7 :  0.007 0.005 0.012 0.010 0.950 0.010 0.006 
149  BAFF412    (7)   12 :  0.041 0.087 0.023 0.019 0.032 0.020 0.777 
150  BAFF258    (0)    1 :  0.239 0.437 0.019 0.078 0.182 0.020 0.026 
151  BAFF392    (0)    2 :  0.005 0.899 0.014 0.060 0.008 0.008 0.006 
152  BAFF217    (0)    3 :  0.013 0.014 0.740 0.037 0.100 0.077 0.019 
153  BAFF016    (0)    4 :  0.005 0.012 0.765 0.120 0.014 0.046 0.037 
154  BAFF246    (0)    4 :  0.010 0.063 0.783 0.031 0.067 0.023 0.023 
155  BAFF381    (0)   13 :  0.011 0.023 0.055 0.014 0.490 0.375 0.033 
156  BAFF078    (0)    6 :  0.007 0.021 0.013 0.658 0.022 0.234 0.046 
157  BAFF481    (0)    6 :  0.028 0.048 0.092 0.025 0.581 0.184 0.042 
158  BAFF436    (0)    7 :  0.097 0.483 0.202 0.059 0.053 0.061 0.046 
159  BAFF191    (0)    8 :  0.011 0.155 0.697 0.014 0.050 0.051 0.022 
160  BAFF382    (0)    9 :  0.008 0.059 0.022 0.041 0.761 0.045 0.066 
161  BAFF178    (0)   10 :  0.010 0.724 0.166 0.009 0.015 0.023 0.053 
162  BAFF159    (7)   11 :  0.017 0.018 0.318 0.011 0.572 0.037 0.027 
163  BAFF365    (7)   11 :  0.213 0.016 0.069 0.054 0.157 0.473 0.017 
164  BAFF007    (0)   12 :  0.071 0.048 0.098 0.215 0.333 0.208 0.027 
165  BAFF304    (7)   12 :  0.012 0.012 0.014 0.177 0.106 0.606 0.074 
166  BAFF487    (0)    7 :  0.022 0.117 0.041 0.152 0.618 0.013 0.036 
167  BAFF415    (0)   12 :  0.074 0.039 0.021 0.023 0.047 0.241 0.555 
168  BAFF488    (0)    7 :  0.680 0.014 0.091 0.019 0.105 0.076 0.015 
169  BAFF417    (0)   12 :  0.017 0.040 0.018 0.027 0.102 0.444 0.351 
170  BAFF489    (0)    7 :  0.008 0.054 0.030 0.126 0.456 0.286 0.039 
171  BAFF426    (0)   12 :  0.016 0.021 0.012 0.008 0.015 0.015 0.913 
172  BAFF490    (7)    7 :  0.022 0.077 0.156 0.257 0.452 0.023 0.013 
173  BAFF491    (0)    7 :  0.048 0.190 0.034 0.101 0.585 0.032 0.009 
174  BAFF492    (0)    7 :  0.008 0.020 0.023 0.017 0.897 0.017 0.018 
175  BAFF493    (0)    7 :  0.541 0.129 0.025 0.023 0.209 0.034 0.040 
176  BAFF506    (0)    7 :  0.140 0.098 0.025 0.055 0.649 0.015 0.017 
177  BAFF393    (0)    2 :  0.024 0.013 0.048 0.472 0.335 0.098 0.010 
178  BAFF218    (0)    3 :  0.059 0.078 0.475 0.022 0.253 0.089 0.024 
179  BAFF254    (0)    4 :  0.045 0.021 0.010 0.656 0.179 0.076 0.013 
180  BAFF385    (0)   13 :  0.044 0.267 0.020 0.130 0.418 0.052 0.069 
181  BAFF076    (0)    6 :  0.011 0.938 0.009 0.013 0.011 0.008 0.010 
182  BAFF482    (0)    6 :  0.009 0.080 0.026 0.018 0.730 0.083 0.055 
183  BAFF437    (0)    7 :  0.024 0.028 0.026 0.007 0.083 0.822 0.011 
184  BAFF192    (0)    8 :  0.024 0.485 0.096 0.241 0.064 0.075 0.014 
185  BAFF383    (0)    9 :  0.841 0.023 0.008 0.008 0.020 0.089 0.011 
186  BAFF180    (0)   10 :  0.009 0.304 0.452 0.015 0.051 0.014 0.156 
187  BAFF048    (7)   12 :  0.051 0.053 0.016 0.794 0.043 0.030 0.013 
188  BAFF306    (0)   12 :  0.011 0.047 0.076 0.021 0.110 0.705 0.030 
189  BAFF394    (0)    2 :  0.059 0.060 0.520 0.119 0.052 0.169 0.021 
190  BAFF219    (0)    3 :  0.009 0.028 0.328 0.016 0.339 0.265 0.015 
191  BAFF388    (0)    4 :  0.204 0.332 0.019 0.017 0.062 0.013 0.353 
192  BAFF386    (7)   13 :  0.022 0.694 0.029 0.085 0.077 0.075 0.019 
193  BAFF084    (0)    6 :  0.010 0.011 0.020 0.825 0.115 0.012 0.008 
194  BAFF483    (0)    6 :  0.035 0.384 0.106 0.012 0.140 0.206 0.117 
195  BAFF438   (15)    7 :  0.020 0.076 0.031 0.274 0.223 0.327 0.050 
196  BAFF193    (0)    8 :  0.425 0.079 0.030 0.029 0.393 0.024 0.020 
197  BAFF183    (0)   10 :  0.136 0.028 0.258 0.222 0.232 0.044 0.080 
198  BAFF153    (0)   12 :  0.008 0.010 0.008 0.016 0.010 0.935 0.013 
199  BAFF307    (0)   12 :  0.012 0.024 0.024 0.170 0.157 0.593 0.022 
200  BAFF397    (0)    2 :  0.008 0.005 0.092 0.018 0.631 0.236 0.010 
201  BAFF220    (0)    3 :  0.008 0.893 0.008 0.059 0.015 0.007 0.010 
202  BAFF095    (0)    6 :  0.044 0.887 0.015 0.009 0.016 0.016 0.014 
203  BAFF494    (0)    6 :  0.007 0.555 0.039 0.040 0.318 0.016 0.027 
204  BAFF439    (0)    7 :  0.011 0.014 0.083 0.021 0.231 0.216 0.424 
205  BAFF182    (0)   10 :  0.027 0.592 0.041 0.117 0.026 0.059 0.138 
206  BAFF054    (0)   12 :  0.007 0.008 0.007 0.009 0.009 0.016 0.944 
207  BAFF308    (0)   12 :  0.016 0.018 0.011 0.029 0.123 0.789 0.013 
208  BAFF266    (0)    1 :  0.134 0.020 0.046 0.101 0.635 0.026 0.038 
209  BAFF398    (7)    2 :  0.013 0.946 0.005 0.006 0.018 0.007 0.005 
210  BAFF221    (0)    3 :  0.467 0.078 0.012 0.300 0.012 0.059 0.071 
211  BAFF090    (0)    6 :  0.030 0.075 0.022 0.479 0.152 0.073 0.169 
212  BAFF495    (0)    6 :  0.008 0.008 0.926 0.008 0.031 0.008 0.010 
213  BAFF459    (0)    7 :  0.008 0.012 0.791 0.045 0.078 0.051 0.014 
214  BAFF197    (0)    8 :  0.017 0.022 0.167 0.012 0.173 0.531 0.078 
215  BAFF188    (0)   10 :  0.020 0.017 0.020 0.078 0.050 0.762 0.053 
216  BAFF051    (0)   12 :  0.024 0.050 0.030 0.013 0.468 0.040 0.376 
217  BAFF309    (0)   12 :  0.011 0.057 0.023 0.026 0.835 0.034 0.014 
218  BAFF269    (0)    1 :  0.121 0.035 0.218 0.012 0.170 0.433 0.011 
219  BAFF077    (0)    6 :  0.011 0.006 0.883 0.020 0.058 0.008 0.013 
220  BAFF496    (0)    6 :  0.012 0.009 0.913 0.006 0.040 0.009 0.010 
221  BAFF443    (0)    7 :  0.067 0.047 0.038 0.031 0.600 0.126 0.092 
222  BAFF198    (0)    8 :  0.011 0.316 0.371 0.037 0.172 0.035 0.058 
223  BAFF053    (0)   12 :  0.020 0.010 0.028 0.023 0.036 0.847 0.036 
224  BAFF310    (0)   12 :  0.008 0.008 0.011 0.026 0.043 0.064 0.841 
225  BAFF282    (0)    1 :  0.837 0.049 0.032 0.020 0.020 0.027 0.015 
226  BAFF497    (0)    6 :  0.011 0.014 0.738 0.012 0.185 0.025 0.015 
227  BAFF466    (0)    7 :  0.015 0.047 0.055 0.255 0.522 0.073 0.034 
228  BAFF200    (7)    8 :  0.013 0.576 0.038 0.057 0.215 0.054 0.047 
229  BAFF240    (0)   10 :  0.014 0.051 0.021 0.804 0.062 0.037 0.010 
230  BAFF055    (0)   12 :  0.023 0.029 0.011 0.013 0.018 0.150 0.756 
231  BAFF311    (7)   12 :  0.027 0.890 0.013 0.015 0.008 0.041 0.007 


Estimated Allele Frequencies in each cluster
First column gives estimated ancestral frequencies


Locus 1 : btern01 
9 alleles
0.0% missing data
   1   (0.141) 0.116 0.146 0.194 0.144 0.125 0.168 0.037 
   2   (0.018) 0.024 0.004 0.004 0.004 0.015 0.004 0.004 
   3   (0.165) 0.072 0.133 0.227 0.133 0.213 0.200 0.094 
   4   (0.215) 0.208 0.187 0.219 0.249 0.224 0.191 0.182 
   5   (0.289) 0.423 0.158 0.177 0.371 0.346 0.343 0.328 
   6   (0.071) 0.036 0.048 0.081 0.032 0.031 0.058 0.327 
   7   (0.050) 0.083 0.264 0.013 0.046 0.017 0.019 0.019 
   8   (0.016) 0.030 0.003 0.008 0.003 0.005 0.007 0.002 
   9   (0.035) 0.007 0.057 0.075 0.019 0.025 0.009 0.006 

Locus 2 : bt28 
5 alleles
0.0% missing data
   1   (0.665) 0.769 0.585 0.707 0.658 0.646 0.739 0.723 
   2   (0.153) 0.164 0.176 0.152 0.065 0.128 0.149 0.102 
   3   (0.144) 0.045 0.231 0.073 0.268 0.181 0.098 0.169 
   4   (0.027) 0.007 0.005 0.066 0.007 0.042 0.011 0.005 
   5   (0.011) 0.014 0.002 0.002 0.002 0.003 0.003 0.002 

Locus 3 : b96 
8 alleles
0.9% missing data
   1   (0.332) 0.350 0.351 0.282 0.204 0.325 0.458 0.325 
   2   (0.482) 0.463 0.525 0.642 0.611 0.580 0.338 0.516 
   3   (0.046) 0.012 0.028 0.013 0.081 0.036 0.057 0.042 
   4   (0.016) 0.004 0.003 0.003 0.067 0.008 0.003 0.003 
   5   (0.050) 0.026 0.047 0.026 0.011 0.029 0.055 0.031 
   6   (0.026) 0.081 0.036 0.004 0.006 0.006 0.013 0.005 
   7   (0.036) 0.061 0.008 0.027 0.017 0.013 0.072 0.007 
   8   (0.013) 0.003 0.003 0.002 0.002 0.003 0.003 0.072 

Locus 4 : bt30 
12 alleles
0.9% missing data
   1   (0.112) 0.251 0.178 0.043 0.048 0.133 0.066 0.113 
   2   (0.288) 0.289 0.271 0.311 0.267 0.353 0.291 0.279 
   3   (0.067) 0.017 0.025 0.118 0.074 0.202 0.038 0.029 
   4   (0.185) 0.120 0.220 0.205 0.236 0.132 0.214 0.241 
   5   (0.013) 0.003 0.016 0.003 0.002 0.007 0.004 0.003 
   6   (0.100) 0.100 0.210 0.136 0.039 0.063 0.075 0.062 
   7   (0.034) 0.023 0.010 0.015 0.018 0.021 0.041 0.023 
   8   (0.052) 0.043 0.011 0.015 0.052 0.030 0.076 0.059 
   9   (0.111) 0.088 0.042 0.139 0.257 0.048 0.156 0.185 
  10   (0.011) 0.060 0.002 0.002 0.002 0.002 0.002 0.002 
  11   (0.015) 0.003 0.013 0.004 0.003 0.004 0.032 0.004 
  12   (0.011) 0.002 0.002 0.010 0.002 0.003 0.003 0.002 

Locus 5 : btms0081 
3 alleles
0.9% missing data
   1   (0.497) 0.581 0.635 0.454 0.574 0.577 0.409 0.307 
   2   (0.352) 0.227 0.265 0.391 0.342 0.335 0.428 0.460 
   3   (0.151) 0.192 0.100 0.156 0.084 0.088 0.163 0.233 

Locus 6 : btms0066 
24 alleles
0.0% missing data
   1   (0.269) 0.382 0.342 0.168 0.199 0.330 0.298 0.368 
   2   (0.016) 0.062 0.003 0.008 0.004 0.005 0.004 0.003 
   3   (0.030) 0.006 0.017 0.007 0.014 0.037 0.109 0.008 
   4   (0.146) 0.061 0.193 0.363 0.066 0.248 0.110 0.133 
   5   (0.103) 0.036 0.045 0.098 0.042 0.138 0.207 0.118 
   6   (0.054) 0.013 0.183 0.049 0.097 0.020 0.049 0.018 
   7   (0.021) 0.017 0.045 0.004 0.004 0.009 0.005 0.003 
   8   (0.054) 0.077 0.017 0.084 0.034 0.040 0.032 0.033 
   9   (0.015) 0.003 0.005 0.003 0.259 0.006 0.011 0.003 
  10   (0.030) 0.134 0.007 0.010 0.045 0.025 0.007 0.005 
  11   (0.021) 0.138 0.008 0.005 0.005 0.006 0.006 0.012 
  12   (0.031) 0.007 0.006 0.133 0.009 0.032 0.029 0.016 
  13   (0.026) 0.006 0.022 0.005 0.031 0.014 0.016 0.016 
  14   (0.020) 0.004 0.005 0.003 0.061 0.006 0.005 0.040 
  15   (0.021) 0.006 0.004 0.017 0.004 0.028 0.024 0.003 
  16   (0.027) 0.006 0.022 0.006 0.063 0.008 0.013 0.095 
  17   (0.025) 0.017 0.006 0.004 0.034 0.014 0.020 0.047 
  18   (0.013) 0.002 0.002 0.002 0.002 0.003 0.003 0.031 
  19   (0.009) 0.002 0.002 0.002 0.001 0.002 0.033 0.002 
  20   (0.023) 0.007 0.028 0.020 0.007 0.008 0.007 0.012 
  21   (0.015) 0.005 0.025 0.003 0.011 0.006 0.004 0.003 
  22   (0.009) 0.002 0.008 0.002 0.004 0.004 0.002 0.001 
  23   (0.013) 0.002 0.002 0.002 0.002 0.003 0.004 0.029 
  24   (0.008) 0.003 0.002 0.002 0.003 0.008 0.002 0.002 

Locus 7 : btms0083 
31 alleles
3.0% missing data
   1   (0.014) 0.203 0.003 0.002 0.006 0.003 0.004 0.002 
   2   (0.023) 0.098 0.005 0.004 0.016 0.010 0.029 0.004 
   3   (0.029) 0.006 0.070 0.008 0.093 0.017 0.011 0.008 
   4   (0.045) 0.054 0.035 0.012 0.036 0.061 0.023 0.012 
   5   (0.203) 0.215 0.351 0.151 0.184 0.221 0.231 0.261 
   6   (0.021) 0.007 0.021 0.008 0.021 0.023 0.006 0.005 
   7   (0.063) 0.026 0.022 0.034 0.098 0.089 0.083 0.160 
   8   (0.036) 0.018 0.009 0.012 0.014 0.039 0.141 0.013 
   9   (0.032) 0.007 0.045 0.041 0.007 0.035 0.035 0.006 
  10   (0.024) 0.007 0.116 0.008 0.006 0.010 0.015 0.018 
  11   (0.052) 0.015 0.016 0.129 0.300 0.069 0.039 0.010 
  12   (0.018) 0.036 0.006 0.010 0.004 0.011 0.004 0.004 
  13   (0.050) 0.011 0.022 0.104 0.025 0.026 0.081 0.078 
  14   (0.034) 0.007 0.009 0.064 0.015 0.123 0.022 0.006 
  15   (0.027) 0.021 0.024 0.059 0.009 0.014 0.011 0.006 
  16   (0.029) 0.035 0.071 0.007 0.015 0.032 0.007 0.005 
  17   (0.029) 0.071 0.011 0.189 0.008 0.010 0.019 0.006 
  18   (0.050) 0.038 0.041 0.022 0.022 0.057 0.038 0.114 
  19   (0.021) 0.012 0.004 0.004 0.004 0.016 0.006 0.105 
  20   (0.025) 0.005 0.006 0.006 0.006 0.012 0.087 0.053 
  21   (0.013) 0.031 0.003 0.002 0.002 0.003 0.003 0.002 
  22   (0.012) 0.026 0.002 0.003 0.003 0.003 0.003 0.002 
  23   (0.014) 0.019 0.003 0.008 0.003 0.008 0.011 0.002 
  24   (0.011) 0.003 0.002 0.002 0.002 0.003 0.003 0.013 
  25   (0.029) 0.006 0.075 0.006 0.006 0.046 0.030 0.006 
  26   (0.015) 0.003 0.005 0.064 0.004 0.007 0.005 0.003 
  27   (0.027) 0.005 0.007 0.027 0.011 0.017 0.026 0.056 
  28   (0.013) 0.004 0.005 0.005 0.072 0.009 0.003 0.002 
  29   (0.012) 0.004 0.003 0.002 0.005 0.018 0.003 0.002 
  30   (0.016) 0.003 0.003 0.003 0.003 0.004 0.011 0.034 
  31   (0.010) 0.003 0.002 0.004 0.002 0.004 0.007 0.002 

Locus 8 : b126 
16 alleles
0.0% missing data
   1   (0.042) 0.041 0.061 0.029 0.008 0.018 0.038 0.012 
   2   (0.048) 0.124 0.013 0.062 0.011 0.033 0.067 0.008 
   3   (0.320) 0.223 0.271 0.378 0.546 0.376 0.341 0.394 
   4   (0.028) 0.008 0.013 0.068 0.006 0.037 0.009 0.006 
   5   (0.073) 0.026 0.130 0.049 0.042 0.139 0.035 0.062 
   6   (0.060) 0.015 0.014 0.033 0.018 0.105 0.144 0.151 
   7   (0.108) 0.023 0.182 0.093 0.204 0.071 0.131 0.130 
   8   (0.030) 0.008 0.007 0.042 0.006 0.014 0.014 0.074 
   9   (0.013) 0.002 0.038 0.002 0.002 0.003 0.003 0.002 
  10   (0.040) 0.025 0.104 0.024 0.015 0.014 0.016 0.053 
  11   (0.091) 0.366 0.033 0.060 0.113 0.106 0.090 0.024 
  12   (0.031) 0.031 0.006 0.007 0.006 0.027 0.030 0.028 
  13   (0.067) 0.099 0.084 0.088 0.012 0.040 0.038 0.047 
  14   (0.019) 0.004 0.009 0.056 0.003 0.008 0.008 0.004 
  15   (0.015) 0.003 0.008 0.003 0.002 0.003 0.029 0.002 
  16   (0.016) 0.003 0.028 0.006 0.005 0.007 0.005 0.003 

Locus 9 : btms0062 
34 alleles
0.0% missing data
   1   (0.035) 0.075 0.034 0.009 0.058 0.037 0.009 0.009 
   2   (0.052) 0.102 0.041 0.174 0.020 0.037 0.023 0.015 
   3   (0.082) 0.105 0.032 0.040 0.084 0.098 0.228 0.056 
   4   (0.100) 0.055 0.218 0.060 0.156 0.151 0.048 0.199 
   5   (0.054) 0.023 0.043 0.013 0.101 0.151 0.072 0.014 
   6   (0.027) 0.008 0.012 0.028 0.014 0.022 0.034 0.005 
   7   (0.013) 0.003 0.003 0.002 0.002 0.017 0.007 0.002 
   8   (0.022) 0.006 0.005 0.022 0.004 0.034 0.057 0.004 
   9   (0.041) 0.020 0.028 0.114 0.070 0.030 0.014 0.016 
  10   (0.052) 0.044 0.072 0.040 0.012 0.068 0.033 0.069 
  11   (0.067) 0.023 0.149 0.059 0.204 0.055 0.052 0.041 
  12   (0.043) 0.010 0.077 0.191 0.012 0.017 0.038 0.034 
  13   (0.049) 0.027 0.121 0.026 0.020 0.021 0.065 0.018 
  14   (0.040) 0.012 0.011 0.040 0.011 0.044 0.038 0.262 
  15   (0.015) 0.003 0.004 0.005 0.003 0.005 0.103 0.003 
  16   (0.016) 0.004 0.003 0.003 0.058 0.005 0.013 0.011 
  17   (0.017) 0.146 0.011 0.004 0.003 0.006 0.004 0.003 
  18   (0.012) 0.003 0.031 0.005 0.003 0.003 0.004 0.002 
  19   (0.043) 0.076 0.016 0.053 0.008 0.038 0.017 0.090 
  20   (0.011) 0.031 0.002 0.002 0.002 0.002 0.002 0.002 
  21   (0.031) 0.053 0.018 0.037 0.007 0.037 0.013 0.005 
  22   (0.016) 0.095 0.003 0.003 0.003 0.004 0.018 0.003 
  23   (0.011) 0.025 0.002 0.002 0.002 0.005 0.002 0.002 
  24   (0.021) 0.005 0.005 0.030 0.004 0.032 0.007 0.008 
  25   (0.014) 0.008 0.003 0.004 0.002 0.015 0.003 0.003 
  26   (0.027) 0.017 0.026 0.014 0.058 0.031 0.011 0.049 
  27   (0.016) 0.003 0.011 0.003 0.043 0.005 0.030 0.006 
  28   (0.010) 0.002 0.002 0.002 0.002 0.002 0.023 0.002 
  29   (0.012) 0.005 0.002 0.004 0.023 0.005 0.003 0.002 
  30   (0.009) 0.002 0.002 0.001 0.001 0.002 0.002 0.030 
  31   (0.011) 0.002 0.002 0.002 0.002 0.010 0.014 0.002 
  32   (0.010) 0.002 0.008 0.003 0.005 0.003 0.003 0.002 
  33   (0.010) 0.003 0.002 0.004 0.002 0.004 0.006 0.002 
  34   (0.009) 0.002 0.002 0.002 0.002 0.003 0.003 0.027 

Locus 10 : btern02 
25 alleles
4.8% missing data
   1   (0.099) 0.131 0.080 0.191 0.195 0.054 0.140 0.049 
   2   (0.011) 0.015 0.002 0.002 0.002 0.003 0.003 0.002 
   3   (0.078) 0.028 0.136 0.113 0.056 0.132 0.090 0.023 
   4   (0.050) 0.016 0.153 0.060 0.010 0.032 0.031 0.097 
   5   (0.028) 0.017 0.023 0.008 0.031 0.040 0.012 0.006 
   6   (0.043) 0.018 0.026 0.019 0.139 0.106 0.021 0.018 
   7   (0.032) 0.006 0.031 0.010 0.006 0.016 0.027 0.135 
   8   (0.038) 0.095 0.012 0.021 0.024 0.036 0.035 0.007 
   9   (0.071) 0.086 0.105 0.023 0.058 0.044 0.185 0.046 
  10   (0.029) 0.007 0.010 0.071 0.007 0.103 0.011 0.005 
  11   (0.060) 0.019 0.023 0.084 0.021 0.064 0.123 0.067 
  12   (0.039) 0.126 0.013 0.057 0.017 0.025 0.020 0.007 
  13   (0.048) 0.051 0.071 0.047 0.012 0.029 0.027 0.054 
  14   (0.052) 0.154 0.039 0.052 0.022 0.022 0.027 0.125 
  15   (0.006) 0.001 0.001 0.001 0.119 0.001 0.001 0.001 
  16   (0.046) 0.052 0.014 0.037 0.011 0.076 0.026 0.046 
  17   (0.025) 0.006 0.014 0.011 0.022 0.041 0.008 0.061 
  18   (0.046) 0.011 0.022 0.092 0.013 0.041 0.025 0.170 
  19   (0.044) 0.009 0.078 0.018 0.083 0.031 0.067 0.011 
  20   (0.045) 0.053 0.077 0.031 0.009 0.038 0.037 0.009 
  21   (0.025) 0.049 0.005 0.010 0.007 0.025 0.013 0.008 
  22   (0.014) 0.018 0.003 0.004 0.003 0.006 0.005 0.006 
  23   (0.030) 0.022 0.034 0.026 0.013 0.012 0.047 0.006 
  24   (0.030) 0.006 0.014 0.006 0.119 0.019 0.014 0.038 
  25   (0.012) 0.003 0.015 0.006 0.002 0.006 0.003 0.004 

Locus 11 : btms0086 
3 alleles
0.0% missing data
   1   (0.845) 0.788 0.765 0.852 0.966 0.803 0.911 0.926 
   2   (0.134) 0.191 0.231 0.144 0.030 0.189 0.052 0.066 
   3   (0.022) 0.021 0.004 0.004 0.004 0.008 0.037 0.008 

Locus 12 : bl13 
3 alleles
0.0% missing data
   1   (0.070) 0.205 0.035 0.023 0.024 0.039 0.028 0.320 
   2   (0.827) 0.774 0.848 0.886 0.763 0.891 0.852 0.622 
   3   (0.103) 0.021 0.117 0.091 0.213 0.069 0.120 0.059 

Locus 13 : btms0059 
9 alleles
0.0% missing data
   1   (0.346) 0.362 0.337 0.237 0.469 0.318 0.525 0.293 
   2   (0.104) 0.123 0.035 0.312 0.169 0.124 0.068 0.018 
   3   (0.064) 0.116 0.035 0.027 0.036 0.030 0.052 0.113 
   4   (0.055) 0.045 0.094 0.026 0.015 0.041 0.041 0.019 
   5   (0.081) 0.035 0.035 0.054 0.054 0.147 0.083 0.041 
   6   (0.301) 0.305 0.448 0.291 0.240 0.300 0.207 0.508 
   7   (0.015) 0.003 0.003 0.042 0.005 0.008 0.004 0.002 
   8   (0.023) 0.006 0.012 0.006 0.009 0.029 0.016 0.004 
   9   (0.011) 0.004 0.002 0.005 0.005 0.005 0.003 0.002 

Values of parameters used in structure:
DATAFILE=/Users/johnmola/Desktop/rpbbfeb27/rpbbstructure/project_data,	OUTFILE=/Users/johnmola/Desktop/rpbbfeb27/rpbbstructure/rpbb20k100k/Results/rpbb20k100k_run_61,	NUMINDS=231,	NUMLOCI=13,	MISSING=-9,	LABEL=1,	POPDATA=1,	POPFLAG=0,	PHENOTYPE=0,	EXTRACOLS=0,	MAXPOPS=7,	BURNIN=20000,	NUMREPS=100000,	USEPOPINFO=0,	INFERALPHA=1,	INFERLAMBDA=0,	POPSPECIFICLAMBDA=0,	POPALPHAS=0,	COMPUTEPROB=1,	NOADMIX=0,	ADMBURNIN=2500,	UPDATEFREQ=1,	PRINTLIKES=0,	INTERMEDSAVE=0,	PRINTKLD=0,	PRINTNET=0,	PRINTLAMBDA=0,	ANCESTDIST=0,	NUMBOXES=1000,	ANCESTPINT=0.90000,	GENSBACK=2,	MIGRPRIOR=0.05000,	PRINTQHAT=0,	PRINTQSUM=0,	ALPHA=1.0000,	FREQSCORR=1,	FPRIORMEAN=0.0100,	FPRIORSD=0.0500,	ONEFST=0,	LAMBDA=1.0000,	UNIFPRIORALPHA=1,	ALPHAMAX=10.0000,	ALPHAPRIORA=1.0000,	ALPHAPRIORB=2.0000,	ALPHAPROPSD=0.0250,	STARTATPOPINFO=0,	RANDOMIZE=1,	LINKAGE=0,	METROFREQ=10,	REPORTHITRATE=0,	MARKOVPHASE=-1,	PHASED=0,	PLOIDY=2,	PHASEINFO=0	LOCPRIOR=0, 	LOCPRIORINIT=1.000000, 	LOCDATA=0, 	LOCISPOP=0, 	LOCPRIORSTEP=0.100000, 	MAXLOCPRIOR=20.000000, 	SEED=1677520805,	
[STRAT parameters]:    NUMSIMSTATS=1000,	PHENOTYPECOL=-9,	POOLFREQ=10,	LOCUSxONLY=0,	EMERROR=0.00100,	MISSINGPHENO=-9,	