

----------------------------------------------------
STRUCTURE by Pritchard, Stephens and Donnelly (2000)
     and Falush, Stephens and Pritchard (2003)
       Code by Pritchard, Falush and Hubisz
             Version 2.3.4 (Jul 2012)
----------------------------------------------------



Command line arguments:   bin/structure -m "/Users/johnmola/Desktop/rpbbfeb27/rpbbstructure/rpbb20k100k/mainparams" -e "/Users/johnmola/Desktop/rpbbfeb27/rpbbstructure/rpbb20k100k/extraparams" 
Input File:    /Users/johnmola/Desktop/rpbbfeb27/rpbbstructure/project_data

Run parameters:
   231 individuals
   13 loci
   8 populations assumed
   20000 Burn-in period
   100000 Reps


--------------------------------------------
Proportion of membership of each pre-defined
 population in each of the 8 clusters

Given    Inferred Clusters                                          Number of
 Pop       1      2      3      4      5      6      7      8      Individuals

  1:     0.055  0.017  0.038  0.032  0.031  0.047  0.767  0.014       21
  2:     0.186  0.183  0.071  0.289  0.094  0.142  0.021  0.015        7
  3:     0.210  0.079  0.186  0.208  0.055  0.153  0.079  0.031        7
  4:     0.192  0.109  0.214  0.061  0.145  0.158  0.051  0.069        8
  5:     0.280  0.014  0.081  0.062  0.283  0.209  0.046  0.025        4
  6:     0.179  0.083  0.128  0.221  0.073  0.187  0.034  0.095       35
  7:     0.228  0.045  0.100  0.165  0.094  0.273  0.063  0.032       40
  8:     0.134  0.071  0.238  0.165  0.098  0.156  0.049  0.090       19
  9:     0.130  0.038  0.265  0.061  0.062  0.163  0.246  0.035        4
 10:     0.044  0.125  0.129  0.208  0.156  0.112  0.026  0.200       11
 11:     0.153  0.573  0.019  0.017  0.048  0.040  0.138  0.012        8
 12:     0.070  0.074  0.033  0.084  0.310  0.084  0.038  0.307       60
 13:     0.062  0.023  0.402  0.121  0.076  0.259  0.037  0.020        7
--------------------------------------------

Allele-freq. divergence among pops (Net nucleotide distance),
computed using point estimates of P.

      1       2       3       4       5       6       7       8      
 1      -    0.0322  0.0282  0.0284  0.0176  0.0147  0.0314  0.0371  
 2   0.0322     -    0.0539  0.0447  0.0361  0.0335  0.0545  0.0523  
 3   0.0282  0.0539     -    0.0395  0.0394  0.0278  0.0497  0.0447  
 4   0.0284  0.0447  0.0395     -    0.0339  0.0208  0.0367  0.0416  
 5   0.0176  0.0361  0.0394  0.0339     -    0.0223  0.0330  0.0321  
 6   0.0147  0.0335  0.0278  0.0208  0.0223     -    0.0286  0.0335  
 7   0.0314  0.0545  0.0497  0.0367  0.0330  0.0286     -    0.0433  
 8   0.0371  0.0523  0.0447  0.0416  0.0321  0.0335  0.0433     -    

Average distances (expected heterozygosity) between individuals in same cluster:
cluster  1  : 0.6871 
cluster  2  : 0.6432 
cluster  3  : 0.6531 
cluster  4  : 0.6855 
cluster  5  : 0.6731 
cluster  6  : 0.6706 
cluster  7  : 0.6853 
cluster  8  : 0.6746 

--------------------------------------------
Estimated Ln Prob of Data   = -9931.3
Mean value of ln likelihood = -9305.9
Variance of ln likelihood   = 1250.7
Mean value of alpha         = 0.0529

Mean value of Fst_1         = 0.0606
Mean value of Fst_2         = 0.1606
Mean value of Fst_3         = 0.1095
Mean value of Fst_4         = 0.0820
Mean value of Fst_5         = 0.0603
Mean value of Fst_6         = 0.0641
Mean value of Fst_7         = 0.0870
Mean value of Fst_8         = 0.0988


Inferred ancestry of individuals:
        Label (%Miss) Pop:  Inferred clusters
  1  BAFF014    (0)    1 :  0.019 0.009 0.015 0.010 0.010 0.024 0.908 0.006 
  2  BAFF379    (0)    2 :  0.160 0.099 0.063 0.049 0.291 0.313 0.015 0.012 
  3  BAFF212    (0)    3 :  0.116 0.024 0.065 0.277 0.037 0.392 0.025 0.063 
  4  BAFF018    (0)    4 :  0.073 0.182 0.010 0.025 0.336 0.343 0.008 0.024 
  5  BAFF247    (0)    4 :  0.344 0.018 0.013 0.052 0.313 0.237 0.008 0.016 
  6  BAFF024    (0)    5 :  0.543 0.011 0.181 0.145 0.027 0.028 0.017 0.046 
  7  BAFF088    (0)    6 :  0.038 0.046 0.024 0.697 0.042 0.106 0.011 0.036 
  8  BAFF429    (0)    6 :  0.112 0.055 0.241 0.108 0.234 0.218 0.019 0.014 
  9  BAFF087    (7)    7 :  0.006 0.006 0.007 0.879 0.006 0.082 0.008 0.007 
 10  BAFF225    (0)    7 :  0.104 0.011 0.231 0.320 0.022 0.263 0.033 0.016 
 11  BAFF195    (0)    8 :  0.183 0.492 0.045 0.088 0.096 0.040 0.044 0.011 
 12  BAFF238    (0)    9 :  0.072 0.021 0.665 0.033 0.026 0.070 0.080 0.032 
 13  BAFF019    (0)   10 :  0.017 0.031 0.012 0.048 0.023 0.041 0.024 0.804 
 14  BAFF175    (0)   10 :  0.046 0.039 0.261 0.160 0.328 0.099 0.013 0.054 
 15  BAFF156    (0)   11 :  0.005 0.961 0.005 0.005 0.007 0.006 0.005 0.006 
 16  BAFF301    (0)   11 :  0.026 0.012 0.043 0.015 0.019 0.027 0.838 0.021 
 17  BAFF141    (0)   12 :  0.030 0.016 0.006 0.007 0.589 0.209 0.136 0.006 
 18  BAFF302    (0)   12 :  0.799 0.015 0.043 0.023 0.023 0.039 0.022 0.036 
 19  BAFF290    (0)    1 :  0.019 0.007 0.058 0.017 0.060 0.034 0.794 0.011 
 20  BAFF498    (0)    6 :  0.262 0.076 0.065 0.063 0.025 0.242 0.201 0.067 
 21  BAFF455    (0)    7 :  0.017 0.027 0.114 0.702 0.041 0.049 0.022 0.028 
 22  BAFF203    (7)    8 :  0.025 0.015 0.026 0.816 0.039 0.060 0.008 0.011 
 23  BAFF056    (0)   12 :  0.023 0.005 0.028 0.009 0.014 0.071 0.017 0.831 
 24  BAFF327    (0)   12 :  0.040 0.032 0.012 0.030 0.696 0.021 0.054 0.115 
 25  BAFF255    (0)    1 :  0.012 0.006 0.011 0.009 0.010 0.012 0.934 0.007 
 26  BAFF256    (0)    1 :  0.006 0.005 0.011 0.010 0.007 0.007 0.943 0.011 
 27  BAFF257    (0)    1 :  0.005 0.004 0.008 0.007 0.006 0.008 0.956 0.006 
 28  BAFF260    (0)    1 :  0.009 0.004 0.013 0.016 0.007 0.008 0.935 0.007 
 29  BAFF259    (0)    1 :  0.008 0.008 0.009 0.007 0.009 0.009 0.936 0.014 
 30  BAFF261    (0)    1 :  0.008 0.007 0.008 0.008 0.010 0.016 0.935 0.007 
 31  BAFF274    (0)    1 :  0.053 0.012 0.016 0.030 0.021 0.041 0.815 0.013 
 32  BAFF262    (0)    1 :  0.013 0.010 0.007 0.033 0.025 0.011 0.894 0.008 
 33  BAFF294    (0)    1 :  0.012 0.008 0.006 0.032 0.009 0.011 0.915 0.008 
 34  BAFF292    (0)    1 :  0.020 0.015 0.228 0.009 0.021 0.013 0.684 0.010 
 35  BAFF296    (0)    1 :  0.029 0.014 0.193 0.009 0.012 0.011 0.717 0.016 
 36  BAFF295    (0)    1 :  0.024 0.009 0.061 0.023 0.041 0.018 0.811 0.012 
 37  BAFF298    (0)    1 :  0.030 0.010 0.011 0.011 0.015 0.029 0.873 0.020 
 38  BAFF299    (0)    1 :  0.007 0.011 0.007 0.011 0.007 0.006 0.924 0.028 
 39  BAFF375    (0)   13 :  0.010 0.006 0.941 0.009 0.008 0.010 0.010 0.007 
 40  BAFF376    (0)   13 :  0.044 0.009 0.829 0.042 0.016 0.023 0.014 0.025 
 41  BAFF377    (0)   13 :  0.017 0.007 0.933 0.008 0.007 0.008 0.013 0.008 
 42  BAFF022    (0)    5 :  0.311 0.025 0.035 0.020 0.391 0.106 0.102 0.010 
 43  BAFF021    (0)    5 :  0.173 0.009 0.019 0.030 0.685 0.031 0.039 0.014 
 44  BAFF499    (0)    6 :  0.046 0.026 0.032 0.015 0.045 0.038 0.008 0.789 
 45  BAFF204    (0)    8 :  0.310 0.013 0.037 0.023 0.077 0.486 0.009 0.044 
 46  BAFF068    (0)   12 :  0.028 0.010 0.010 0.009 0.027 0.025 0.075 0.817 
 47  BAFF336    (0)   12 :  0.041 0.178 0.013 0.026 0.061 0.126 0.015 0.540 
 48  BAFF447    (0)    7 :  0.625 0.027 0.018 0.027 0.019 0.261 0.008 0.016 
 49  BAFF457    (0)    7 :  0.756 0.028 0.045 0.011 0.018 0.105 0.026 0.009 
 50  BAFF448    (0)    7 :  0.083 0.031 0.034 0.522 0.043 0.211 0.069 0.008 
 51  BAFF465    (0)    7 :  0.016 0.014 0.013 0.878 0.017 0.039 0.013 0.010 
 52  BAFF194    (0)    8 :  0.768 0.018 0.079 0.031 0.028 0.042 0.023 0.011 
 53  BAFF199    (0)    8 :  0.154 0.092 0.033 0.014 0.115 0.557 0.018 0.016 
 54  BAFF500    (0)    6 :  0.095 0.009 0.058 0.086 0.010 0.482 0.185 0.076 
 55  BAFF206    (0)    8 :  0.053 0.016 0.179 0.079 0.543 0.021 0.048 0.060 
 56  BAFF069    (0)   12 :  0.011 0.021 0.024 0.013 0.016 0.021 0.009 0.885 
 57  BAFF330    (0)   12 :  0.021 0.149 0.021 0.579 0.068 0.119 0.018 0.024 
 58  BAFF239    (0)   10 :  0.007 0.158 0.023 0.023 0.241 0.130 0.021 0.396 
 59  BAFF241    (0)   10 :  0.007 0.126 0.022 0.013 0.071 0.185 0.030 0.545 
 60  BAFF157    (0)   11 :  0.008 0.959 0.006 0.006 0.006 0.006 0.004 0.006 
 61  BAFF161    (0)   11 :  0.006 0.964 0.005 0.005 0.005 0.005 0.004 0.005 
 62  BAFF160    (0)   11 :  0.008 0.957 0.005 0.007 0.007 0.006 0.004 0.005 
 63  BAFF008    (0)   12 :  0.036 0.015 0.029 0.572 0.042 0.125 0.042 0.139 
 64  BAFF013    (0)   12 :  0.028 0.025 0.024 0.755 0.074 0.068 0.012 0.015 
 65  BAFF407    (0)   12 :  0.011 0.019 0.015 0.013 0.024 0.017 0.010 0.892 
 66  BAFF503    (0)    6 :  0.013 0.089 0.020 0.067 0.014 0.033 0.006 0.758 
 67  BAFF449    (0)    7 :  0.014 0.009 0.014 0.270 0.616 0.041 0.012 0.024 
 68  BAFF207    (0)    8 :  0.043 0.005 0.341 0.041 0.022 0.047 0.015 0.487 
 69  BAFF070    (0)   12 :  0.012 0.009 0.012 0.014 0.030 0.014 0.009 0.900 
 70  BAFF335    (0)   12 :  0.013 0.013 0.006 0.011 0.916 0.012 0.009 0.019 
 71  BAFF507    (0)    6 :  0.717 0.026 0.148 0.017 0.014 0.030 0.038 0.008 
 72  BAFF450    (0)    7 :  0.047 0.123 0.400 0.027 0.038 0.186 0.139 0.040 
 73  BAFF209    (7)    8 :  0.100 0.101 0.382 0.217 0.119 0.021 0.032 0.027 
 74  BAFF072    (0)   12 :  0.023 0.322 0.019 0.024 0.463 0.097 0.010 0.042 
 75  BAFF339    (0)   12 :  0.057 0.015 0.411 0.011 0.064 0.115 0.013 0.315 
 76  BAFF508    (0)    6 :  0.023 0.625 0.030 0.017 0.037 0.195 0.058 0.015 
 77  BAFF451    (0)    7 :  0.743 0.015 0.023 0.055 0.051 0.083 0.010 0.019 
 78  BAFF210    (0)    8 :  0.051 0.009 0.256 0.093 0.017 0.106 0.072 0.396 
 79  BAFF139    (0)   12 :  0.719 0.027 0.037 0.022 0.077 0.076 0.031 0.011 
 80  BAFF341    (0)   12 :  0.042 0.089 0.120 0.046 0.088 0.581 0.016 0.019 
 81  BAFF509    (0)    6 :  0.049 0.009 0.049 0.634 0.111 0.036 0.070 0.043 
 82  BAFF453    (0)    7 :  0.017 0.015 0.779 0.036 0.048 0.041 0.008 0.055 
 83  BAFF389    (0)    8 :  0.015 0.203 0.714 0.021 0.017 0.008 0.016 0.006 
 84  BAFF163    (0)   12 :  0.005 0.010 0.007 0.008 0.005 0.007 0.004 0.954 
 85  BAFF344    (7)   12 :  0.038 0.038 0.051 0.031 0.610 0.028 0.009 0.195 
 86  BAFF510    (0)    6 :  0.578 0.072 0.034 0.194 0.052 0.035 0.011 0.025 
 87  BAFF456    (0)    7 :  0.759 0.012 0.057 0.011 0.036 0.076 0.017 0.033 
 88  BAFF390    (0)    8 :  0.011 0.013 0.945 0.006 0.007 0.007 0.006 0.005 
 89  BAFF142    (0)   12 :  0.023 0.038 0.009 0.011 0.354 0.222 0.290 0.054 
 90  BAFF363    (7)   12 :  0.009 0.030 0.007 0.010 0.023 0.010 0.006 0.905 
 91  BAFF517    (0)    6 :  0.638 0.017 0.194 0.025 0.056 0.033 0.008 0.029 
 92  BAFF458    (0)    7 :  0.066 0.019 0.021 0.046 0.030 0.751 0.038 0.029 
 93  BAFF391    (0)    8 :  0.215 0.012 0.026 0.030 0.107 0.086 0.178 0.346 
 94  BAFF149    (0)   12 :  0.024 0.025 0.058 0.011 0.811 0.037 0.010 0.024 
 95  BAFF366    (7)   12 :  0.186 0.023 0.035 0.006 0.701 0.024 0.009 0.015 
 96  BAFF512    (0)    6 :  0.241 0.031 0.072 0.120 0.018 0.328 0.148 0.042 
 97  BAFF460    (0)    7 :  0.197 0.017 0.024 0.012 0.564 0.153 0.017 0.016 
 98  BAFF138    (0)   12 :  0.016 0.021 0.011 0.007 0.894 0.018 0.017 0.017 
 99  BAFF374    (0)   12 :  0.015 0.063 0.028 0.518 0.029 0.029 0.038 0.279 
100  BAFF015    (0)    1 :  0.010 0.009 0.010 0.009 0.012 0.037 0.901 0.011 
101  BAFF380    (0)    2 :  0.044 0.534 0.023 0.143 0.049 0.155 0.015 0.038 
102  BAFF216    (0)    3 :  0.326 0.019 0.119 0.118 0.030 0.311 0.047 0.030 
103  BAFF017    (0)    4 :  0.237 0.008 0.638 0.009 0.006 0.067 0.017 0.019 
104  BAFF245    (0)    4 :  0.181 0.011 0.149 0.109 0.317 0.074 0.123 0.035 
105  BAFF378    (7)   13 :  0.119 0.018 0.022 0.013 0.014 0.637 0.166 0.011 
106  BAFF023    (0)    5 :  0.093 0.013 0.087 0.055 0.027 0.671 0.027 0.028 
107  BAFF079    (0)    6 :  0.404 0.031 0.192 0.098 0.156 0.037 0.039 0.045 
108  BAFF435    (0)    6 :  0.096 0.019 0.018 0.015 0.025 0.806 0.007 0.014 
109  BAFF174    (7)    7 :  0.014 0.018 0.860 0.026 0.019 0.033 0.007 0.023 
110  BAFF226    (0)    7 :  0.745 0.015 0.023 0.010 0.028 0.158 0.013 0.009 
111  BAFF190    (0)    8 :  0.018 0.051 0.018 0.459 0.108 0.247 0.017 0.083 
112  BAFF243    (0)    9 :  0.295 0.080 0.338 0.033 0.091 0.086 0.070 0.007 
113  BAFF177    (0)   10 :  0.029 0.028 0.152 0.610 0.103 0.039 0.032 0.008 
114  BAFF364    (7)   11 :  0.039 0.679 0.026 0.068 0.013 0.144 0.011 0.020 
115  BAFF305    (0)   12 :  0.026 0.016 0.024 0.014 0.865 0.014 0.022 0.018 
116  BAFF513    (0)    6 :  0.080 0.026 0.087 0.594 0.022 0.111 0.060 0.020 
117  BAFF462    (0)    7 :  0.022 0.027 0.015 0.123 0.013 0.358 0.386 0.055 
118  BAFF143    (0)   12 :  0.084 0.048 0.067 0.044 0.641 0.049 0.007 0.059 
119  BAFF403    (0)   12 :  0.007 0.010 0.008 0.008 0.009 0.009 0.007 0.942 
120  BAFF514    (0)    6 :  0.022 0.015 0.038 0.467 0.033 0.197 0.007 0.222 
121  BAFF463    (0)    7 :  0.005 0.010 0.006 0.955 0.005 0.007 0.006 0.004 
122  BAFF137    (0)   12 :  0.012 0.012 0.009 0.087 0.841 0.020 0.010 0.008 
123  BAFF404    (0)   12 :  0.011 0.025 0.009 0.008 0.009 0.012 0.013 0.913 
124  BAFF515    (0)    6 :  0.223 0.042 0.052 0.396 0.134 0.102 0.021 0.031 
125  BAFF144    (0)   12 :  0.022 0.323 0.017 0.114 0.092 0.353 0.011 0.068 
126  BAFF405    (7)   12 :  0.046 0.224 0.010 0.046 0.547 0.070 0.039 0.019 
127  BAFF518    (0)    6 :  0.048 0.021 0.042 0.012 0.306 0.122 0.012 0.437 
128  BAFF467    (0)    7 :  0.138 0.016 0.067 0.069 0.023 0.639 0.015 0.033 
129  BAFF145    (0)   12 :  0.062 0.460 0.023 0.027 0.275 0.069 0.071 0.012 
130  BAFF406    (0)   12 :  0.033 0.475 0.023 0.045 0.075 0.033 0.008 0.308 
131  BAFF519    (0)    6 :  0.079 0.014 0.687 0.051 0.065 0.080 0.012 0.013 
132  BAFF471    (0)    7 :  0.167 0.029 0.041 0.171 0.318 0.166 0.082 0.025 
133  BAFF136    (0)   12 :  0.013 0.010 0.055 0.039 0.172 0.009 0.006 0.696 
134  BAFF520    (7)    6 :  0.137 0.020 0.072 0.045 0.032 0.617 0.024 0.053 
135  BAFF472    (0)    7 :  0.050 0.106 0.087 0.222 0.044 0.438 0.032 0.021 
136  BAFF165    (0)   12 :  0.282 0.009 0.028 0.024 0.516 0.032 0.058 0.051 
137  BAFF408    (0)   12 :  0.026 0.103 0.020 0.016 0.664 0.067 0.034 0.069 
138  BAFF522    (0)    6 :  0.027 0.032 0.030 0.685 0.056 0.088 0.031 0.053 
139  BAFF475    (0)    7 :  0.558 0.021 0.153 0.038 0.053 0.129 0.008 0.040 
140  BAFF140    (0)   12 :  0.059 0.063 0.050 0.210 0.544 0.027 0.020 0.026 
141  BAFF409    (0)   12 :  0.014 0.012 0.015 0.057 0.015 0.014 0.100 0.774 
142  BAFF523    (0)    6 :  0.039 0.096 0.023 0.470 0.016 0.334 0.014 0.008 
143  BAFF476    (0)    7 :  0.453 0.213 0.128 0.013 0.053 0.100 0.009 0.032 
144  BAFF147    (0)   12 :  0.025 0.016 0.020 0.044 0.704 0.027 0.014 0.149 
145  BAFF410    (0)   12 :  0.118 0.012 0.031 0.008 0.227 0.026 0.016 0.562 
146  BAFF477    (0)    7 :  0.551 0.016 0.026 0.016 0.096 0.203 0.087 0.007 
147  BAFF411    (0)   12 :  0.020 0.068 0.140 0.013 0.068 0.053 0.523 0.116 
148  BAFF486    (7)    7 :  0.130 0.008 0.022 0.005 0.009 0.811 0.008 0.006 
149  BAFF412    (7)   12 :  0.043 0.021 0.027 0.084 0.024 0.021 0.046 0.735 
150  BAFF258    (0)    1 :  0.071 0.068 0.015 0.315 0.020 0.280 0.201 0.030 
151  BAFF392    (0)    2 :  0.006 0.092 0.035 0.831 0.009 0.017 0.005 0.006 
152  BAFF217    (0)    3 :  0.093 0.032 0.717 0.010 0.043 0.078 0.011 0.017 
153  BAFF016    (0)    4 :  0.511 0.161 0.215 0.009 0.050 0.011 0.005 0.038 
154  BAFF246    (0)    4 :  0.151 0.045 0.654 0.059 0.020 0.035 0.011 0.023 
155  BAFF381    (0)   13 :  0.195 0.012 0.038 0.027 0.356 0.325 0.011 0.035 
156  BAFF078    (0)    6 :  0.008 0.443 0.018 0.019 0.347 0.113 0.007 0.046 
157  BAFF481    (0)    6 :  0.075 0.017 0.100 0.039 0.187 0.515 0.027 0.041 
158  BAFF436    (0)    7 :  0.112 0.048 0.093 0.418 0.079 0.109 0.093 0.048 
159  BAFF191    (0)    8 :  0.084 0.013 0.713 0.088 0.030 0.044 0.010 0.020 
160  BAFF382    (0)    9 :  0.122 0.043 0.047 0.145 0.066 0.480 0.008 0.089 
161  BAFF178    (0)   10 :  0.030 0.010 0.226 0.600 0.028 0.033 0.010 0.062 
162  BAFF159    (7)   11 :  0.899 0.007 0.015 0.010 0.011 0.037 0.009 0.012 
163  BAFF365    (7)   11 :  0.236 0.046 0.049 0.017 0.316 0.090 0.228 0.019 
164  BAFF007    (0)   12 :  0.289 0.123 0.060 0.045 0.156 0.224 0.074 0.029 
165  BAFF304    (7)   12 :  0.081 0.128 0.016 0.013 0.540 0.116 0.011 0.094 
166  BAFF487    (0)    7 :  0.035 0.095 0.047 0.089 0.011 0.677 0.018 0.029 
167  BAFF415    (0)   12 :  0.111 0.021 0.013 0.039 0.192 0.020 0.063 0.542 
168  BAFF488    (0)    7 :  0.171 0.017 0.051 0.013 0.047 0.068 0.619 0.015 
169  BAFF417    (0)   12 :  0.036 0.017 0.020 0.029 0.490 0.062 0.018 0.328 
170  BAFF489    (0)    7 :  0.175 0.085 0.020 0.057 0.220 0.400 0.008 0.034 
171  BAFF426    (0)   12 :  0.014 0.008 0.012 0.021 0.016 0.017 0.017 0.894 
172  BAFF490    (7)    7 :  0.474 0.128 0.024 0.045 0.017 0.285 0.019 0.010 
173  BAFF491    (0)    7 :  0.055 0.074 0.038 0.187 0.031 0.565 0.042 0.009 
174  BAFF492    (0)    7 :  0.090 0.011 0.033 0.015 0.019 0.812 0.007 0.013 
175  BAFF493    (0)    7 :  0.021 0.019 0.030 0.094 0.025 0.365 0.411 0.034 
176  BAFF506    (0)    7 :  0.027 0.031 0.032 0.050 0.012 0.753 0.081 0.013 
177  BAFF393    (0)    2 :  0.118 0.406 0.031 0.011 0.081 0.317 0.025 0.009 
178  BAFF218    (0)    3 :  0.274 0.022 0.340 0.084 0.057 0.124 0.073 0.026 
179  BAFF254    (0)    4 :  0.021 0.433 0.010 0.014 0.101 0.365 0.043 0.011 
180  BAFF385    (0)   13 :  0.015 0.044 0.027 0.148 0.053 0.656 0.021 0.037 
181  BAFF076    (0)    6 :  0.007 0.013 0.010 0.858 0.009 0.082 0.010 0.012 
182  BAFF482    (0)    6 :  0.277 0.016 0.013 0.102 0.098 0.419 0.009 0.066 
183  BAFF437    (0)    7 :  0.552 0.006 0.011 0.019 0.354 0.029 0.020 0.010 
184  BAFF192    (0)    8 :  0.037 0.185 0.121 0.440 0.095 0.086 0.021 0.014 
185  BAFF383    (0)    9 :  0.028 0.008 0.009 0.034 0.064 0.017 0.826 0.013 
186  BAFF180    (0)   10 :  0.044 0.012 0.578 0.186 0.012 0.056 0.009 0.104 
187  BAFF048    (7)   12 :  0.053 0.686 0.009 0.057 0.028 0.105 0.050 0.012 
188  BAFF306    (0)   12 :  0.038 0.015 0.056 0.046 0.718 0.082 0.011 0.033 
189  BAFF394    (0)    2 :  0.173 0.137 0.323 0.062 0.160 0.061 0.061 0.022 
190  BAFF219    (0)    3 :  0.630 0.016 0.045 0.035 0.123 0.128 0.009 0.015 
191  BAFF388    (0)    4 :  0.022 0.017 0.022 0.214 0.014 0.133 0.193 0.385 
192  BAFF386    (7)   13 :  0.038 0.067 0.023 0.601 0.077 0.154 0.021 0.018 
193  BAFF084    (0)    6 :  0.063 0.689 0.019 0.010 0.014 0.186 0.010 0.009 
194  BAFF483    (0)    6 :  0.085 0.012 0.095 0.281 0.220 0.147 0.033 0.127 
195  BAFF438   (15)    7 :  0.046 0.197 0.037 0.066 0.356 0.242 0.018 0.039 
196  BAFF193    (0)    8 :  0.054 0.020 0.050 0.067 0.022 0.387 0.379 0.021 
197  BAFF183    (0)   10 :  0.230 0.101 0.072 0.020 0.039 0.405 0.082 0.051 
198  BAFF153    (0)   12 :  0.014 0.018 0.007 0.011 0.921 0.009 0.008 0.013 
199  BAFF307    (0)   12 :  0.035 0.148 0.025 0.022 0.519 0.219 0.011 0.020 
200  BAFF397    (0)    2 :  0.792 0.011 0.017 0.005 0.063 0.094 0.009 0.009 
201  BAFF220    (0)    3 :  0.019 0.080 0.006 0.848 0.007 0.020 0.010 0.010 
202  BAFF095    (0)    6 :  0.014 0.011 0.020 0.833 0.022 0.045 0.040 0.015 
203  BAFF494    (0)    6 :  0.048 0.030 0.039 0.633 0.015 0.203 0.007 0.026 
204  BAFF439    (0)    7 :  0.033 0.016 0.273 0.012 0.189 0.186 0.010 0.281 
205  BAFF182    (0)   10 :  0.032 0.105 0.039 0.565 0.075 0.029 0.031 0.124 
206  BAFF054    (0)   12 :  0.008 0.008 0.006 0.008 0.020 0.008 0.006 0.934 
207  BAFF308    (0)   12 :  0.046 0.025 0.009 0.019 0.781 0.090 0.015 0.015 
208  BAFF266    (0)    1 :  0.289 0.112 0.016 0.019 0.029 0.359 0.131 0.044 
209  BAFF398    (7)    2 :  0.008 0.006 0.006 0.920 0.006 0.035 0.014 0.006 
210  BAFF221    (0)    3 :  0.011 0.356 0.010 0.081 0.086 0.018 0.379 0.059 
211  BAFF090    (0)    6 :  0.027 0.208 0.017 0.055 0.094 0.443 0.014 0.142 
212  BAFF495    (0)    6 :  0.042 0.010 0.871 0.011 0.012 0.036 0.007 0.011 
213  BAFF459    (0)    7 :  0.811 0.054 0.065 0.011 0.020 0.022 0.007 0.011 
214  BAFF197    (0)    8 :  0.346 0.014 0.129 0.020 0.342 0.067 0.013 0.069 
215  BAFF188    (0)   10 :  0.025 0.077 0.021 0.016 0.754 0.049 0.015 0.042 
216  BAFF051    (0)   12 :  0.131 0.014 0.032 0.051 0.049 0.320 0.025 0.378 
217  BAFF309    (0)   12 :  0.093 0.028 0.030 0.106 0.046 0.668 0.013 0.017 
218  BAFF269    (0)    1 :  0.464 0.010 0.071 0.033 0.289 0.038 0.084 0.012 
219  BAFF077    (0)    6 :  0.858 0.031 0.071 0.005 0.006 0.009 0.009 0.011 
220  BAFF496    (0)    6 :  0.018 0.005 0.920 0.007 0.007 0.025 0.010 0.008 
221  BAFF443    (0)    7 :  0.173 0.021 0.026 0.043 0.104 0.429 0.087 0.117 
222  BAFF198    (0)    8 :  0.049 0.034 0.363 0.190 0.027 0.293 0.009 0.035 
223  BAFF053    (0)   12 :  0.024 0.020 0.043 0.010 0.813 0.039 0.019 0.032 
224  BAFF310    (0)   12 :  0.033 0.016 0.015 0.008 0.101 0.025 0.008 0.794 
225  BAFF282    (0)    1 :  0.049 0.017 0.025 0.044 0.026 0.016 0.807 0.016 
226  BAFF497    (0)    6 :  0.792 0.012 0.090 0.013 0.012 0.056 0.011 0.015 
227  BAFF466    (0)    7 :  0.066 0.154 0.020 0.038 0.071 0.605 0.014 0.033 
228  BAFF200    (7)    8 :  0.034 0.050 0.057 0.407 0.044 0.357 0.012 0.041 
229  BAFF240    (0)   10 :  0.017 0.684 0.018 0.049 0.038 0.170 0.014 0.010 
230  BAFF055    (0)   12 :  0.023 0.012 0.009 0.032 0.164 0.017 0.020 0.723 
231  BAFF311    (7)   12 :  0.019 0.024 0.010 0.867 0.035 0.010 0.028 0.007 


Estimated Allele Frequencies in each cluster
First column gives estimated ancestral frequencies


Locus 1 : btern01 
9 alleles
0.0% missing data
   1   (0.141) 0.182 0.142 0.190 0.138 0.160 0.114 0.118 0.033 
   2   (0.018) 0.008 0.004 0.004 0.004 0.004 0.014 0.025 0.003 
   3   (0.170) 0.282 0.143 0.192 0.143 0.197 0.141 0.071 0.095 
   4   (0.209) 0.117 0.248 0.319 0.184 0.194 0.249 0.204 0.168 
   5   (0.283) 0.309 0.356 0.096 0.143 0.347 0.374 0.430 0.337 
   6   (0.074) 0.046 0.028 0.092 0.041 0.062 0.043 0.033 0.334 
   7   (0.049) 0.014 0.060 0.015 0.289 0.019 0.026 0.083 0.019 
   8   (0.016) 0.009 0.002 0.012 0.003 0.006 0.003 0.028 0.002 
   9   (0.040) 0.033 0.016 0.081 0.055 0.010 0.034 0.008 0.007 

Locus 2 : bt28 
5 alleles
0.0% missing data
   1   (0.670) 0.693 0.667 0.729 0.582 0.735 0.625 0.776 0.716 
   2   (0.151) 0.090 0.058 0.176 0.164 0.154 0.164 0.162 0.100 
   3   (0.147) 0.102 0.266 0.084 0.247 0.101 0.198 0.042 0.179 
   4   (0.021) 0.112 0.007 0.009 0.004 0.007 0.011 0.005 0.004 
   5   (0.011) 0.003 0.002 0.002 0.002 0.003 0.002 0.014 0.002 

Locus 3 : b96 
8 alleles
0.9% missing data
   1   (0.333) 0.379 0.212 0.261 0.349 0.463 0.279 0.357 0.318 
   2   (0.480) 0.500 0.581 0.682 0.519 0.330 0.643 0.446 0.520 
   3   (0.046) 0.026 0.083 0.013 0.032 0.060 0.033 0.012 0.043 
   4   (0.015) 0.006 0.087 0.002 0.003 0.003 0.006 0.004 0.003 
   5   (0.050) 0.051 0.011 0.014 0.047 0.058 0.019 0.025 0.030 
   6   (0.027) 0.007 0.007 0.005 0.040 0.014 0.006 0.088 0.005 
   7   (0.037) 0.030 0.018 0.020 0.008 0.070 0.011 0.066 0.007 
   8   (0.012) 0.003 0.002 0.002 0.003 0.003 0.003 0.003 0.076 

Locus 4 : bt30 
12 alleles
0.9% missing data
   1   (0.110) 0.076 0.042 0.028 0.179 0.062 0.159 0.260 0.113 
   2   (0.281) 0.297 0.210 0.350 0.269 0.278 0.360 0.286 0.289 
   3   (0.071) 0.149 0.071 0.129 0.027 0.030 0.162 0.017 0.024 
   4   (0.189) 0.199 0.219 0.146 0.215 0.228 0.177 0.113 0.239 
   5   (0.015) 0.005 0.002 0.004 0.016 0.005 0.007 0.004 0.003 
   6   (0.101) 0.133 0.033 0.140 0.217 0.068 0.045 0.104 0.052 
   7   (0.033) 0.017 0.019 0.018 0.010 0.043 0.021 0.022 0.021 
   8   (0.051) 0.042 0.062 0.010 0.011 0.076 0.017 0.043 0.061 
   9   (0.109) 0.070 0.335 0.155 0.042 0.169 0.041 0.080 0.191 
  10   (0.012) 0.003 0.002 0.002 0.002 0.002 0.002 0.064 0.002 
  11   (0.017) 0.005 0.003 0.005 0.012 0.036 0.005 0.004 0.004 
  12   (0.011) 0.004 0.002 0.013 0.002 0.003 0.003 0.002 0.002 

Locus 5 : btms0081 
3 alleles
0.9% missing data
   1   (0.498) 0.553 0.635 0.332 0.645 0.403 0.593 0.582 0.311 
   2   (0.353) 0.366 0.293 0.438 0.262 0.429 0.307 0.224 0.475 
   3   (0.149) 0.081 0.071 0.230 0.092 0.169 0.100 0.194 0.214 

Locus 6 : btms0066 
24 alleles
0.0% missing data
   1   (0.260) 0.220 0.161 0.202 0.348 0.301 0.340 0.383 0.380 
   2   (0.016) 0.004 0.003 0.014 0.003 0.003 0.005 0.063 0.003 
   3   (0.031) 0.016 0.010 0.009 0.018 0.122 0.037 0.006 0.008 
   4   (0.153) 0.222 0.051 0.405 0.175 0.118 0.256 0.059 0.123 
   5   (0.097) 0.138 0.032 0.106 0.040 0.184 0.139 0.029 0.105 
   6   (0.051) 0.021 0.131 0.056 0.199 0.049 0.021 0.011 0.016 
   7   (0.019) 0.005 0.003 0.003 0.047 0.004 0.012 0.016 0.003 
   8   (0.055) 0.098 0.037 0.046 0.015 0.027 0.028 0.078 0.033 
   9   (0.021) 0.006 0.287 0.004 0.007 0.019 0.012 0.004 0.004 
  10   (0.031) 0.026 0.038 0.006 0.007 0.007 0.024 0.140 0.005 
  11   (0.020) 0.005 0.004 0.008 0.008 0.005 0.005 0.146 0.013 
  12   (0.036) 0.127 0.008 0.080 0.007 0.020 0.017 0.008 0.016 
  13   (0.025) 0.008 0.027 0.006 0.026 0.018 0.015 0.006 0.017 
  14   (0.020) 0.005 0.068 0.003 0.004 0.005 0.007 0.004 0.043 
  15   (0.022) 0.054 0.004 0.005 0.004 0.018 0.010 0.005 0.003 
  16   (0.028) 0.008 0.067 0.007 0.023 0.014 0.011 0.006 0.098 
  17   (0.025) 0.007 0.040 0.005 0.008 0.025 0.018 0.013 0.042 
  18   (0.010) 0.002 0.002 0.002 0.002 0.002 0.002 0.002 0.032 
  19   (0.013) 0.003 0.002 0.002 0.003 0.037 0.003 0.002 0.002 
  20   (0.022) 0.009 0.009 0.022 0.023 0.007 0.011 0.007 0.014 
  21   (0.018) 0.005 0.010 0.003 0.022 0.005 0.012 0.005 0.004 
  22   (0.008) 0.002 0.003 0.002 0.007 0.002 0.006 0.002 0.001 
  23   (0.011) 0.002 0.002 0.002 0.002 0.004 0.002 0.002 0.030 
  24   (0.011) 0.006 0.003 0.002 0.002 0.003 0.006 0.004 0.002 

Locus 7 : btms0083 
31 alleles
3.0% missing data
   1   (0.015) 0.003 0.008 0.002 0.004 0.004 0.003 0.218 0.003 
   2   (0.024) 0.007 0.012 0.004 0.005 0.030 0.019 0.101 0.004 
   3   (0.031) 0.019 0.114 0.006 0.072 0.012 0.017 0.006 0.009 
   4   (0.042) 0.016 0.028 0.015 0.035 0.021 0.075 0.054 0.011 
   5   (0.209) 0.178 0.154 0.167 0.348 0.240 0.244 0.222 0.265 
   6   (0.022) 0.011 0.016 0.007 0.019 0.006 0.030 0.006 0.005 
   7   (0.061) 0.047 0.078 0.028 0.022 0.094 0.113 0.021 0.154 
   8   (0.040) 0.076 0.012 0.012 0.010 0.125 0.022 0.017 0.013 
   9   (0.038) 0.027 0.008 0.036 0.049 0.044 0.035 0.009 0.007 
  10   (0.028) 0.009 0.007 0.013 0.113 0.019 0.016 0.009 0.022 
  11   (0.051) 0.134 0.361 0.110 0.015 0.028 0.038 0.014 0.009 
  12   (0.018) 0.006 0.003 0.013 0.006 0.004 0.015 0.034 0.004 
  13   (0.054) 0.080 0.030 0.091 0.021 0.080 0.022 0.011 0.070 
  14   (0.029) 0.140 0.008 0.010 0.007 0.013 0.093 0.006 0.005 
  15   (0.029) 0.040 0.008 0.050 0.024 0.013 0.011 0.021 0.006 
  16   (0.026) 0.016 0.017 0.009 0.073 0.007 0.034 0.033 0.005 
  17   (0.026) 0.010 0.010 0.286 0.008 0.014 0.008 0.065 0.005 
  18   (0.052) 0.022 0.017 0.030 0.035 0.040 0.075 0.034 0.115 
  19   (0.018) 0.007 0.004 0.005 0.004 0.005 0.011 0.010 0.115 
  20   (0.027) 0.011 0.006 0.006 0.007 0.099 0.011 0.005 0.053 
  21   (0.006) 0.002 0.001 0.001 0.001 0.001 0.001 0.032 0.001 
  22   (0.010) 0.003 0.002 0.007 0.002 0.003 0.002 0.025 0.002 
  23   (0.015) 0.021 0.003 0.005 0.003 0.008 0.004 0.017 0.002 
  24   (0.010) 0.003 0.002 0.002 0.002 0.003 0.002 0.003 0.013 
  25   (0.028) 0.012 0.006 0.006 0.091 0.034 0.038 0.006 0.006 
  26   (0.014) 0.070 0.004 0.011 0.004 0.004 0.003 0.002 0.002 
  27   (0.028) 0.009 0.011 0.052 0.007 0.026 0.015 0.005 0.050 
  28   (0.015) 0.005 0.064 0.009 0.006 0.004 0.017 0.004 0.003 
  29   (0.009) 0.004 0.003 0.002 0.002 0.002 0.020 0.003 0.002 
  30   (0.014) 0.003 0.002 0.002 0.003 0.011 0.003 0.003 0.035 
  31   (0.010) 0.008 0.002 0.003 0.002 0.006 0.002 0.003 0.002 

Locus 8 : b126 
16 alleles
0.0% missing data
   1   (0.042) 0.048 0.008 0.011 0.067 0.035 0.012 0.041 0.012 
   2   (0.050) 0.061 0.011 0.076 0.014 0.049 0.026 0.126 0.008 
   3   (0.310) 0.293 0.554 0.440 0.262 0.366 0.396 0.204 0.387 
   4   (0.033) 0.045 0.006 0.056 0.015 0.011 0.036 0.009 0.007 
   5   (0.069) 0.041 0.031 0.091 0.119 0.034 0.169 0.021 0.046 
   6   (0.065) 0.133 0.016 0.016 0.016 0.135 0.061 0.016 0.158 
   7   (0.106) 0.083 0.223 0.072 0.177 0.144 0.084 0.022 0.139 
   8   (0.029) 0.044 0.006 0.018 0.007 0.014 0.010 0.007 0.077 
   9   (0.013) 0.003 0.002 0.002 0.039 0.003 0.005 0.002 0.002 
  10   (0.043) 0.019 0.018 0.031 0.104 0.016 0.020 0.026 0.054 
  11   (0.091) 0.101 0.096 0.032 0.036 0.088 0.112 0.387 0.023 
  12   (0.031) 0.018 0.005 0.006 0.007 0.030 0.026 0.028 0.029 
  13   (0.066) 0.050 0.011 0.115 0.093 0.032 0.027 0.100 0.047 
  14   (0.023) 0.046 0.004 0.029 0.009 0.009 0.008 0.005 0.005 
  15   (0.013) 0.003 0.002 0.003 0.007 0.032 0.003 0.003 0.002 
  16   (0.015) 0.012 0.006 0.003 0.029 0.004 0.004 0.003 0.003 

Locus 9 : btms0062 
34 alleles
0.0% missing data
   1   (0.029) 0.011 0.056 0.007 0.028 0.007 0.058 0.075 0.009 
   2   (0.048) 0.026 0.020 0.249 0.037 0.022 0.040 0.100 0.013 
   3   (0.082) 0.061 0.074 0.060 0.031 0.241 0.097 0.104 0.057 
   4   (0.104) 0.162 0.179 0.035 0.217 0.050 0.107 0.056 0.211 
   5   (0.053) 0.045 0.084 0.015 0.040 0.072 0.175 0.021 0.013 
   6   (0.026) 0.022 0.016 0.030 0.013 0.031 0.019 0.007 0.005 
   7   (0.015) 0.009 0.002 0.004 0.004 0.007 0.014 0.003 0.003 
   8   (0.022) 0.082 0.004 0.008 0.005 0.035 0.012 0.007 0.004 
   9   (0.045) 0.114 0.065 0.045 0.026 0.014 0.033 0.020 0.019 
  10   (0.056) 0.078 0.012 0.034 0.067 0.023 0.074 0.038 0.060 
  11   (0.066) 0.051 0.249 0.038 0.160 0.057 0.068 0.020 0.039 
  12   (0.038) 0.016 0.013 0.288 0.071 0.039 0.015 0.008 0.027 
  13   (0.043) 0.050 0.016 0.011 0.131 0.061 0.016 0.026 0.017 
  14   (0.041) 0.053 0.010 0.014 0.011 0.039 0.041 0.012 0.275 
  15   (0.016) 0.006 0.004 0.005 0.004 0.112 0.005 0.003 0.003 
  16   (0.018) 0.004 0.065 0.003 0.003 0.017 0.008 0.004 0.010 
  17   (0.021) 0.007 0.004 0.007 0.013 0.005 0.006 0.154 0.004 
  18   (0.013) 0.004 0.004 0.006 0.035 0.004 0.003 0.003 0.002 
  19   (0.046) 0.039 0.008 0.063 0.016 0.016 0.028 0.081 0.094 
  20   (0.010) 0.002 0.001 0.001 0.002 0.002 0.002 0.033 0.001 
  21   (0.033) 0.044 0.007 0.023 0.023 0.013 0.025 0.056 0.006 
  22   (0.017) 0.007 0.003 0.003 0.003 0.016 0.007 0.101 0.003 
  23   (0.012) 0.003 0.002 0.002 0.003 0.003 0.006 0.026 0.002 
  24   (0.017) 0.054 0.003 0.008 0.004 0.004 0.015 0.004 0.008 
  25   (0.013) 0.005 0.002 0.003 0.003 0.003 0.017 0.008 0.003 
  26   (0.026) 0.011 0.034 0.012 0.021 0.013 0.074 0.010 0.040 
  27   (0.019) 0.005 0.034 0.004 0.012 0.037 0.009 0.004 0.006 
  28   (0.007) 0.002 0.001 0.001 0.001 0.025 0.002 0.001 0.001 
  29   (0.012) 0.003 0.018 0.008 0.002 0.003 0.007 0.005 0.002 
  30   (0.010) 0.002 0.002 0.002 0.002 0.002 0.002 0.002 0.032 
  31   (0.013) 0.008 0.002 0.002 0.002 0.014 0.008 0.002 0.002 
  32   (0.010) 0.003 0.005 0.003 0.008 0.003 0.003 0.002 0.002 
  33   (0.011) 0.008 0.002 0.003 0.002 0.006 0.003 0.003 0.002 
  34   (0.010) 0.003 0.002 0.002 0.002 0.004 0.002 0.002 0.027 

Locus 10 : btern02 
25 alleles
4.8% missing data
   1   (0.102) 0.143 0.230 0.124 0.079 0.150 0.073 0.131 0.046 
   2   (0.012) 0.003 0.002 0.002 0.002 0.003 0.003 0.016 0.002 
   3   (0.078) 0.119 0.046 0.111 0.135 0.095 0.119 0.026 0.022 
   4   (0.053) 0.038 0.010 0.076 0.158 0.027 0.038 0.015 0.100 
   5   (0.028) 0.025 0.033 0.010 0.027 0.013 0.026 0.016 0.007 
   6   (0.040) 0.032 0.107 0.019 0.019 0.020 0.149 0.013 0.017 
   7   (0.031) 0.015 0.006 0.016 0.028 0.027 0.014 0.006 0.140 
   8   (0.035) 0.018 0.021 0.017 0.011 0.038 0.042 0.099 0.006 
   9   (0.069) 0.034 0.047 0.022 0.103 0.202 0.068 0.080 0.041 
  10   (0.031) 0.053 0.006 0.097 0.012 0.009 0.083 0.007 0.006 
  11   (0.059) 0.092 0.017 0.103 0.020 0.118 0.039 0.017 0.062 
  12   (0.036) 0.017 0.016 0.077 0.011 0.019 0.025 0.133 0.007 
  13   (0.050) 0.068 0.014 0.025 0.072 0.019 0.026 0.053 0.057 
  14   (0.056) 0.042 0.022 0.053 0.038 0.028 0.024 0.161 0.125 
  15   (0.013) 0.003 0.154 0.002 0.002 0.003 0.002 0.002 0.002 
  16   (0.044) 0.082 0.010 0.017 0.013 0.024 0.051 0.050 0.048 
  17   (0.027) 0.018 0.021 0.009 0.018 0.009 0.041 0.006 0.061 
  18   (0.044) 0.043 0.017 0.118 0.017 0.024 0.040 0.010 0.165 
  19   (0.039) 0.014 0.069 0.024 0.078 0.076 0.047 0.008 0.009 
  20   (0.040) 0.061 0.007 0.017 0.086 0.023 0.026 0.054 0.008 
  21   (0.022) 0.026 0.005 0.013 0.005 0.009 0.013 0.051 0.009 
  22   (0.014) 0.006 0.002 0.006 0.003 0.004 0.004 0.018 0.007 
  23   (0.034) 0.034 0.013 0.027 0.033 0.041 0.013 0.020 0.007 
  24   (0.029) 0.009 0.120 0.006 0.014 0.016 0.027 0.006 0.040 
  25   (0.014) 0.004 0.003 0.008 0.015 0.004 0.008 0.003 0.004 

Locus 11 : btms0086 
3 alleles
0.0% missing data
   1   (0.842) 0.888 0.968 0.813 0.754 0.910 0.811 0.783 0.925 
   2   (0.136) 0.106 0.028 0.183 0.242 0.052 0.178 0.198 0.067 
   3   (0.022) 0.006 0.004 0.005 0.004 0.038 0.011 0.020 0.008 

Locus 12 : bl13 
3 alleles
0.0% missing data
   1   (0.071) 0.033 0.021 0.036 0.034 0.028 0.036 0.215 0.330 
   2   (0.827) 0.857 0.719 0.918 0.846 0.850 0.897 0.765 0.612 
   3   (0.101) 0.111 0.260 0.046 0.120 0.122 0.068 0.020 0.058 

Locus 13 : btms0059 
9 alleles
0.0% missing data
   1   (0.347) 0.347 0.481 0.194 0.327 0.528 0.348 0.356 0.294 
   2   (0.109) 0.260 0.209 0.234 0.033 0.059 0.094 0.118 0.018 
   3   (0.064) 0.032 0.030 0.034 0.029 0.060 0.024 0.123 0.118 
   4   (0.056) 0.036 0.014 0.028 0.099 0.040 0.033 0.047 0.021 
   5   (0.082) 0.102 0.039 0.064 0.031 0.072 0.133 0.036 0.042 
   6   (0.293) 0.185 0.211 0.401 0.466 0.216 0.318 0.308 0.499 
   7   (0.016) 0.021 0.006 0.037 0.003 0.004 0.006 0.003 0.003 
   8   (0.022) 0.011 0.006 0.005 0.010 0.016 0.035 0.005 0.004 
   9   (0.011) 0.005 0.003 0.003 0.002 0.003 0.007 0.003 0.002 

Values of parameters used in structure:
DATAFILE=/Users/johnmola/Desktop/rpbbfeb27/rpbbstructure/project_data,	OUTFILE=/Users/johnmola/Desktop/rpbbfeb27/rpbbstructure/rpbb20k100k/Results/rpbb20k100k_run_74,	NUMINDS=231,	NUMLOCI=13,	MISSING=-9,	LABEL=1,	POPDATA=1,	POPFLAG=0,	PHENOTYPE=0,	EXTRACOLS=0,	MAXPOPS=8,	BURNIN=20000,	NUMREPS=100000,	USEPOPINFO=0,	INFERALPHA=1,	INFERLAMBDA=0,	POPSPECIFICLAMBDA=0,	POPALPHAS=0,	COMPUTEPROB=1,	NOADMIX=0,	ADMBURNIN=2500,	UPDATEFREQ=1,	PRINTLIKES=0,	INTERMEDSAVE=0,	PRINTKLD=0,	PRINTNET=0,	PRINTLAMBDA=0,	ANCESTDIST=0,	NUMBOXES=1000,	ANCESTPINT=0.90000,	GENSBACK=2,	MIGRPRIOR=0.05000,	PRINTQHAT=0,	PRINTQSUM=0,	ALPHA=1.0000,	FREQSCORR=1,	FPRIORMEAN=0.0100,	FPRIORSD=0.0500,	ONEFST=0,	LAMBDA=1.0000,	UNIFPRIORALPHA=1,	ALPHAMAX=10.0000,	ALPHAPRIORA=1.0000,	ALPHAPRIORB=2.0000,	ALPHAPROPSD=0.0250,	STARTATPOPINFO=0,	RANDOMIZE=1,	LINKAGE=0,	METROFREQ=10,	REPORTHITRATE=0,	MARKOVPHASE=-1,	PHASED=0,	PLOIDY=2,	PHASEINFO=0	LOCPRIOR=0, 	LOCPRIORINIT=1.000000, 	LOCDATA=0, 	LOCISPOP=0, 	LOCPRIORSTEP=0.100000, 	MAXLOCPRIOR=20.000000, 	SEED=1677521930,	
[STRAT parameters]:    NUMSIMSTATS=1000,	PHENOTYPECOL=-9,	POOLFREQ=10,	LOCUSxONLY=0,	EMERROR=0.00100,	MISSINGPHENO=-9,	