

----------------------------------------------------
STRUCTURE by Pritchard, Stephens and Donnelly (2000)
     and Falush, Stephens and Pritchard (2003)
       Code by Pritchard, Falush and Hubisz
             Version 2.3.4 (Jul 2012)
----------------------------------------------------



Command line arguments:   bin/structure -m "/Users/johnmola/Desktop/rpbbfeb27/rpbbstructure/rpbb20k100k/mainparams" -e "/Users/johnmola/Desktop/rpbbfeb27/rpbbstructure/rpbb20k100k/extraparams" 
Input File:    /Users/johnmola/Desktop/rpbbfeb27/rpbbstructure/project_data

Run parameters:
   231 individuals
   13 loci
   5 populations assumed
   20000 Burn-in period
   100000 Reps


--------------------------------------------
Proportion of membership of each pre-defined
 population in each of the 5 clusters

Given    Inferred Clusters                     Number of
 Pop       1      2      3      4      5      Individuals

  1:     0.017  0.040  0.052  0.842  0.048       21
  2:     0.025  0.334  0.430  0.038  0.173        7
  3:     0.057  0.159  0.274  0.109  0.401        7
  4:     0.088  0.338  0.095  0.089  0.389        8
  5:     0.051  0.399  0.051  0.132  0.367        4
  6:     0.151  0.184  0.285  0.062  0.319       35
  7:     0.069  0.327  0.221  0.113  0.270       40
  8:     0.147  0.211  0.218  0.076  0.348       19
  9:     0.040  0.233  0.068  0.279  0.381        4
 10:     0.366  0.145  0.212  0.046  0.230       11
 11:     0.022  0.117  0.584  0.152  0.125        8
 12:     0.443  0.298  0.139  0.054  0.065       60
 13:     0.059  0.231  0.179  0.098  0.433        7
--------------------------------------------

Allele-freq. divergence among pops (Net nucleotide distance),
computed using point estimates of P.

      1       2       3       4       5      
 1      -    0.0166  0.0252  0.0283  0.0249  
 2   0.0166     -    0.0155  0.0201  0.0133  
 3   0.0252  0.0155     -    0.0253  0.0183  
 4   0.0283  0.0201  0.0253     -    0.0264  
 5   0.0249  0.0133  0.0183  0.0264     -    

Average distances (expected heterozygosity) between individuals in same cluster:
cluster  1  : 0.6866 
cluster  2  : 0.6810 
cluster  3  : 0.6864 
cluster  4  : 0.6905 
cluster  5  : 0.6887 

--------------------------------------------
Estimated Ln Prob of Data   = -10084.2
Mean value of ln likelihood = -9679.6
Variance of ln likelihood   = 809.3
Mean value of alpha         = 0.0580

Mean value of Fst_1         = 0.0648
Mean value of Fst_2         = 0.0406
Mean value of Fst_3         = 0.0534
Mean value of Fst_4         = 0.0617
Mean value of Fst_5         = 0.0506


Inferred ancestry of individuals:
        Label (%Miss) Pop:  Inferred clusters
  1  BAFF014    (0)    1 :  0.007 0.010 0.010 0.956 0.017 
  2  BAFF379    (0)    2 :  0.026 0.737 0.102 0.020 0.114 
  3  BAFF212    (0)    3 :  0.136 0.258 0.358 0.052 0.196 
  4  BAFF018    (0)    4 :  0.052 0.814 0.101 0.012 0.022 
  5  BAFF247    (0)    4 :  0.024 0.892 0.027 0.010 0.047 
  6  BAFF024    (0)    5 :  0.048 0.042 0.060 0.024 0.827 
  7  BAFF088    (0)    6 :  0.101 0.157 0.641 0.020 0.080 
  8  BAFF429    (0)    6 :  0.026 0.105 0.209 0.024 0.635 
  9  BAFF087    (7)    7 :  0.011 0.010 0.953 0.016 0.011 
 10  BAFF225    (0)    7 :  0.043 0.171 0.132 0.072 0.582 
 11  BAFF195    (0)    8 :  0.017 0.119 0.711 0.035 0.118 
 12  BAFF238    (0)    9 :  0.032 0.101 0.034 0.140 0.692 
 13  BAFF019    (0)   10 :  0.860 0.021 0.062 0.037 0.021 
 14  BAFF175    (0)   10 :  0.261 0.378 0.122 0.015 0.224 
 15  BAFF156    (0)   11 :  0.011 0.018 0.957 0.006 0.008 
 16  BAFF301    (0)   11 :  0.023 0.020 0.014 0.903 0.039 
 17  BAFF141    (0)   12 :  0.043 0.704 0.009 0.235 0.009 
 18  BAFF302    (0)   12 :  0.081 0.155 0.027 0.028 0.709 
 19  BAFF290    (0)    1 :  0.018 0.044 0.016 0.900 0.021 
 20  BAFF498    (0)    6 :  0.083 0.183 0.250 0.290 0.195 
 21  BAFF455    (0)    7 :  0.083 0.173 0.503 0.044 0.197 
 22  BAFF203    (7)    8 :  0.020 0.084 0.817 0.016 0.063 
 23  BAFF056    (0)   12 :  0.866 0.068 0.010 0.033 0.023 
 24  BAFF327    (0)   12 :  0.539 0.290 0.040 0.099 0.033 
 25  BAFF255    (0)    1 :  0.008 0.014 0.008 0.959 0.012 
 26  BAFF256    (0)    1 :  0.012 0.008 0.008 0.964 0.008 
 27  BAFF257    (0)    1 :  0.006 0.007 0.007 0.973 0.007 
 28  BAFF260    (0)    1 :  0.008 0.008 0.011 0.959 0.013 
 29  BAFF259    (0)    1 :  0.018 0.009 0.009 0.954 0.009 
 30  BAFF261    (0)    1 :  0.009 0.011 0.009 0.961 0.009 
 31  BAFF274    (0)    1 :  0.017 0.037 0.025 0.892 0.029 
 32  BAFF262    (0)    1 :  0.011 0.014 0.022 0.942 0.011 
 33  BAFF294    (0)    1 :  0.008 0.008 0.025 0.949 0.009 
 34  BAFF292    (0)    1 :  0.012 0.017 0.012 0.862 0.098 
 35  BAFF296    (0)    1 :  0.015 0.021 0.011 0.901 0.053 
 36  BAFF295    (0)    1 :  0.018 0.033 0.015 0.908 0.026 
 37  BAFF298    (0)    1 :  0.018 0.022 0.012 0.926 0.022 
 38  BAFF299    (0)    1 :  0.021 0.007 0.012 0.952 0.008 
 39  BAFF375    (0)   13 :  0.013 0.017 0.013 0.033 0.924 
 40  BAFF376    (0)   13 :  0.033 0.029 0.030 0.025 0.883 
 41  BAFF377    (0)   13 :  0.011 0.012 0.012 0.031 0.934 
 42  BAFF022    (0)    5 :  0.020 0.370 0.035 0.270 0.304 
 43  BAFF021    (0)    5 :  0.085 0.509 0.039 0.173 0.194 
 44  BAFF499    (0)    6 :  0.840 0.063 0.017 0.010 0.071 
 45  BAFF204    (0)    8 :  0.066 0.551 0.037 0.013 0.333 
 46  BAFF068    (0)   12 :  0.842 0.028 0.011 0.105 0.014 
 47  BAFF336    (0)   12 :  0.686 0.160 0.105 0.021 0.028 
 48  BAFF447    (0)    7 :  0.020 0.434 0.049 0.011 0.486 
 49  BAFF457    (0)    7 :  0.012 0.327 0.025 0.034 0.602 
 50  BAFF448    (0)    7 :  0.011 0.338 0.504 0.096 0.050 
 51  BAFF465    (0)    7 :  0.019 0.047 0.895 0.019 0.020 
 52  BAFF194    (0)    8 :  0.014 0.039 0.038 0.036 0.872 
 53  BAFF199    (0)    8 :  0.043 0.657 0.042 0.025 0.233 
 54  BAFF500    (0)    6 :  0.105 0.095 0.055 0.534 0.212 
 55  BAFF206    (0)    8 :  0.253 0.456 0.073 0.075 0.143 
 56  BAFF069    (0)   12 :  0.935 0.017 0.020 0.012 0.015 
 57  BAFF330    (0)   12 :  0.031 0.065 0.857 0.019 0.028 
 58  BAFF239    (0)   10 :  0.786 0.155 0.026 0.023 0.011 
 59  BAFF241    (0)   10 :  0.891 0.037 0.014 0.047 0.011 
 60  BAFF157    (0)   11 :  0.012 0.012 0.949 0.008 0.020 
 61  BAFF161    (0)   11 :  0.009 0.009 0.964 0.007 0.010 
 62  BAFF160    (0)   11 :  0.009 0.012 0.961 0.007 0.011 
 63  BAFF008    (0)   12 :  0.260 0.178 0.415 0.103 0.044 
 64  BAFF013    (0)   12 :  0.035 0.121 0.751 0.022 0.070 
 65  BAFF407    (0)   12 :  0.942 0.017 0.017 0.013 0.012 
 66  BAFF503    (0)    6 :  0.553 0.023 0.377 0.009 0.039 
 67  BAFF449    (0)    7 :  0.277 0.469 0.193 0.023 0.038 
 68  BAFF207    (0)    8 :  0.689 0.041 0.013 0.026 0.232 
 69  BAFF070    (0)   12 :  0.942 0.022 0.011 0.009 0.016 
 70  BAFF335    (0)   12 :  0.370 0.573 0.027 0.016 0.014 
 71  BAFF507    (0)    6 :  0.009 0.019 0.016 0.039 0.917 
 72  BAFF450    (0)    7 :  0.058 0.278 0.134 0.283 0.248 
 73  BAFF209    (7)    8 :  0.046 0.104 0.295 0.051 0.504 
 74  BAFF072    (0)   12 :  0.230 0.589 0.157 0.011 0.014 
 75  BAFF339    (0)   12 :  0.477 0.202 0.016 0.022 0.283 
 76  BAFF508    (0)    6 :  0.018 0.376 0.466 0.109 0.031 
 77  BAFF451    (0)    7 :  0.029 0.383 0.058 0.013 0.517 
 78  BAFF210    (0)    8 :  0.507 0.062 0.031 0.140 0.259 
 79  BAFF139    (0)   12 :  0.020 0.341 0.069 0.071 0.500 
 80  BAFF341    (0)   12 :  0.049 0.675 0.117 0.029 0.130 
 81  BAFF509    (0)    6 :  0.100 0.115 0.299 0.079 0.407 
 82  BAFF453    (0)    7 :  0.192 0.080 0.058 0.013 0.657 
 83  BAFF389    (0)    8 :  0.012 0.023 0.056 0.050 0.859 
 84  BAFF163    (0)   12 :  0.902 0.007 0.050 0.005 0.037 
 85  BAFF344    (7)   12 :  0.594 0.279 0.047 0.010 0.068 
 86  BAFF510    (0)    6 :  0.065 0.106 0.324 0.014 0.491 
 87  BAFF456    (0)    7 :  0.044 0.252 0.013 0.022 0.668 
 88  BAFF390    (0)    8 :  0.008 0.008 0.009 0.008 0.968 
 89  BAFF142    (0)   12 :  0.136 0.510 0.013 0.328 0.012 
 90  BAFF363    (7)   12 :  0.948 0.014 0.017 0.008 0.012 
 91  BAFF517    (0)    6 :  0.041 0.146 0.020 0.009 0.783 
 92  BAFF458    (0)    7 :  0.090 0.419 0.223 0.155 0.112 
 93  BAFF391    (0)    8 :  0.361 0.325 0.017 0.266 0.031 
 94  BAFF149    (0)   12 :  0.283 0.652 0.016 0.014 0.034 
 95  BAFF366    (7)   12 :  0.210 0.584 0.012 0.013 0.181 
 96  BAFF512    (0)    6 :  0.043 0.269 0.228 0.258 0.202 
 97  BAFF460    (0)    7 :  0.055 0.867 0.014 0.018 0.045 
 98  BAFF138    (0)   12 :  0.358 0.568 0.013 0.037 0.024 
 99  BAFF374    (0)   12 :  0.496 0.016 0.405 0.051 0.032 
100  BAFF015    (0)    1 :  0.014 0.011 0.009 0.956 0.010 
101  BAFF380    (0)    2 :  0.054 0.047 0.834 0.017 0.048 
102  BAFF216    (0)    3 :  0.037 0.059 0.158 0.070 0.676 
103  BAFF017    (0)    4 :  0.023 0.009 0.007 0.019 0.943 
104  BAFF245    (0)    4 :  0.060 0.355 0.067 0.270 0.248 
105  BAFF378    (7)   13 :  0.018 0.328 0.067 0.447 0.140 
106  BAFF023    (0)    5 :  0.052 0.676 0.067 0.061 0.143 
107  BAFF079    (0)    6 :  0.049 0.078 0.127 0.049 0.698 
108  BAFF435    (0)    6 :  0.039 0.713 0.067 0.014 0.167 
109  BAFF174    (7)    7 :  0.051 0.030 0.073 0.010 0.837 
110  BAFF226    (0)    7 :  0.014 0.524 0.022 0.026 0.414 
111  BAFF190    (0)    8 :  0.185 0.231 0.528 0.027 0.029 
112  BAFF243    (0)    9 :  0.012 0.148 0.047 0.048 0.745 
113  BAFF177    (0)   10 :  0.029 0.085 0.337 0.033 0.516 
114  BAFF364    (7)   11 :  0.020 0.146 0.788 0.014 0.032 
115  BAFF305    (0)   12 :  0.348 0.500 0.036 0.051 0.065 
116  BAFF513    (0)    6 :  0.032 0.032 0.699 0.117 0.120 
117  BAFF462    (0)    7 :  0.099 0.049 0.095 0.732 0.024 
118  BAFF143    (0)   12 :  0.335 0.470 0.063 0.009 0.123 
119  BAFF403    (0)   12 :  0.962 0.009 0.011 0.008 0.009 
120  BAFF514    (0)    6 :  0.723 0.046 0.154 0.015 0.062 
121  BAFF463    (0)    7 :  0.006 0.009 0.967 0.009 0.009 
122  BAFF137    (0)   12 :  0.273 0.633 0.056 0.016 0.022 
123  BAFF404    (0)   12 :  0.943 0.014 0.016 0.016 0.011 
124  BAFF515    (0)    6 :  0.075 0.202 0.414 0.027 0.282 
125  BAFF144    (0)   12 :  0.074 0.092 0.800 0.016 0.018 
126  BAFF405    (7)   12 :  0.262 0.411 0.241 0.054 0.032 
127  BAFF518    (0)    6 :  0.675 0.262 0.014 0.016 0.033 
128  BAFF467    (0)    7 :  0.061 0.240 0.144 0.055 0.501 
129  BAFF145    (0)   12 :  0.037 0.486 0.358 0.080 0.040 
130  BAFF406    (0)   12 :  0.519 0.099 0.338 0.009 0.035 
131  BAFF519    (0)    6 :  0.022 0.253 0.055 0.018 0.652 
132  BAFF471    (0)    7 :  0.091 0.469 0.209 0.099 0.132 
133  BAFF136    (0)   12 :  0.897 0.039 0.021 0.006 0.037 
134  BAFF520    (7)    6 :  0.143 0.265 0.122 0.079 0.391 
135  BAFF472    (0)    7 :  0.070 0.228 0.522 0.053 0.127 
136  BAFF165    (0)   12 :  0.249 0.598 0.013 0.057 0.083 
137  BAFF408    (0)   12 :  0.301 0.599 0.034 0.046 0.020 
138  BAFF522    (0)    6 :  0.085 0.036 0.762 0.048 0.069 
139  BAFF475    (0)    7 :  0.059 0.167 0.023 0.011 0.740 
140  BAFF140    (0)   12 :  0.204 0.245 0.377 0.025 0.149 
141  BAFF409    (0)   12 :  0.785 0.015 0.050 0.135 0.015 
142  BAFF523    (0)    6 :  0.012 0.053 0.882 0.020 0.033 
143  BAFF476    (0)    7 :  0.033 0.215 0.082 0.014 0.656 
144  BAFF147    (0)   12 :  0.539 0.386 0.031 0.018 0.026 
145  BAFF410    (0)   12 :  0.842 0.074 0.010 0.017 0.058 
146  BAFF477    (0)    7 :  0.014 0.649 0.021 0.139 0.177 
147  BAFF411    (0)   12 :  0.114 0.109 0.049 0.702 0.026 
148  BAFF486    (7)    7 :  0.008 0.780 0.011 0.012 0.189 
149  BAFF412    (7)   12 :  0.763 0.030 0.076 0.098 0.034 
150  BAFF258    (0)    1 :  0.021 0.028 0.652 0.274 0.024 
151  BAFF392    (0)    2 :  0.008 0.008 0.956 0.006 0.021 
152  BAFF217    (0)    3 :  0.023 0.123 0.022 0.021 0.812 
153  BAFF016    (0)    4 :  0.050 0.030 0.015 0.006 0.898 
154  BAFF246    (0)    4 :  0.028 0.043 0.033 0.011 0.885 
155  BAFF381    (0)   13 :  0.085 0.795 0.022 0.013 0.085 
156  BAFF078    (0)    6 :  0.236 0.440 0.304 0.007 0.013 
157  BAFF481    (0)    6 :  0.072 0.652 0.057 0.045 0.175 
158  BAFF436    (0)    7 :  0.100 0.046 0.506 0.121 0.228 
159  BAFF191    (0)    8 :  0.019 0.034 0.048 0.014 0.884 
160  BAFF382    (0)    9 :  0.097 0.642 0.176 0.011 0.074 
161  BAFF178    (0)   10 :  0.236 0.032 0.188 0.015 0.528 
162  BAFF159    (7)   11 :  0.045 0.171 0.019 0.043 0.722 
163  BAFF365    (7)   11 :  0.045 0.549 0.022 0.227 0.156 
164  BAFF007    (0)   12 :  0.053 0.576 0.116 0.113 0.141 
165  BAFF304    (7)   12 :  0.197 0.735 0.032 0.015 0.021 
166  BAFF487    (0)    7 :  0.064 0.200 0.538 0.065 0.132 
167  BAFF415    (0)   12 :  0.705 0.149 0.032 0.079 0.035 
168  BAFF488    (0)    7 :  0.020 0.061 0.019 0.803 0.097 
169  BAFF417    (0)   12 :  0.611 0.318 0.029 0.017 0.024 
170  BAFF489    (0)    7 :  0.075 0.740 0.108 0.011 0.066 
171  BAFF426    (0)   12 :  0.924 0.020 0.016 0.024 0.016 
172  BAFF490    (7)    7 :  0.017 0.276 0.216 0.032 0.459 
173  BAFF491    (0)    7 :  0.009 0.351 0.535 0.053 0.053 
174  BAFF492    (0)    7 :  0.028 0.701 0.033 0.012 0.225 
175  BAFF493    (0)    7 :  0.038 0.105 0.135 0.683 0.038 
176  BAFF506    (0)    7 :  0.046 0.162 0.238 0.482 0.071 
177  BAFF393    (0)    2 :  0.018 0.569 0.215 0.047 0.151 
178  BAFF218    (0)    3 :  0.030 0.210 0.087 0.100 0.573 
179  BAFF254    (0)    4 :  0.030 0.539 0.367 0.048 0.015 
180  BAFF385    (0)   13 :  0.225 0.369 0.255 0.114 0.036 
181  BAFF076    (0)    6 :  0.012 0.009 0.958 0.013 0.009 
182  BAFF482    (0)    6 :  0.128 0.612 0.153 0.015 0.091 
183  BAFF437    (0)    7 :  0.097 0.670 0.021 0.070 0.141 
184  BAFF192    (0)    8 :  0.029 0.168 0.638 0.023 0.142 
185  BAFF383    (0)    9 :  0.018 0.041 0.014 0.916 0.011 
186  BAFF180    (0)   10 :  0.184 0.031 0.073 0.011 0.701 
187  BAFF048    (7)   12 :  0.016 0.041 0.800 0.081 0.061 
188  BAFF306    (0)   12 :  0.150 0.699 0.061 0.013 0.075 
189  BAFF394    (0)    2 :  0.043 0.135 0.061 0.043 0.718 
190  BAFF219    (0)    3 :  0.027 0.417 0.024 0.012 0.519 
191  BAFF388    (0)    4 :  0.436 0.026 0.145 0.336 0.058 
192  BAFF386    (7)   13 :  0.028 0.064 0.857 0.024 0.028 
193  BAFF084    (0)    6 :  0.016 0.347 0.533 0.020 0.085 
194  BAFF483    (0)    6 :  0.307 0.307 0.084 0.053 0.248 
195  BAFF438   (15)    7 :  0.081 0.737 0.120 0.017 0.044 
196  BAFF193    (0)    8 :  0.025 0.248 0.094 0.578 0.055 
197  BAFF183    (0)   10 :  0.169 0.114 0.069 0.255 0.393 
198  BAFF153    (0)   12 :  0.355 0.605 0.018 0.010 0.012 
199  BAFF307    (0)   12 :  0.071 0.722 0.152 0.016 0.039 
200  BAFF397    (0)    2 :  0.015 0.816 0.008 0.012 0.149 
201  BAFF220    (0)    3 :  0.014 0.017 0.940 0.014 0.015 
202  BAFF095    (0)    6 :  0.079 0.040 0.712 0.095 0.074 
203  BAFF494    (0)    6 :  0.036 0.131 0.737 0.009 0.087 
204  BAFF439    (0)    7 :  0.442 0.417 0.014 0.014 0.112 
205  BAFF182    (0)   10 :  0.225 0.044 0.637 0.032 0.062 
206  BAFF054    (0)   12 :  0.963 0.011 0.010 0.008 0.008 
207  BAFF308    (0)   12 :  0.214 0.719 0.027 0.024 0.015 
208  BAFF266    (0)    1 :  0.069 0.228 0.162 0.407 0.134 
209  BAFF398    (7)    2 :  0.010 0.029 0.830 0.121 0.009 
210  BAFF221    (0)    3 :  0.132 0.031 0.326 0.497 0.014 
211  BAFF090    (0)    6 :  0.499 0.219 0.182 0.061 0.039 
212  BAFF495    (0)    6 :  0.011 0.017 0.009 0.010 0.953 
213  BAFF459    (0)    7 :  0.015 0.042 0.027 0.008 0.907 
214  BAFF197    (0)    8 :  0.258 0.499 0.017 0.018 0.207 
215  BAFF188    (0)   10 :  0.370 0.539 0.033 0.026 0.032 
216  BAFF051    (0)   12 :  0.587 0.207 0.066 0.058 0.082 
217  BAFF309    (0)   12 :  0.022 0.618 0.254 0.018 0.087 
218  BAFF269    (0)    1 :  0.029 0.293 0.035 0.172 0.471 
219  BAFF077    (0)    6 :  0.012 0.010 0.009 0.012 0.957 
220  BAFF496    (0)    6 :  0.011 0.025 0.009 0.017 0.938 
221  BAFF443    (0)    7 :  0.186 0.505 0.072 0.142 0.094 
222  BAFF198    (0)    8 :  0.125 0.100 0.176 0.020 0.579 
223  BAFF053    (0)   12 :  0.325 0.600 0.012 0.029 0.033 
224  BAFF310    (0)   12 :  0.799 0.138 0.020 0.013 0.031 
225  BAFF282    (0)    1 :  0.018 0.019 0.029 0.908 0.026 
226  BAFF497    (0)    6 :  0.016 0.044 0.016 0.015 0.910 
227  BAFF466    (0)    7 :  0.078 0.464 0.326 0.026 0.106 
228  BAFF200    (7)    8 :  0.113 0.252 0.502 0.023 0.111 
229  BAFF240    (0)   10 :  0.015 0.156 0.778 0.016 0.036 
230  BAFF055    (0)   12 :  0.881 0.068 0.019 0.019 0.013 
231  BAFF311    (7)   12 :  0.009 0.027 0.882 0.041 0.040 


Estimated Allele Frequencies in each cluster
First column gives estimated ancestral frequencies


Locus 1 : btern01 
9 alleles
0.0% missing data
   1   (0.140) 0.065 0.149 0.126 0.114 0.200 
   2   (0.015) 0.003 0.005 0.004 0.030 0.004 
   3   (0.162) 0.125 0.215 0.133 0.078 0.213 
   4   (0.215) 0.176 0.234 0.203 0.214 0.198 
   5   (0.300) 0.334 0.328 0.248 0.409 0.228 
   6   (0.068) 0.265 0.037 0.022 0.037 0.076 
   7   (0.051) 0.023 0.016 0.206 0.083 0.014 
   8   (0.017) 0.003 0.005 0.003 0.028 0.007 
   9   (0.032) 0.006 0.011 0.055 0.007 0.060 

Locus 2 : bt28 
5 alleles
0.0% missing data
   1   (0.671) 0.704 0.706 0.621 0.745 0.678 
   2   (0.150) 0.122 0.121 0.112 0.174 0.162 
   3   (0.143) 0.167 0.154 0.259 0.057 0.090 
   4   (0.025) 0.005 0.016 0.006 0.011 0.068 
   5   (0.012) 0.002 0.002 0.002 0.013 0.002 

Locus 3 : b96 
8 alleles
0.9% missing data
   1   (0.322) 0.361 0.385 0.267 0.349 0.307 
   2   (0.482) 0.469 0.477 0.572 0.478 0.603 
   3   (0.046) 0.047 0.051 0.048 0.014 0.017 
   4   (0.017) 0.003 0.005 0.033 0.007 0.004 
   5   (0.050) 0.044 0.032 0.036 0.025 0.031 
   6   (0.027) 0.008 0.008 0.030 0.070 0.005 
   7   (0.041) 0.019 0.041 0.011 0.052 0.029 
   8   (0.014) 0.050 0.003 0.003 0.004 0.002 

Locus 4 : bt30 
12 alleles
0.9% missing data
   1   (0.113) 0.112 0.091 0.139 0.243 0.052 
   2   (0.274) 0.287 0.342 0.246 0.290 0.307 
   3   (0.072) 0.029 0.130 0.049 0.027 0.127 
   4   (0.179) 0.226 0.167 0.232 0.134 0.196 
   5   (0.014) 0.004 0.005 0.008 0.004 0.007 
   6   (0.100) 0.057 0.059 0.143 0.095 0.149 
   7   (0.032) 0.032 0.031 0.009 0.020 0.013 
   8   (0.053) 0.060 0.047 0.031 0.040 0.021 
   9   (0.122) 0.177 0.104 0.132 0.092 0.111 
  10   (0.013) 0.002 0.002 0.002 0.050 0.002 
  11   (0.017) 0.012 0.019 0.006 0.004 0.005 
  12   (0.011) 0.002 0.003 0.002 0.002 0.009 

Locus 5 : btms0081 
3 alleles
0.9% missing data
   1   (0.501) 0.331 0.491 0.653 0.586 0.479 
   2   (0.349) 0.458 0.379 0.283 0.242 0.367 
   3   (0.149) 0.211 0.130 0.064 0.172 0.154 

Locus 6 : btms0066 
24 alleles
0.0% missing data
   1   (0.261) 0.359 0.317 0.270 0.397 0.189 
   2   (0.015) 0.003 0.004 0.003 0.055 0.004 
   3   (0.035) 0.029 0.079 0.020 0.008 0.010 
   4   (0.153) 0.151 0.145 0.155 0.080 0.336 
   5   (0.084) 0.107 0.187 0.034 0.041 0.108 
   6   (0.052) 0.034 0.038 0.146 0.013 0.056 
   7   (0.021) 0.003 0.006 0.037 0.015 0.004 
   8   (0.053) 0.030 0.032 0.020 0.068 0.079 
   9   (0.027) 0.013 0.028 0.101 0.006 0.006 
  10   (0.029) 0.005 0.018 0.017 0.119 0.014 
  11   (0.019) 0.010 0.004 0.007 0.117 0.005 
  12   (0.034) 0.017 0.028 0.007 0.010 0.108 
  13   (0.026) 0.015 0.023 0.023 0.007 0.005 
  14   (0.021) 0.031 0.005 0.031 0.005 0.004 
  15   (0.018) 0.004 0.021 0.004 0.006 0.027 
  16   (0.027) 0.063 0.009 0.053 0.007 0.008 
  17   (0.027) 0.049 0.016 0.012 0.017 0.005 
  18   (0.013) 0.022 0.002 0.002 0.002 0.002 
  19   (0.016) 0.012 0.016 0.003 0.003 0.003 
  20   (0.024) 0.016 0.007 0.015 0.009 0.020 
  21   (0.013) 0.002 0.003 0.026 0.005 0.002 
  22   (0.011) 0.002 0.002 0.010 0.002 0.002 
  23   (0.011) 0.021 0.002 0.002 0.002 0.002 
  24   (0.010) 0.002 0.004 0.003 0.007 0.003 

Locus 7 : btms0083 
31 alleles
3.0% missing data
   1   (0.012) 0.002 0.002 0.004 0.168 0.002 
   2   (0.023) 0.006 0.024 0.007 0.086 0.004 
   3   (0.026) 0.010 0.017 0.090 0.006 0.010 
   4   (0.038) 0.014 0.044 0.041 0.051 0.014 
   5   (0.194) 0.260 0.240 0.266 0.222 0.174 
   6   (0.021) 0.007 0.010 0.026 0.010 0.010 
   7   (0.056) 0.142 0.104 0.024 0.023 0.046 
   8   (0.037) 0.037 0.091 0.009 0.022 0.018 
   9   (0.032) 0.010 0.033 0.032 0.009 0.046 
  10   (0.032) 0.044 0.013 0.045 0.013 0.027 
  11   (0.057) 0.012 0.072 0.133 0.019 0.118 
  12   (0.015) 0.003 0.004 0.004 0.038 0.008 
  13   (0.042) 0.074 0.047 0.017 0.010 0.089 
  14   (0.038) 0.009 0.066 0.014 0.012 0.086 
  15   (0.030) 0.009 0.010 0.016 0.023 0.051 
  16   (0.025) 0.005 0.011 0.070 0.035 0.009 
  17   (0.036) 0.009 0.015 0.010 0.070 0.134 
  18   (0.053) 0.094 0.037 0.042 0.052 0.024 
  19   (0.022) 0.077 0.009 0.005 0.014 0.005 
  20   (0.025) 0.068 0.036 0.008 0.006 0.009 
  21   (0.010) 0.002 0.002 0.002 0.026 0.002 
  22   (0.012) 0.002 0.003 0.002 0.024 0.002 
  23   (0.017) 0.003 0.008 0.004 0.018 0.011 
  24   (0.011) 0.010 0.002 0.002 0.003 0.002 
  25   (0.029) 0.011 0.041 0.063 0.007 0.007 
  26   (0.015) 0.003 0.005 0.005 0.003 0.049 
  27   (0.030) 0.040 0.022 0.015 0.007 0.023 
  28   (0.019) 0.004 0.013 0.031 0.008 0.006 
  29   (0.014) 0.003 0.007 0.008 0.009 0.005 
  30   (0.015) 0.029 0.005 0.003 0.003 0.003 
  31   (0.012) 0.002 0.004 0.002 0.004 0.006 

Locus 8 : b126 
16 alleles
0.0% missing data
   1   (0.045) 0.017 0.024 0.040 0.039 0.037 
   2   (0.047) 0.010 0.043 0.015 0.111 0.060 
   3   (0.314) 0.389 0.382 0.368 0.244 0.360 
   4   (0.029) 0.007 0.018 0.013 0.012 0.060 
   5   (0.078) 0.072 0.079 0.086 0.049 0.076 
   6   (0.061) 0.141 0.126 0.017 0.020 0.046 
   7   (0.098) 0.153 0.096 0.192 0.023 0.091 
   8   (0.030) 0.053 0.013 0.008 0.009 0.035 
   9   (0.013) 0.002 0.003 0.028 0.003 0.002 
  10   (0.043) 0.037 0.013 0.078 0.029 0.030 
  11   (0.093) 0.037 0.099 0.059 0.333 0.068 
  12   (0.030) 0.024 0.031 0.007 0.027 0.008 
  13   (0.071) 0.041 0.043 0.058 0.089 0.072 
  14   (0.018) 0.005 0.007 0.005 0.004 0.045 
  15   (0.014) 0.009 0.015 0.004 0.003 0.003 
  16   (0.016) 0.003 0.006 0.021 0.003 0.007 

Locus 9 : btms0062 
34 alleles
0.0% missing data
   1   (0.028) 0.010 0.011 0.056 0.077 0.011 
   2   (0.051) 0.018 0.033 0.024 0.094 0.133 
   3   (0.081) 0.093 0.166 0.049 0.106 0.052 
   4   (0.096) 0.172 0.085 0.208 0.068 0.092 
   5   (0.046) 0.017 0.138 0.076 0.026 0.022 
   6   (0.026) 0.007 0.032 0.012 0.009 0.026 
   7   (0.013) 0.002 0.015 0.003 0.003 0.003 
   8   (0.026) 0.008 0.052 0.005 0.008 0.026 
   9   (0.043) 0.022 0.028 0.029 0.021 0.101 
  10   (0.056) 0.053 0.045 0.047 0.050 0.059 
  11   (0.064) 0.052 0.055 0.180 0.025 0.065 
  12   (0.045) 0.042 0.021 0.048 0.012 0.149 
  13   (0.049) 0.029 0.036 0.088 0.033 0.033 
  14   (0.043) 0.196 0.035 0.013 0.017 0.039 
  15   (0.014) 0.028 0.049 0.003 0.003 0.005 
  16   (0.019) 0.017 0.014 0.020 0.005 0.004 
  17   (0.018) 0.003 0.004 0.009 0.122 0.004 
  18   (0.013) 0.002 0.003 0.023 0.003 0.006 
  19   (0.043) 0.067 0.022 0.012 0.074 0.048 
  20   (0.012) 0.002 0.002 0.002 0.026 0.002 
  21   (0.033) 0.006 0.023 0.018 0.050 0.033 
  22   (0.019) 0.006 0.014 0.003 0.078 0.004 
  23   (0.010) 0.002 0.003 0.002 0.022 0.002 
  24   (0.016) 0.007 0.015 0.003 0.005 0.034 
  25   (0.012) 0.002 0.005 0.003 0.016 0.004 
  26   (0.034) 0.066 0.023 0.020 0.024 0.018 
  27   (0.018) 0.015 0.025 0.016 0.004 0.004 
  28   (0.011) 0.008 0.011 0.002 0.003 0.002 
  29   (0.012) 0.002 0.007 0.007 0.007 0.004 
  30   (0.010) 0.020 0.002 0.003 0.002 0.002 
  31   (0.009) 0.002 0.015 0.002 0.002 0.002 
  32   (0.011) 0.002 0.003 0.008 0.002 0.003 
  33   (0.008) 0.001 0.004 0.002 0.004 0.005 
  34   (0.011) 0.018 0.004 0.002 0.002 0.002 

Locus 10 : btern02 
25 alleles
4.8% missing data
   1   (0.103) 0.092 0.080 0.127 0.120 0.165 
   2   (0.010) 0.002 0.002 0.002 0.013 0.002 
   3   (0.074) 0.033 0.137 0.093 0.029 0.115 
   4   (0.055) 0.081 0.030 0.096 0.020 0.065 
   5   (0.027) 0.007 0.027 0.032 0.016 0.012 
   6   (0.050) 0.028 0.075 0.071 0.038 0.028 
   7   (0.027) 0.107 0.022 0.012 0.006 0.013 
   8   (0.036) 0.010 0.038 0.018 0.084 0.021 
   9   (0.072) 0.090 0.110 0.086 0.082 0.028 
  10   (0.031) 0.007 0.060 0.012 0.009 0.072 
  11   (0.055) 0.076 0.085 0.018 0.025 0.079 
  12   (0.037) 0.009 0.017 0.019 0.113 0.042 
  13   (0.050) 0.043 0.024 0.048 0.050 0.053 
  14   (0.053) 0.102 0.017 0.029 0.134 0.049 
  15   (0.012) 0.002 0.002 0.060 0.002 0.002 
  16   (0.045) 0.041 0.044 0.013 0.059 0.044 
  17   (0.029) 0.039 0.020 0.037 0.009 0.016 
  18   (0.040) 0.133 0.023 0.012 0.014 0.083 
  19   (0.039) 0.025 0.066 0.074 0.009 0.017 
  20   (0.044) 0.012 0.035 0.051 0.060 0.034 
  21   (0.023) 0.008 0.022 0.005 0.048 0.008 
  22   (0.013) 0.005 0.005 0.002 0.018 0.003 
  23   (0.032) 0.007 0.024 0.027 0.028 0.034 
  24   (0.031) 0.034 0.028 0.050 0.008 0.007 
  25   (0.013) 0.006 0.005 0.008 0.004 0.007 

Locus 11 : btms0086 
3 alleles
0.0% missing data
   1   (0.830) 0.916 0.867 0.836 0.784 0.837 
   2   (0.147) 0.072 0.111 0.160 0.195 0.158 
   3   (0.023) 0.013 0.022 0.004 0.021 0.004 

Locus 12 : bl13 
3 alleles
0.0% missing data
   1   (0.073) 0.239 0.029 0.027 0.185 0.027 
   2   (0.827) 0.695 0.870 0.812 0.793 0.873 
   3   (0.100) 0.066 0.101 0.161 0.022 0.100 

Locus 13 : btms0059 
9 alleles
0.0% missing data
   1   (0.340) 0.349 0.420 0.378 0.366 0.272 
   2   (0.107) 0.024 0.082 0.096 0.130 0.265 
   3   (0.063) 0.094 0.047 0.022 0.103 0.032 
   4   (0.059) 0.029 0.040 0.056 0.045 0.040 
   5   (0.077) 0.051 0.122 0.042 0.039 0.066 
   6   (0.304) 0.441 0.260 0.386 0.299 0.277 
   7   (0.015) 0.003 0.005 0.003 0.003 0.033 
   8   (0.025) 0.006 0.022 0.015 0.010 0.010 
   9   (0.011) 0.003 0.003 0.002 0.005 0.005 

Values of parameters used in structure:
DATAFILE=/Users/johnmola/Desktop/rpbbfeb27/rpbbstructure/project_data,	OUTFILE=/Users/johnmola/Desktop/rpbbfeb27/rpbbstructure/rpbb20k100k/Results/rpbb20k100k_run_46,	NUMINDS=231,	NUMLOCI=13,	MISSING=-9,	LABEL=1,	POPDATA=1,	POPFLAG=0,	PHENOTYPE=0,	EXTRACOLS=0,	MAXPOPS=5,	BURNIN=20000,	NUMREPS=100000,	USEPOPINFO=0,	INFERALPHA=1,	INFERLAMBDA=0,	POPSPECIFICLAMBDA=0,	POPALPHAS=0,	COMPUTEPROB=1,	NOADMIX=0,	ADMBURNIN=2500,	UPDATEFREQ=1,	PRINTLIKES=0,	INTERMEDSAVE=0,	PRINTKLD=0,	PRINTNET=0,	PRINTLAMBDA=0,	ANCESTDIST=0,	NUMBOXES=1000,	ANCESTPINT=0.90000,	GENSBACK=2,	MIGRPRIOR=0.05000,	PRINTQHAT=0,	PRINTQSUM=0,	ALPHA=1.0000,	FREQSCORR=1,	FPRIORMEAN=0.0100,	FPRIORSD=0.0500,	ONEFST=0,	LAMBDA=1.0000,	UNIFPRIORALPHA=1,	ALPHAMAX=10.0000,	ALPHAPRIORA=1.0000,	ALPHAPRIORB=2.0000,	ALPHAPROPSD=0.0250,	STARTATPOPINFO=0,	RANDOMIZE=1,	LINKAGE=0,	METROFREQ=10,	REPORTHITRATE=0,	MARKOVPHASE=-1,	PHASED=0,	PLOIDY=2,	PHASEINFO=0	LOCPRIOR=0, 	LOCPRIORINIT=1.000000, 	LOCDATA=0, 	LOCISPOP=0, 	LOCPRIORSTEP=0.100000, 	MAXLOCPRIOR=20.000000, 	SEED=1677519725,	
[STRAT parameters]:    NUMSIMSTATS=1000,	PHENOTYPECOL=-9,	POOLFREQ=10,	LOCUSxONLY=0,	EMERROR=0.00100,	MISSINGPHENO=-9,	