

----------------------------------------------------
STRUCTURE by Pritchard, Stephens and Donnelly (2000)
     and Falush, Stephens and Pritchard (2003)
       Code by Pritchard, Falush and Hubisz
             Version 2.3.4 (Jul 2012)
----------------------------------------------------



Command line arguments:   bin/structure -m "/Users/johnmola/Desktop/rpbbfeb27/rpbbstructure/rpbb20k100k/mainparams" -e "/Users/johnmola/Desktop/rpbbfeb27/rpbbstructure/rpbb20k100k/extraparams" 
Input File:    /Users/johnmola/Desktop/rpbbfeb27/rpbbstructure/project_data

Run parameters:
   231 individuals
   13 loci
   9 populations assumed
   20000 Burn-in period
   100000 Reps


--------------------------------------------
Proportion of membership of each pre-defined
 population in each of the 9 clusters

Given    Inferred Clusters                                                 Number of
 Pop       1      2      3      4      5      6      7      8      9      Individuals

  1:     0.716  0.014  0.031  0.043  0.037  0.024  0.063  0.059  0.014       21
  2:     0.019  0.015  0.107  0.157  0.159  0.233  0.050  0.148  0.113        7
  3:     0.064  0.026  0.055  0.142  0.113  0.178  0.156  0.159  0.106        7
  4:     0.051  0.057  0.141  0.249  0.206  0.059  0.105  0.083  0.049        8
  5:     0.042  0.024  0.254  0.232  0.156  0.066  0.063  0.153  0.010        4
  6:     0.032  0.081  0.063  0.172  0.138  0.198  0.110  0.161  0.046       35
  7:     0.057  0.030  0.091  0.164  0.232  0.157  0.084  0.155  0.030       40
  8:     0.043  0.089  0.095  0.108  0.134  0.139  0.183  0.139  0.071       19
  9:     0.234  0.031  0.077  0.111  0.181  0.066  0.188  0.077  0.036        4
 10:     0.020  0.183  0.119  0.047  0.057  0.220  0.080  0.184  0.090       11
 11:     0.129  0.013  0.049  0.141  0.049  0.016  0.017  0.044  0.543        8
 12:     0.032  0.296  0.279  0.059  0.089  0.078  0.034  0.089  0.044       60
 13:     0.035  0.019  0.075  0.044  0.144  0.087  0.403  0.175  0.017        7
--------------------------------------------

Allele-freq. divergence among pops (Net nucleotide distance),
computed using point estimates of P.

      1       2       3       4       5       6       7       8       9      
 1      -    0.0478  0.0363  0.0379  0.0337  0.0424  0.0614  0.0315  0.0833  
 2   0.0478     -    0.0340  0.0427  0.0372  0.0479  0.0513  0.0301  0.0804  
 3   0.0363  0.0340     -    0.0220  0.0192  0.0384  0.0463  0.0166  0.0614  
 4   0.0379  0.0427  0.0220     -    0.0183  0.0343  0.0391  0.0166  0.0544  
 5   0.0337  0.0372  0.0192  0.0183     -    0.0284  0.0352  0.0105  0.0605  
 6   0.0424  0.0479  0.0384  0.0343  0.0284     -    0.0512  0.0246  0.0709  
 7   0.0614  0.0513  0.0463  0.0391  0.0352  0.0512     -    0.0326  0.0874  
 8   0.0315  0.0301  0.0166  0.0166  0.0105  0.0246  0.0326     -    0.0550  
 9   0.0833  0.0804  0.0614  0.0544  0.0605  0.0709  0.0874  0.0550     -    

Average distances (expected heterozygosity) between individuals in same cluster:
cluster  1  : 0.6836 
cluster  2  : 0.6740 
cluster  3  : 0.6736 
cluster  4  : 0.6831 
cluster  5  : 0.6665 
cluster  6  : 0.6842 
cluster  7  : 0.6325 
cluster  8  : 0.6795 
cluster  9  : 0.6047 

--------------------------------------------
Estimated Ln Prob of Data   = -10111.1
Mean value of ln likelihood = -9219.2
Variance of ln likelihood   = 1783.8
Mean value of alpha         = 0.0530

Mean value of Fst_1         = 0.0990
Mean value of Fst_2         = 0.1041
Mean value of Fst_3         = 0.0677
Mean value of Fst_4         = 0.0763
Mean value of Fst_5         = 0.0789
Mean value of Fst_6         = 0.0935
Mean value of Fst_7         = 0.1383
Mean value of Fst_8         = 0.0714
Mean value of Fst_9         = 0.2473


Inferred ancestry of individuals:
        Label (%Miss) Pop:  Inferred clusters
  1  BAFF014    (0)    1 :  0.886 0.005 0.010 0.019 0.013 0.011 0.015 0.033 0.008 
  2  BAFF379    (0)    2 :  0.013 0.011 0.293 0.177 0.222 0.053 0.069 0.119 0.043 
  3  BAFF212    (0)    3 :  0.021 0.052 0.036 0.065 0.233 0.191 0.057 0.333 0.012 
  4  BAFF018    (0)    4 :  0.007 0.019 0.299 0.019 0.536 0.019 0.008 0.043 0.049 
  5  BAFF247    (0)    4 :  0.008 0.013 0.333 0.152 0.364 0.059 0.016 0.046 0.009 
  6  BAFF024    (0)    5 :  0.020 0.046 0.023 0.606 0.030 0.141 0.096 0.029 0.008 
  7  BAFF088    (0)    6 :  0.010 0.031 0.044 0.024 0.045 0.746 0.020 0.057 0.023 
  8  BAFF429    (0)    6 :  0.017 0.010 0.119 0.098 0.057 0.051 0.129 0.488 0.030 
  9  BAFF087    (7)    7 :  0.007 0.006 0.006 0.005 0.007 0.949 0.006 0.008 0.006 
 10  BAFF225    (0)    7 :  0.036 0.017 0.021 0.077 0.221 0.367 0.184 0.069 0.008 
 11  BAFF195    (0)    8 :  0.036 0.015 0.120 0.152 0.064 0.100 0.045 0.079 0.388 
 12  BAFF238    (0)    9 :  0.089 0.033 0.036 0.072 0.088 0.036 0.526 0.099 0.021 
 13  BAFF019    (0)   10 :  0.029 0.659 0.024 0.022 0.019 0.036 0.008 0.178 0.024 
 14  BAFF175    (0)   10 :  0.011 0.054 0.294 0.043 0.057 0.183 0.127 0.199 0.031 
 15  BAFF156    (0)   11 :  0.005 0.007 0.007 0.005 0.007 0.006 0.005 0.007 0.952 
 16  BAFF301    (0)   11 :  0.823 0.021 0.017 0.033 0.024 0.016 0.031 0.026 0.008 
 17  BAFF141    (0)   12 :  0.073 0.006 0.411 0.008 0.448 0.007 0.005 0.036 0.006 
 18  BAFF302    (0)   12 :  0.016 0.032 0.021 0.798 0.038 0.020 0.029 0.035 0.011 
 19  BAFF290    (0)    1 :  0.710 0.012 0.062 0.013 0.051 0.013 0.090 0.043 0.006 
 20  BAFF498    (0)    6 :  0.187 0.046 0.027 0.229 0.198 0.036 0.046 0.187 0.045 
 21  BAFF455    (0)    7 :  0.019 0.023 0.040 0.015 0.038 0.702 0.068 0.075 0.020 
 22  BAFF203    (7)    8 :  0.010 0.013 0.042 0.022 0.040 0.636 0.025 0.196 0.016 
 23  BAFF056    (0)   12 :  0.018 0.782 0.016 0.016 0.084 0.008 0.031 0.042 0.004 
 24  BAFF327    (0)   12 :  0.049 0.093 0.682 0.048 0.018 0.036 0.016 0.029 0.028 
 25  BAFF255    (0)    1 :  0.909 0.007 0.011 0.015 0.016 0.010 0.015 0.012 0.005 
 26  BAFF256    (0)    1 :  0.936 0.012 0.007 0.006 0.007 0.010 0.012 0.007 0.004 
 27  BAFF257    (0)    1 :  0.952 0.005 0.006 0.005 0.006 0.007 0.009 0.007 0.004 
 28  BAFF260    (0)    1 :  0.925 0.007 0.007 0.008 0.007 0.018 0.014 0.009 0.004 
 29  BAFF259    (0)    1 :  0.929 0.014 0.009 0.008 0.008 0.008 0.009 0.009 0.007 
 30  BAFF261    (0)    1 :  0.924 0.007 0.010 0.007 0.014 0.009 0.008 0.014 0.007 
 31  BAFF274    (0)    1 :  0.792 0.014 0.021 0.043 0.055 0.031 0.015 0.020 0.009 
 32  BAFF262    (0)    1 :  0.885 0.007 0.020 0.012 0.010 0.037 0.006 0.014 0.009 
 33  BAFF294    (0)    1 :  0.892 0.008 0.009 0.014 0.008 0.045 0.006 0.010 0.008 
 34  BAFF292    (0)    1 :  0.456 0.010 0.026 0.035 0.014 0.009 0.400 0.031 0.019 
 35  BAFF296    (0)    1 :  0.473 0.013 0.013 0.036 0.015 0.008 0.401 0.026 0.015 
 36  BAFF295    (0)    1 :  0.693 0.012 0.047 0.020 0.023 0.025 0.130 0.042 0.008 
 37  BAFF298    (0)    1 :  0.848 0.023 0.017 0.032 0.040 0.010 0.010 0.013 0.007 
 38  BAFF299    (0)    1 :  0.906 0.027 0.008 0.008 0.005 0.010 0.007 0.012 0.018 
 39  BAFF375    (0)   13 :  0.008 0.007 0.007 0.007 0.007 0.008 0.944 0.006 0.005 
 40  BAFF376    (0)   13 :  0.011 0.021 0.014 0.045 0.014 0.051 0.821 0.016 0.006 
 41  BAFF377    (0)   13 :  0.010 0.007 0.006 0.015 0.008 0.007 0.934 0.006 0.006 
 42  BAFF022    (0)    5 :  0.084 0.010 0.357 0.186 0.087 0.017 0.023 0.222 0.015 
 43  BAFF021    (0)    5 :  0.036 0.012 0.598 0.094 0.046 0.028 0.014 0.166 0.006 
 44  BAFF499    (0)    6 :  0.007 0.757 0.032 0.042 0.048 0.016 0.024 0.062 0.012 
 45  BAFF204    (0)    8 :  0.009 0.041 0.116 0.171 0.506 0.027 0.032 0.088 0.010 
 46  BAFF068    (0)   12 :  0.078 0.803 0.026 0.019 0.019 0.008 0.014 0.025 0.008 
 47  BAFF336    (0)   12 :  0.012 0.561 0.062 0.058 0.132 0.024 0.011 0.062 0.077 
 48  BAFF447    (0)    7 :  0.006 0.014 0.024 0.376 0.391 0.030 0.026 0.116 0.018 
 49  BAFF457    (0)    7 :  0.026 0.010 0.029 0.439 0.312 0.012 0.079 0.068 0.027 
 50  BAFF448    (0)    7 :  0.046 0.007 0.046 0.034 0.200 0.510 0.036 0.100 0.021 
 51  BAFF465    (0)    7 :  0.014 0.010 0.018 0.012 0.030 0.868 0.014 0.022 0.012 
 52  BAFF194    (0)    8 :  0.027 0.012 0.027 0.762 0.038 0.028 0.033 0.064 0.011 
 53  BAFF199    (0)    8 :  0.017 0.016 0.102 0.127 0.445 0.010 0.026 0.226 0.029 
 54  BAFF500    (0)    6 :  0.193 0.080 0.015 0.107 0.172 0.103 0.041 0.280 0.008 
 55  BAFF206    (0)    8 :  0.032 0.051 0.443 0.036 0.029 0.086 0.197 0.114 0.013 
 56  BAFF069    (0)   12 :  0.008 0.881 0.015 0.012 0.016 0.013 0.021 0.017 0.017 
 57  BAFF330    (0)   12 :  0.018 0.031 0.076 0.020 0.173 0.519 0.023 0.061 0.077 
 58  BAFF239    (0)   10 :  0.015 0.384 0.131 0.008 0.081 0.018 0.012 0.258 0.094 
 59  BAFF241    (0)   10 :  0.019 0.545 0.027 0.010 0.084 0.010 0.010 0.233 0.062 
 60  BAFF157    (0)   11 :  0.004 0.005 0.006 0.008 0.005 0.005 0.005 0.006 0.957 
 61  BAFF161    (0)   11 :  0.004 0.005 0.005 0.005 0.005 0.005 0.005 0.005 0.961 
 62  BAFF160    (0)   11 :  0.004 0.005 0.006 0.007 0.005 0.007 0.005 0.005 0.956 
 63  BAFF008    (0)   12 :  0.037 0.134 0.039 0.020 0.087 0.543 0.031 0.096 0.012 
 64  BAFF013    (0)   12 :  0.013 0.014 0.075 0.022 0.031 0.747 0.022 0.061 0.015 
 65  BAFF407    (0)   12 :  0.010 0.885 0.022 0.011 0.018 0.011 0.011 0.021 0.012 
 66  BAFF503    (0)    6 :  0.005 0.443 0.011 0.013 0.012 0.031 0.022 0.427 0.036 
 67  BAFF449    (0)    7 :  0.010 0.024 0.465 0.018 0.027 0.298 0.011 0.137 0.009 
 68  BAFF207    (0)    8 :  0.013 0.565 0.021 0.062 0.044 0.050 0.195 0.045 0.004 
 69  BAFF070    (0)   12 :  0.009 0.887 0.029 0.010 0.014 0.014 0.013 0.013 0.009 
 70  BAFF335    (0)   12 :  0.010 0.019 0.886 0.017 0.013 0.015 0.007 0.022 0.012 
 71  BAFF507    (0)    6 :  0.024 0.008 0.013 0.834 0.011 0.016 0.059 0.019 0.016 
 72  BAFF450    (0)    7 :  0.100 0.041 0.035 0.057 0.191 0.021 0.387 0.117 0.052 
 73  BAFF209    (7)    8 :  0.028 0.033 0.120 0.081 0.039 0.147 0.255 0.120 0.178 
 74  BAFF072    (0)   12 :  0.011 0.034 0.389 0.015 0.116 0.018 0.018 0.242 0.158 
 75  BAFF339    (0)   12 :  0.011 0.256 0.077 0.060 0.132 0.010 0.361 0.085 0.008 
 76  BAFF508    (0)    6 :  0.059 0.021 0.066 0.015 0.376 0.014 0.045 0.100 0.303 
 77  BAFF451    (0)    7 :  0.010 0.024 0.084 0.500 0.224 0.055 0.034 0.052 0.019 
 78  BAFF210    (0)    8 :  0.074 0.446 0.019 0.042 0.076 0.087 0.186 0.061 0.006 
 79  BAFF139    (0)   12 :  0.043 0.013 0.109 0.437 0.208 0.027 0.051 0.074 0.037 
 80  BAFF341    (0)   12 :  0.015 0.016 0.071 0.022 0.283 0.020 0.126 0.402 0.045 
 81  BAFF509    (0)    6 :  0.068 0.041 0.097 0.040 0.021 0.614 0.041 0.066 0.011 
 82  BAFF453    (0)    7 :  0.009 0.050 0.047 0.028 0.036 0.026 0.665 0.126 0.014 
 83  BAFF389    (0)    8 :  0.012 0.005 0.012 0.016 0.007 0.018 0.490 0.014 0.427 
 84  BAFF163    (0)   12 :  0.004 0.936 0.005 0.006 0.006 0.014 0.010 0.012 0.008 
 85  BAFF344    (7)   12 :  0.009 0.196 0.540 0.036 0.035 0.023 0.056 0.074 0.029 
 86  BAFF510    (0)    6 :  0.010 0.021 0.045 0.645 0.026 0.173 0.017 0.029 0.035 
 87  BAFF456    (0)    7 :  0.016 0.039 0.055 0.595 0.178 0.012 0.053 0.042 0.009 
 88  BAFF390    (0)    8 :  0.006 0.005 0.007 0.024 0.006 0.006 0.884 0.045 0.017 
 89  BAFF142    (0)   12 :  0.211 0.043 0.269 0.010 0.342 0.010 0.009 0.096 0.010 
 90  BAFF363    (7)   12 :  0.007 0.896 0.023 0.009 0.011 0.011 0.007 0.015 0.021 
 91  BAFF517    (0)    6 :  0.007 0.027 0.072 0.534 0.062 0.023 0.248 0.016 0.011 
 92  BAFF458    (0)    7 :  0.037 0.026 0.034 0.033 0.374 0.028 0.017 0.442 0.009 
 93  BAFF391    (0)    8 :  0.135 0.241 0.126 0.164 0.187 0.038 0.050 0.051 0.008 
 94  BAFF149    (0)   12 :  0.010 0.027 0.721 0.018 0.039 0.011 0.083 0.066 0.025 
 95  BAFF366    (7)   12 :  0.009 0.015 0.654 0.102 0.032 0.006 0.025 0.133 0.025 
 96  BAFF512    (0)    6 :  0.129 0.043 0.023 0.128 0.309 0.072 0.085 0.195 0.017 
 97  BAFF460    (0)    7 :  0.016 0.015 0.537 0.084 0.259 0.012 0.025 0.040 0.012 
 98  BAFF138    (0)   12 :  0.015 0.019 0.847 0.017 0.037 0.007 0.012 0.033 0.014 
 99  BAFF374    (0)   12 :  0.047 0.251 0.027 0.025 0.013 0.513 0.022 0.030 0.072 
100  BAFF015    (0)    1 :  0.875 0.010 0.012 0.010 0.014 0.009 0.010 0.054 0.007 
101  BAFF380    (0)    2 :  0.011 0.042 0.066 0.068 0.071 0.084 0.017 0.437 0.205 
102  BAFF216    (0)    3 :  0.040 0.027 0.026 0.272 0.066 0.094 0.068 0.389 0.017 
103  BAFF017    (0)    4 :  0.018 0.018 0.005 0.606 0.022 0.008 0.276 0.041 0.006 
104  BAFF245    (0)    4 :  0.123 0.027 0.290 0.079 0.111 0.076 0.094 0.191 0.009 
105  BAFF378    (7)   13 :  0.169 0.010 0.022 0.111 0.293 0.018 0.027 0.338 0.011 
106  BAFF023    (0)    5 :  0.028 0.029 0.039 0.042 0.460 0.077 0.118 0.195 0.011 
107  BAFF079    (0)    6 :  0.044 0.036 0.152 0.313 0.034 0.059 0.091 0.245 0.027 
108  BAFF435    (0)    6 :  0.007 0.017 0.019 0.035 0.782 0.011 0.018 0.101 0.010 
109  BAFF174    (7)    7 :  0.007 0.020 0.017 0.014 0.019 0.018 0.721 0.173 0.012 
110  BAFF226    (0)    7 :  0.013 0.008 0.046 0.418 0.376 0.012 0.041 0.073 0.014 
111  BAFF190    (0)    8 :  0.015 0.058 0.069 0.014 0.122 0.213 0.016 0.467 0.025 
112  BAFF243    (0)    9 :  0.072 0.007 0.110 0.325 0.082 0.043 0.143 0.141 0.076 
113  BAFF177    (0)   10 :  0.031 0.009 0.066 0.029 0.021 0.649 0.110 0.066 0.020 
114  BAFF364    (7)   11 :  0.011 0.029 0.024 0.046 0.185 0.068 0.035 0.128 0.473 
115  BAFF305    (0)   12 :  0.021 0.024 0.818 0.023 0.016 0.012 0.025 0.050 0.011 
116  BAFF513    (0)    6 :  0.046 0.019 0.021 0.065 0.047 0.346 0.057 0.383 0.015 
117  BAFF462    (0)    7 :  0.384 0.062 0.011 0.015 0.170 0.075 0.009 0.257 0.016 
118  BAFF143    (0)   12 :  0.007 0.057 0.584 0.060 0.063 0.061 0.035 0.086 0.046 
119  BAFF403    (0)   12 :  0.007 0.931 0.008 0.007 0.008 0.009 0.008 0.012 0.010 
120  BAFF514    (0)    6 :  0.008 0.192 0.029 0.027 0.059 0.478 0.022 0.176 0.009 
121  BAFF463    (0)    7 :  0.005 0.005 0.006 0.005 0.006 0.947 0.006 0.008 0.013 
122  BAFF137    (0)   12 :  0.009 0.008 0.667 0.012 0.014 0.082 0.008 0.190 0.009 
123  BAFF404    (0)   12 :  0.013 0.906 0.009 0.012 0.013 0.008 0.009 0.011 0.018 
124  BAFF515    (0)    6 :  0.018 0.034 0.123 0.183 0.110 0.385 0.045 0.076 0.025 
125  BAFF144    (0)   12 :  0.010 0.077 0.091 0.032 0.198 0.073 0.017 0.342 0.159 
126  BAFF405    (7)   12 :  0.036 0.026 0.597 0.037 0.074 0.067 0.011 0.084 0.067 
127  BAFF518    (0)    6 :  0.010 0.423 0.204 0.053 0.168 0.012 0.035 0.079 0.015 
128  BAFF467    (0)    7 :  0.015 0.033 0.029 0.176 0.221 0.063 0.056 0.398 0.010 
129  BAFF145    (0)   12 :  0.063 0.011 0.257 0.030 0.128 0.021 0.019 0.145 0.325 
130  BAFF406    (0)   12 :  0.008 0.401 0.083 0.048 0.053 0.061 0.015 0.028 0.303 
131  BAFF519    (0)    6 :  0.011 0.012 0.070 0.057 0.110 0.045 0.630 0.054 0.012 
132  BAFF471    (0)    7 :  0.063 0.025 0.283 0.137 0.088 0.103 0.029 0.256 0.017 
133  BAFF136    (0)   12 :  0.006 0.682 0.161 0.013 0.009 0.037 0.052 0.032 0.008 
134  BAFF520    (7)    6 :  0.027 0.061 0.031 0.128 0.378 0.034 0.058 0.272 0.011 
135  BAFF472    (0)    7 :  0.021 0.020 0.043 0.036 0.201 0.118 0.065 0.431 0.064 
136  BAFF165    (0)   12 :  0.057 0.053 0.461 0.173 0.111 0.024 0.018 0.095 0.008 
137  BAFF408    (0)   12 :  0.032 0.072 0.537 0.022 0.111 0.013 0.024 0.153 0.036 
138  BAFF522    (0)    6 :  0.026 0.039 0.055 0.021 0.024 0.404 0.025 0.394 0.013 
139  BAFF475    (0)    7 :  0.008 0.048 0.049 0.555 0.164 0.040 0.077 0.047 0.013 
140  BAFF140    (0)   12 :  0.016 0.030 0.516 0.088 0.029 0.193 0.031 0.047 0.049 
141  BAFF409    (0)   12 :  0.091 0.758 0.017 0.013 0.010 0.055 0.024 0.017 0.014 
142  BAFF523    (0)    6 :  0.013 0.009 0.012 0.059 0.142 0.271 0.019 0.402 0.072 
143  BAFF476    (0)    7 :  0.008 0.027 0.053 0.463 0.116 0.014 0.064 0.051 0.205 
144  BAFF147    (0)   12 :  0.015 0.114 0.571 0.031 0.019 0.034 0.013 0.190 0.012 
145  BAFF410    (0)   12 :  0.014 0.520 0.178 0.183 0.023 0.008 0.017 0.048 0.009 
146  BAFF477    (0)    7 :  0.087 0.006 0.125 0.301 0.375 0.017 0.027 0.054 0.009 
147  BAFF411    (0)   12 :  0.349 0.092 0.075 0.014 0.048 0.013 0.300 0.055 0.054 
148  BAFF486    (7)    7 :  0.008 0.006 0.012 0.020 0.871 0.005 0.020 0.051 0.005 
149  BAFF412    (7)   12 :  0.046 0.718 0.020 0.038 0.022 0.086 0.019 0.024 0.027 
150  BAFF258    (0)    1 :  0.173 0.024 0.015 0.054 0.130 0.142 0.013 0.402 0.047 
151  BAFF392    (0)    2 :  0.006 0.007 0.009 0.007 0.008 0.497 0.021 0.272 0.174 
152  BAFF217    (0)    3 :  0.011 0.021 0.050 0.067 0.117 0.010 0.617 0.084 0.024 
153  BAFF016    (0)    4 :  0.005 0.036 0.055 0.741 0.012 0.008 0.077 0.013 0.054 
154  BAFF246    (0)    4 :  0.010 0.024 0.027 0.358 0.046 0.090 0.342 0.054 0.049 
155  BAFF381    (0)   13 :  0.012 0.034 0.374 0.089 0.293 0.033 0.045 0.110 0.012 
156  BAFF078    (0)    6 :  0.006 0.049 0.277 0.008 0.122 0.015 0.021 0.261 0.240 
157  BAFF481    (0)    6 :  0.026 0.039 0.151 0.046 0.366 0.034 0.156 0.172 0.011 
158  BAFF436    (0)    7 :  0.075 0.046 0.054 0.167 0.036 0.337 0.055 0.191 0.039 
159  BAFF191    (0)    8 :  0.010 0.018 0.034 0.054 0.036 0.089 0.540 0.208 0.012 
160  BAFF382    (0)    9 :  0.007 0.075 0.061 0.028 0.520 0.156 0.067 0.043 0.042 
161  BAFF178    (0)   10 :  0.009 0.069 0.026 0.052 0.014 0.660 0.129 0.034 0.006 
162  BAFF159    (7)   11 :  0.009 0.012 0.010 0.913 0.016 0.009 0.007 0.017 0.007 
163  BAFF365    (7)   11 :  0.174 0.018 0.315 0.110 0.141 0.015 0.040 0.160 0.026 
164  BAFF007    (0)   12 :  0.054 0.026 0.165 0.233 0.242 0.039 0.081 0.102 0.059 
165  BAFF304    (7)   12 :  0.011 0.073 0.459 0.037 0.236 0.015 0.015 0.108 0.046 
166  BAFF487    (0)    7 :  0.018 0.022 0.014 0.041 0.247 0.069 0.060 0.473 0.055 
167  BAFF415    (0)   12 :  0.059 0.523 0.186 0.076 0.041 0.042 0.013 0.039 0.021 
168  BAFF488    (0)    7 :  0.577 0.013 0.053 0.110 0.047 0.011 0.050 0.127 0.012 
169  BAFF417    (0)   12 :  0.014 0.356 0.402 0.030 0.080 0.035 0.028 0.043 0.013 
170  BAFF489    (0)    7 :  0.008 0.039 0.206 0.114 0.321 0.038 0.019 0.210 0.046 
171  BAFF426    (0)   12 :  0.018 0.865 0.016 0.012 0.019 0.023 0.013 0.025 0.007 
172  BAFF490    (7)    7 :  0.020 0.011 0.022 0.361 0.374 0.045 0.016 0.079 0.073 
173  BAFF491    (0)    7 :  0.040 0.008 0.030 0.019 0.593 0.171 0.031 0.073 0.034 
174  BAFF492    (0)    7 :  0.007 0.013 0.014 0.018 0.803 0.014 0.037 0.087 0.007 
175  BAFF493    (0)    7 :  0.384 0.034 0.029 0.019 0.153 0.073 0.025 0.270 0.013 
176  BAFF506    (0)    7 :  0.072 0.013 0.011 0.015 0.325 0.025 0.040 0.482 0.017 
177  BAFF393    (0)    2 :  0.026 0.011 0.107 0.106 0.453 0.011 0.028 0.055 0.202 
178  BAFF218    (0)    3 :  0.058 0.029 0.068 0.167 0.183 0.102 0.286 0.090 0.017 
179  BAFF254    (0)    4 :  0.029 0.010 0.105 0.012 0.514 0.015 0.011 0.097 0.207 
180  BAFF385    (0)   13 :  0.020 0.041 0.043 0.013 0.304 0.111 0.033 0.409 0.026 
181  BAFF076    (0)    6 :  0.009 0.011 0.009 0.008 0.010 0.914 0.011 0.012 0.015 
182  BAFF482    (0)    6 :  0.010 0.072 0.146 0.191 0.277 0.148 0.015 0.128 0.013 
183  BAFF437    (0)    7 :  0.022 0.010 0.432 0.282 0.158 0.023 0.016 0.051 0.005 
184  BAFF192    (0)    8 :  0.015 0.015 0.079 0.050 0.060 0.515 0.074 0.063 0.129 
185  BAFF383    (0)    9 :  0.768 0.011 0.101 0.017 0.032 0.028 0.015 0.024 0.006 
186  BAFF180    (0)   10 :  0.009 0.122 0.013 0.091 0.041 0.227 0.411 0.078 0.008 
187  BAFF048    (7)   12 :  0.036 0.009 0.043 0.087 0.030 0.031 0.007 0.468 0.290 
188  BAFF306    (0)   12 :  0.010 0.032 0.644 0.049 0.087 0.049 0.074 0.037 0.018 
189  BAFF394    (0)    2 :  0.054 0.023 0.145 0.246 0.074 0.082 0.157 0.068 0.151 
190  BAFF219    (0)    3 :  0.008 0.014 0.169 0.392 0.157 0.040 0.052 0.153 0.014 
191  BAFF388    (0)    4 :  0.206 0.305 0.013 0.023 0.042 0.201 0.020 0.179 0.011 
192  BAFF386    (7)   13 :  0.019 0.015 0.062 0.026 0.085 0.383 0.019 0.338 0.053 
193  BAFF084    (0)    6 :  0.012 0.010 0.034 0.067 0.370 0.009 0.016 0.072 0.410 
194  BAFF483    (0)    6 :  0.034 0.109 0.164 0.095 0.086 0.346 0.076 0.081 0.009 
195  BAFF438   (15)    7 :  0.016 0.038 0.249 0.024 0.382 0.075 0.025 0.113 0.078 
196  BAFF193    (0)    8 :  0.339 0.018 0.019 0.025 0.350 0.079 0.059 0.097 0.014 
197  BAFF183    (0)   10 :  0.043 0.026 0.029 0.187 0.097 0.008 0.020 0.568 0.021 
198  BAFF153    (0)   12 :  0.007 0.014 0.862 0.013 0.012 0.011 0.007 0.064 0.011 
199  BAFF307    (0)   12 :  0.011 0.019 0.465 0.021 0.274 0.019 0.024 0.087 0.082 
200  BAFF397    (0)    2 :  0.008 0.009 0.121 0.487 0.266 0.005 0.048 0.044 0.011 
201  BAFF220    (0)    3 :  0.010 0.010 0.007 0.026 0.024 0.770 0.006 0.018 0.129 
202  BAFF095    (0)    6 :  0.042 0.018 0.022 0.015 0.022 0.781 0.027 0.065 0.007 
203  BAFF494    (0)    6 :  0.006 0.021 0.016 0.047 0.116 0.668 0.027 0.076 0.023 
204  BAFF439    (0)    7 :  0.009 0.229 0.166 0.022 0.191 0.013 0.190 0.171 0.009 
205  BAFF182    (0)   10 :  0.029 0.107 0.053 0.033 0.020 0.577 0.022 0.099 0.060 
206  BAFF054    (0)   12 :  0.006 0.916 0.026 0.008 0.009 0.009 0.007 0.011 0.010 
207  BAFF308    (0)   12 :  0.014 0.013 0.662 0.032 0.065 0.015 0.010 0.173 0.016 
208  BAFF266    (0)    1 :  0.137 0.042 0.031 0.215 0.243 0.020 0.013 0.223 0.076 
209  BAFF398    (7)    2 :  0.014 0.005 0.006 0.006 0.018 0.902 0.005 0.038 0.006 
210  BAFF221    (0)    3 :  0.300 0.031 0.030 0.009 0.010 0.038 0.007 0.046 0.530 
211  BAFF090    (0)    6 :  0.013 0.099 0.073 0.019 0.156 0.021 0.017 0.527 0.076 
212  BAFF495    (0)    6 :  0.008 0.013 0.015 0.124 0.029 0.012 0.747 0.044 0.008 
213  BAFF459    (0)    7 :  0.007 0.012 0.024 0.778 0.045 0.012 0.034 0.021 0.069 
214  BAFF197    (0)    8 :  0.013 0.071 0.380 0.154 0.099 0.020 0.132 0.119 0.012 
215  BAFF188    (0)   10 :  0.013 0.030 0.609 0.025 0.040 0.017 0.017 0.180 0.069 
216  BAFF051    (0)   12 :  0.029 0.264 0.043 0.062 0.117 0.038 0.030 0.406 0.011 
217  BAFF309    (0)   12 :  0.010 0.013 0.055 0.030 0.660 0.081 0.027 0.111 0.013 
218  BAFF269    (0)    1 :  0.040 0.010 0.277 0.258 0.073 0.022 0.100 0.211 0.009 
219  BAFF077    (0)    6 :  0.008 0.009 0.007 0.918 0.006 0.005 0.013 0.008 0.026 
220  BAFF496    (0)    6 :  0.011 0.007 0.007 0.012 0.028 0.007 0.897 0.026 0.004 
221  BAFF443    (0)    7 :  0.055 0.093 0.111 0.139 0.259 0.030 0.025 0.277 0.011 
222  BAFF198    (0)    8 :  0.008 0.028 0.023 0.055 0.101 0.119 0.196 0.451 0.019 
223  BAFF053    (0)   12 :  0.016 0.022 0.663 0.012 0.031 0.008 0.036 0.201 0.011 
224  BAFF310    (0)   12 :  0.008 0.598 0.113 0.132 0.079 0.011 0.016 0.025 0.018 
225  BAFF282    (0)    1 :  0.704 0.016 0.036 0.096 0.014 0.046 0.032 0.045 0.012 
226  BAFF497    (0)    6 :  0.011 0.016 0.014 0.802 0.043 0.013 0.037 0.056 0.010 
227  BAFF466    (0)    7 :  0.014 0.034 0.107 0.054 0.236 0.046 0.020 0.370 0.118 
228  BAFF200    (7)    8 :  0.012 0.046 0.046 0.034 0.294 0.370 0.032 0.131 0.036 
229  BAFF240    (0)   10 :  0.014 0.010 0.038 0.020 0.150 0.032 0.013 0.135 0.588 
230  BAFF055    (0)   12 :  0.019 0.717 0.134 0.021 0.029 0.031 0.009 0.031 0.010 
231  BAFF311    (7)   12 :  0.044 0.010 0.042 0.030 0.012 0.750 0.012 0.034 0.066 


Estimated Allele Frequencies in each cluster
First column gives estimated ancestral frequencies


Locus 1 : btern01 
9 alleles
0.0% missing data
   1   (0.141) 0.118 0.032 0.173 0.190 0.149 0.140 0.181 0.130 0.070 
   2   (0.017) 0.027 0.004 0.004 0.008 0.008 0.004 0.003 0.011 0.003 
   3   (0.167) 0.066 0.089 0.197 0.277 0.187 0.160 0.199 0.113 0.158 
   4   (0.211) 0.200 0.178 0.190 0.112 0.225 0.190 0.339 0.209 0.266 
   5   (0.281) 0.442 0.320 0.345 0.277 0.346 0.112 0.094 0.394 0.360 
   6   (0.075) 0.034 0.348 0.055 0.076 0.035 0.045 0.061 0.062 0.020 
   7   (0.051) 0.085 0.019 0.018 0.015 0.018 0.289 0.014 0.042 0.108 
   8   (0.016) 0.020 0.002 0.006 0.007 0.004 0.003 0.025 0.006 0.002 
   9   (0.041) 0.008 0.008 0.011 0.039 0.028 0.057 0.085 0.033 0.012 

Locus 2 : bt28 
5 alleles
0.0% missing data
   1   (0.669) 0.775 0.720 0.744 0.697 0.709 0.560 0.753 0.581 0.683 
   2   (0.151) 0.169 0.097 0.141 0.081 0.106 0.182 0.165 0.197 0.046 
   3   (0.146) 0.038 0.177 0.104 0.087 0.170 0.251 0.073 0.208 0.264 
   4   (0.024) 0.005 0.004 0.008 0.132 0.013 0.004 0.006 0.011 0.006 
   5   (0.011) 0.013 0.002 0.003 0.004 0.002 0.002 0.002 0.003 0.001 

Locus 3 : b96 
8 alleles
0.9% missing data
   1   (0.333) 0.363 0.321 0.451 0.361 0.294 0.365 0.227 0.312 0.228 
   2   (0.480) 0.424 0.509 0.334 0.524 0.609 0.501 0.728 0.586 0.565 
   3   (0.046) 0.011 0.049 0.070 0.022 0.051 0.037 0.013 0.022 0.052 
   4   (0.016) 0.004 0.003 0.003 0.005 0.005 0.003 0.002 0.006 0.119 
   5   (0.051) 0.027 0.028 0.058 0.052 0.018 0.046 0.013 0.033 0.009 
   6   (0.026) 0.097 0.005 0.015 0.007 0.006 0.038 0.005 0.008 0.008 
   7   (0.036) 0.071 0.007 0.067 0.026 0.014 0.008 0.011 0.029 0.017 
   8   (0.013) 0.003 0.079 0.003 0.003 0.003 0.003 0.002 0.003 0.002 

Locus 4 : bt30 
12 alleles
0.9% missing data
   1   (0.113) 0.281 0.113 0.066 0.070 0.102 0.183 0.027 0.153 0.027 
   2   (0.282) 0.283 0.292 0.282 0.251 0.419 0.287 0.396 0.272 0.135 
   3   (0.073) 0.018 0.023 0.035 0.152 0.206 0.029 0.100 0.063 0.048 
   4   (0.189) 0.101 0.232 0.218 0.244 0.123 0.171 0.125 0.322 0.140 
   5   (0.014) 0.004 0.003 0.005 0.004 0.006 0.016 0.004 0.008 0.002 
   6   (0.102) 0.112 0.058 0.071 0.154 0.046 0.234 0.106 0.066 0.034 
   7   (0.032) 0.021 0.020 0.039 0.013 0.018 0.009 0.014 0.033 0.018 
   8   (0.053) 0.046 0.063 0.076 0.030 0.026 0.011 0.011 0.024 0.087 
   9   (0.101) 0.059 0.188 0.172 0.071 0.044 0.042 0.197 0.043 0.505 
  10   (0.012) 0.070 0.002 0.003 0.003 0.002 0.002 0.003 0.003 0.001 
  11   (0.017) 0.003 0.004 0.030 0.005 0.004 0.015 0.005 0.011 0.002 
  12   (0.011) 0.002 0.002 0.003 0.003 0.004 0.002 0.013 0.003 0.002 

Locus 5 : btms0081 
3 alleles
0.9% missing data
   1   (0.496) 0.587 0.297 0.400 0.595 0.573 0.659 0.268 0.490 0.763 
   2   (0.354) 0.218 0.478 0.445 0.316 0.325 0.238 0.501 0.377 0.195 
   3   (0.150) 0.195 0.225 0.155 0.090 0.102 0.103 0.231 0.133 0.042 

Locus 6 : btms0066 
24 alleles
0.0% missing data
   1   (0.258) 0.385 0.385 0.313 0.190 0.335 0.341 0.235 0.290 0.104 
   2   (0.017) 0.057 0.003 0.004 0.005 0.005 0.003 0.027 0.006 0.002 
   3   (0.036) 0.006 0.010 0.128 0.014 0.031 0.018 0.013 0.031 0.009 
   4   (0.162) 0.058 0.119 0.114 0.265 0.194 0.156 0.391 0.272 0.032 
   5   (0.091) 0.023 0.101 0.182 0.114 0.181 0.038 0.090 0.100 0.022 
   6   (0.046) 0.010 0.015 0.042 0.020 0.018 0.213 0.031 0.042 0.206 
   7   (0.016) 0.015 0.002 0.003 0.003 0.009 0.059 0.003 0.004 0.002 
   8   (0.055) 0.080 0.034 0.028 0.122 0.033 0.016 0.042 0.025 0.025 
   9   (0.022) 0.004 0.005 0.018 0.006 0.020 0.008 0.004 0.021 0.350 
  10   (0.028) 0.152 0.005 0.007 0.021 0.036 0.006 0.006 0.014 0.022 
  11   (0.021) 0.149 0.014 0.006 0.006 0.005 0.008 0.017 0.008 0.003 
  12   (0.040) 0.008 0.017 0.025 0.135 0.024 0.007 0.087 0.025 0.007 
  13   (0.024) 0.005 0.016 0.016 0.007 0.025 0.028 0.006 0.013 0.013 
  14   (0.020) 0.004 0.048 0.005 0.005 0.006 0.004 0.003 0.009 0.081 
  15   (0.019) 0.004 0.003 0.019 0.036 0.021 0.003 0.007 0.013 0.003 
  16   (0.029) 0.006 0.092 0.015 0.010 0.008 0.024 0.008 0.048 0.033 
  17   (0.023) 0.010 0.043 0.017 0.006 0.016 0.006 0.005 0.026 0.059 
  18   (0.011) 0.002 0.034 0.002 0.002 0.002 0.002 0.002 0.002 0.001 
  19   (0.014) 0.002 0.003 0.035 0.003 0.003 0.003 0.002 0.009 0.002 
  20   (0.018) 0.006 0.012 0.006 0.015 0.009 0.027 0.013 0.009 0.011 
  21   (0.018) 0.005 0.004 0.005 0.005 0.008 0.021 0.003 0.016 0.007 
  22   (0.011) 0.002 0.002 0.002 0.003 0.004 0.005 0.002 0.008 0.003 
  23   (0.011) 0.002 0.032 0.003 0.002 0.002 0.002 0.002 0.003 0.001 
  24   (0.011) 0.004 0.002 0.003 0.005 0.005 0.002 0.002 0.005 0.003 

Locus 7 : btms0083 
31 alleles
3.0% missing data
   1   (0.014) 0.237 0.002 0.004 0.003 0.003 0.003 0.002 0.004 0.013 
   2   (0.024) 0.106 0.004 0.025 0.006 0.032 0.005 0.004 0.013 0.006 
   3   (0.030) 0.006 0.010 0.012 0.024 0.015 0.070 0.006 0.015 0.156 
   4   (0.038) 0.057 0.010 0.022 0.015 0.045 0.034 0.016 0.056 0.024 
   5   (0.193) 0.230 0.262 0.231 0.163 0.251 0.371 0.165 0.218 0.095 
   6   (0.019) 0.004 0.004 0.006 0.010 0.014 0.011 0.004 0.047 0.006 
   7   (0.062) 0.017 0.157 0.084 0.040 0.141 0.022 0.019 0.093 0.049 
   8   (0.035) 0.016 0.012 0.125 0.044 0.042 0.008 0.011 0.036 0.007 
   9   (0.036) 0.008 0.007 0.039 0.026 0.028 0.045 0.033 0.043 0.008 
  10   (0.025) 0.008 0.020 0.018 0.009 0.009 0.130 0.010 0.013 0.007 
  11   (0.059) 0.015 0.011 0.036 0.125 0.069 0.015 0.093 0.066 0.448 
  12   (0.018) 0.037 0.004 0.004 0.006 0.008 0.005 0.011 0.013 0.003 
  13   (0.051) 0.010 0.079 0.082 0.114 0.024 0.022 0.057 0.033 0.020 
  14   (0.040) 0.008 0.007 0.022 0.132 0.094 0.010 0.011 0.048 0.008 
  15   (0.029) 0.017 0.006 0.013 0.072 0.009 0.024 0.031 0.013 0.006 
  16   (0.025) 0.031 0.005 0.007 0.013 0.023 0.039 0.009 0.065 0.019 
  17   (0.026) 0.047 0.005 0.013 0.010 0.008 0.007 0.357 0.018 0.022 
  18   (0.058) 0.036 0.119 0.038 0.024 0.055 0.034 0.030 0.065 0.013 
  19   (0.020) 0.009 0.117 0.007 0.007 0.008 0.004 0.009 0.013 0.004 
  20   (0.027) 0.005 0.056 0.107 0.010 0.012 0.007 0.005 0.011 0.005 
  21   (0.011) 0.034 0.002 0.002 0.003 0.002 0.002 0.002 0.003 0.001 
  22   (0.013) 0.018 0.003 0.003 0.003 0.003 0.002 0.019 0.004 0.003 
  23   (0.017) 0.015 0.003 0.009 0.015 0.007 0.004 0.008 0.008 0.003 
  24   (0.008) 0.003 0.014 0.002 0.002 0.002 0.001 0.002 0.002 0.001 
  25   (0.028) 0.005 0.006 0.036 0.008 0.043 0.103 0.007 0.012 0.005 
  26   (0.014) 0.002 0.002 0.004 0.090 0.003 0.003 0.008 0.004 0.003 
  27   (0.025) 0.005 0.033 0.024 0.007 0.013 0.005 0.051 0.040 0.006 
  28   (0.018) 0.005 0.004 0.006 0.006 0.021 0.005 0.012 0.016 0.054 
  29   (0.012) 0.004 0.002 0.003 0.005 0.010 0.003 0.003 0.015 0.002 
  30   (0.017) 0.003 0.036 0.011 0.004 0.003 0.003 0.003 0.007 0.002 
  31   (0.008) 0.002 0.001 0.005 0.005 0.002 0.002 0.003 0.004 0.001 

Locus 8 : b126 
16 alleles
0.0% missing data
   1   (0.041) 0.043 0.012 0.033 0.048 0.014 0.071 0.009 0.018 0.010 
   2   (0.050) 0.135 0.008 0.053 0.043 0.039 0.013 0.075 0.033 0.011 
   3   (0.312) 0.179 0.398 0.340 0.260 0.383 0.249 0.477 0.404 0.639 
   4   (0.031) 0.008 0.007 0.011 0.078 0.020 0.016 0.036 0.023 0.004 
   5   (0.076) 0.022 0.051 0.035 0.038 0.142 0.124 0.079 0.111 0.019 
   6   (0.065) 0.014 0.152 0.143 0.125 0.092 0.017 0.019 0.040 0.010 
   7   (0.109) 0.022 0.146 0.157 0.116 0.076 0.202 0.049 0.091 0.206 
   8   (0.030) 0.007 0.079 0.014 0.058 0.010 0.007 0.014 0.010 0.005 
   9   (0.010) 0.002 0.002 0.002 0.002 0.002 0.048 0.002 0.003 0.001 
  10   (0.038) 0.027 0.037 0.014 0.015 0.012 0.064 0.021 0.095 0.016 
  11   (0.096) 0.409 0.023 0.097 0.100 0.108 0.037 0.033 0.111 0.051 
  12   (0.029) 0.024 0.029 0.026 0.012 0.049 0.006 0.005 0.011 0.003 
  13   (0.063) 0.097 0.047 0.035 0.036 0.036 0.100 0.149 0.026 0.008 
  14   (0.022) 0.004 0.005 0.009 0.056 0.008 0.009 0.026 0.010 0.003 
  15   (0.013) 0.002 0.002 0.027 0.003 0.003 0.008 0.003 0.009 0.001 
  16   (0.015) 0.003 0.003 0.004 0.011 0.006 0.029 0.003 0.004 0.011 

Locus 9 : btms0062 
34 alleles
0.0% missing data
   1   (0.033) 0.078 0.008 0.009 0.015 0.025 0.018 0.007 0.084 0.027 
   2   (0.050) 0.103 0.014 0.023 0.055 0.029 0.045 0.247 0.034 0.035 
   3   (0.078) 0.093 0.057 0.248 0.052 0.110 0.028 0.077 0.082 0.039 
   4   (0.107) 0.055 0.204 0.049 0.165 0.093 0.246 0.033 0.110 0.206 
   5   (0.048) 0.017 0.011 0.070 0.021 0.239 0.035 0.013 0.057 0.051 
   6   (0.027) 0.007 0.005 0.033 0.018 0.032 0.015 0.026 0.014 0.013 
   7   (0.011) 0.002 0.002 0.007 0.005 0.014 0.004 0.004 0.006 0.001 
   8   (0.020) 0.005 0.004 0.040 0.058 0.031 0.004 0.012 0.013 0.003 
   9   (0.039) 0.019 0.022 0.015 0.157 0.038 0.025 0.026 0.023 0.042 
  10   (0.054) 0.039 0.067 0.025 0.067 0.077 0.057 0.027 0.056 0.011 
  11   (0.057) 0.014 0.030 0.047 0.052 0.039 0.166 0.020 0.100 0.356 
  12   (0.041) 0.008 0.028 0.038 0.016 0.012 0.056 0.315 0.059 0.019 
  13   (0.049) 0.028 0.018 0.062 0.046 0.019 0.136 0.011 0.037 0.015 
  14   (0.045) 0.012 0.287 0.045 0.061 0.027 0.013 0.013 0.037 0.009 
  15   (0.013) 0.002 0.003 0.099 0.004 0.004 0.003 0.003 0.027 0.002 
  16   (0.021) 0.004 0.010 0.017 0.005 0.012 0.004 0.004 0.012 0.076 
  17   (0.019) 0.163 0.003 0.005 0.007 0.005 0.012 0.012 0.007 0.003 
  18   (0.016) 0.003 0.003 0.005 0.005 0.004 0.031 0.006 0.008 0.009 
  19   (0.046) 0.086 0.091 0.017 0.041 0.028 0.016 0.064 0.030 0.007 
  20   (0.010) 0.036 0.001 0.002 0.002 0.002 0.002 0.001 0.002 0.001 
  21   (0.034) 0.047 0.006 0.014 0.048 0.029 0.023 0.031 0.018 0.006 
  22   (0.017) 0.109 0.003 0.014 0.005 0.012 0.003 0.003 0.007 0.002 
  23   (0.012) 0.027 0.002 0.003 0.003 0.006 0.003 0.002 0.004 0.002 
  24   (0.021) 0.005 0.009 0.006 0.047 0.026 0.005 0.009 0.009 0.003 
  25   (0.013) 0.009 0.003 0.003 0.006 0.008 0.004 0.003 0.011 0.002 
  26   (0.023) 0.007 0.038 0.010 0.010 0.032 0.013 0.006 0.102 0.016 
  27   (0.017) 0.003 0.005 0.033 0.004 0.013 0.012 0.004 0.024 0.023 
  28   (0.012) 0.002 0.002 0.028 0.003 0.002 0.002 0.002 0.003 0.001 
  29   (0.013) 0.005 0.003 0.004 0.003 0.011 0.002 0.009 0.006 0.011 
  30   (0.010) 0.002 0.033 0.002 0.002 0.002 0.002 0.002 0.003 0.001 
  31   (0.009) 0.002 0.002 0.015 0.004 0.010 0.002 0.002 0.004 0.001 
  32   (0.011) 0.002 0.002 0.003 0.003 0.003 0.010 0.003 0.004 0.004 
  33   (0.011) 0.002 0.002 0.005 0.006 0.003 0.002 0.003 0.005 0.001 
  34   (0.009) 0.002 0.021 0.005 0.006 0.004 0.002 0.002 0.003 0.002 

Locus 10 : btern02 
25 alleles
4.8% missing data
   1   (0.098) 0.133 0.042 0.153 0.182 0.046 0.070 0.102 0.134 0.295 
   2   (0.011) 0.017 0.002 0.002 0.003 0.002 0.002 0.002 0.003 0.001 
   3   (0.078) 0.025 0.025 0.097 0.111 0.146 0.151 0.127 0.050 0.030 
   4   (0.050) 0.013 0.103 0.026 0.035 0.023 0.177 0.076 0.047 0.008 
   5   (0.030) 0.012 0.007 0.016 0.019 0.029 0.031 0.016 0.019 0.033 
   6   (0.042) 0.014 0.021 0.025 0.026 0.137 0.014 0.019 0.092 0.069 
   7   (0.028) 0.005 0.145 0.027 0.011 0.013 0.034 0.013 0.014 0.004 
   8   (0.036) 0.108 0.006 0.037 0.016 0.045 0.010 0.012 0.032 0.013 
   9   (0.070) 0.065 0.043 0.192 0.031 0.070 0.107 0.032 0.097 0.030 
  10   (0.032) 0.007 0.006 0.010 0.031 0.107 0.013 0.120 0.022 0.006 
  11   (0.065) 0.017 0.061 0.113 0.085 0.052 0.022 0.102 0.053 0.014 
  12   (0.034) 0.139 0.006 0.018 0.016 0.016 0.009 0.096 0.027 0.015 
  13   (0.046) 0.056 0.058 0.020 0.060 0.023 0.070 0.021 0.036 0.021 
  14   (0.053) 0.175 0.126 0.025 0.060 0.016 0.033 0.031 0.050 0.022 
  15   (0.011) 0.002 0.002 0.002 0.002 0.002 0.002 0.002 0.002 0.228 
  16   (0.048) 0.052 0.047 0.025 0.089 0.043 0.014 0.020 0.038 0.010 
  17   (0.028) 0.006 0.043 0.011 0.024 0.032 0.018 0.010 0.042 0.017 
  18   (0.048) 0.011 0.174 0.026 0.072 0.033 0.020 0.084 0.041 0.012 
  19   (0.041) 0.008 0.009 0.067 0.013 0.037 0.050 0.022 0.092 0.065 
  20   (0.041) 0.055 0.008 0.027 0.047 0.037 0.092 0.017 0.023 0.006 
  21   (0.024) 0.040 0.008 0.012 0.025 0.018 0.005 0.029 0.012 0.004 
  22   (0.012) 0.013 0.005 0.004 0.005 0.005 0.002 0.013 0.004 0.002 
  23   (0.030) 0.018 0.006 0.040 0.023 0.013 0.027 0.022 0.040 0.010 
  24   (0.029) 0.006 0.046 0.018 0.009 0.050 0.013 0.007 0.019 0.081 
  25   (0.014) 0.003 0.004 0.004 0.004 0.005 0.013 0.006 0.012 0.003 

Locus 11 : btms0086 
3 alleles
0.0% missing data
   1   (0.841) 0.779 0.925 0.909 0.907 0.818 0.713 0.800 0.876 0.974 
   2   (0.136) 0.205 0.067 0.056 0.088 0.158 0.283 0.195 0.116 0.023 
   3   (0.023) 0.017 0.008 0.035 0.006 0.024 0.004 0.005 0.008 0.003 

Locus 12 : bl13 
3 alleles
0.0% missing data
   1   (0.069) 0.234 0.350 0.026 0.029 0.030 0.032 0.031 0.043 0.014 
   2   (0.833) 0.747 0.590 0.848 0.852 0.878 0.865 0.939 0.901 0.639 
   3   (0.099) 0.019 0.060 0.126 0.119 0.092 0.102 0.030 0.056 0.346 

Locus 13 : btms0059 
9 alleles
0.0% missing data
   1   (0.349) 0.355 0.299 0.531 0.325 0.383 0.322 0.175 0.372 0.469 
   2   (0.107) 0.111 0.018 0.064 0.297 0.083 0.028 0.232 0.110 0.278 
   3   (0.066) 0.131 0.109 0.060 0.042 0.031 0.032 0.031 0.036 0.019 
   4   (0.056) 0.044 0.020 0.038 0.033 0.031 0.111 0.023 0.037 0.010 
   5   (0.080) 0.034 0.036 0.077 0.070 0.150 0.024 0.065 0.095 0.024 
   6   (0.293) 0.313 0.509 0.208 0.174 0.294 0.471 0.449 0.303 0.188 
   7   (0.016) 0.003 0.002 0.004 0.043 0.005 0.003 0.018 0.006 0.005 
   8   (0.022) 0.005 0.004 0.015 0.011 0.020 0.007 0.005 0.030 0.005 
   9   (0.011) 0.002 0.002 0.003 0.005 0.003 0.002 0.002 0.011 0.002 

Values of parameters used in structure:
DATAFILE=/Users/johnmola/Desktop/rpbbfeb27/rpbbstructure/project_data,	OUTFILE=/Users/johnmola/Desktop/rpbbfeb27/rpbbstructure/rpbb20k100k/Results/rpbb20k100k_run_90,	NUMINDS=231,	NUMLOCI=13,	MISSING=-9,	LABEL=1,	POPDATA=1,	POPFLAG=0,	PHENOTYPE=0,	EXTRACOLS=0,	MAXPOPS=9,	BURNIN=20000,	NUMREPS=100000,	USEPOPINFO=0,	INFERALPHA=1,	INFERLAMBDA=0,	POPSPECIFICLAMBDA=0,	POPALPHAS=0,	COMPUTEPROB=1,	NOADMIX=0,	ADMBURNIN=2500,	UPDATEFREQ=1,	PRINTLIKES=0,	INTERMEDSAVE=0,	PRINTKLD=0,	PRINTNET=0,	PRINTLAMBDA=0,	ANCESTDIST=0,	NUMBOXES=1000,	ANCESTPINT=0.90000,	GENSBACK=2,	MIGRPRIOR=0.05000,	PRINTQHAT=0,	PRINTQSUM=0,	ALPHA=1.0000,	FREQSCORR=1,	FPRIORMEAN=0.0100,	FPRIORSD=0.0500,	ONEFST=0,	LAMBDA=1.0000,	UNIFPRIORALPHA=1,	ALPHAMAX=10.0000,	ALPHAPRIORA=1.0000,	ALPHAPRIORB=2.0000,	ALPHAPROPSD=0.0250,	STARTATPOPINFO=0,	RANDOMIZE=1,	LINKAGE=0,	METROFREQ=10,	REPORTHITRATE=0,	MARKOVPHASE=-1,	PHASED=0,	PLOIDY=2,	PHASEINFO=0	LOCPRIOR=0, 	LOCPRIORINIT=1.000000, 	LOCDATA=0, 	LOCISPOP=0, 	LOCPRIORSTEP=0.100000, 	MAXLOCPRIOR=20.000000, 	SEED=1677523764,	
[STRAT parameters]:    NUMSIMSTATS=1000,	PHENOTYPECOL=-9,	POOLFREQ=10,	LOCUSxONLY=0,	EMERROR=0.00100,	MISSINGPHENO=-9,	