

----------------------------------------------------
STRUCTURE by Pritchard, Stephens and Donnelly (2000)
     and Falush, Stephens and Pritchard (2003)
       Code by Pritchard, Falush and Hubisz
             Version 2.3.4 (Jul 2012)
----------------------------------------------------



Command line arguments:   bin/structure -m "/Users/johnmola/Desktop/rpbbfeb27/rpbbstructure/rpbb20k100k/mainparams" -e "/Users/johnmola/Desktop/rpbbfeb27/rpbbstructure/rpbb20k100k/extraparams" 
Input File:    /Users/johnmola/Desktop/rpbbfeb27/rpbbstructure/project_data

Run parameters:
   231 individuals
   13 loci
   9 populations assumed
   20000 Burn-in period
   100000 Reps


--------------------------------------------
Proportion of membership of each pre-defined
 population in each of the 9 clusters

Given    Inferred Clusters                                                 Number of
 Pop       1      2      3      4      5      6      7      8      9      Individuals

  1:     0.047  0.028  0.016  0.034  0.031  0.712  0.015  0.068  0.049       21
  2:     0.177  0.097  0.119  0.224  0.165  0.019  0.013  0.049  0.137        7
  3:     0.161  0.053  0.092  0.188  0.138  0.062  0.026  0.148  0.131        7
  4:     0.197  0.147  0.080  0.060  0.110  0.053  0.052  0.111  0.190        8
  5:     0.203  0.255  0.012  0.073  0.122  0.046  0.022  0.047  0.219        4
  6:     0.156  0.062  0.060  0.123  0.204  0.033  0.084  0.116  0.161       35
  7:     0.230  0.086  0.038  0.150  0.130  0.060  0.032  0.083  0.192       40
  8:     0.122  0.086  0.067  0.137  0.151  0.044  0.083  0.176  0.134       19
  9:     0.166  0.064  0.050  0.083  0.044  0.226  0.033  0.188  0.147        4
 10:     0.037  0.132  0.104  0.117  0.234  0.021  0.175  0.081  0.099       11
 11:     0.112  0.046  0.558  0.025  0.019  0.133  0.012  0.018  0.076        8
 12:     0.070  0.295  0.054  0.057  0.085  0.033  0.298  0.033  0.076       60
 13:     0.099  0.066  0.016  0.151  0.076  0.042  0.019  0.399  0.130        7
--------------------------------------------

Allele-freq. divergence among pops (Net nucleotide distance),
computed using point estimates of P.

      1       2       3       4       5       6       7       8       9      
 1      -    0.0178  0.0411  0.0199  0.0203  0.0327  0.0354  0.0317  0.0025  
 2   0.0178     -    0.0488  0.0298  0.0296  0.0378  0.0334  0.0472  0.0172  
 3   0.0411  0.0488     -    0.0466  0.0541  0.0697  0.0655  0.0703  0.0391  
 4   0.0199  0.0298  0.0466     -    0.0141  0.0366  0.0370  0.0424  0.0129  
 5   0.0203  0.0296  0.0541  0.0141     -    0.0349  0.0374  0.0420  0.0145  
 6   0.0327  0.0378  0.0697  0.0366  0.0349     -    0.0471  0.0608  0.0281  
 7   0.0354  0.0334  0.0655  0.0370  0.0374  0.0471     -    0.0505  0.0305  
 8   0.0317  0.0472  0.0703  0.0424  0.0420  0.0608  0.0505     -    0.0284  
 9   0.0025  0.0172  0.0391  0.0129  0.0145  0.0281  0.0305  0.0284     -    

Average distances (expected heterozygosity) between individuals in same cluster:
cluster  1  : 0.6865 
cluster  2  : 0.6687 
cluster  3  : 0.6274 
cluster  4  : 0.6755 
cluster  5  : 0.6922 
cluster  6  : 0.6837 
cluster  7  : 0.6746 
cluster  8  : 0.6344 
cluster  9  : 0.6887 

--------------------------------------------
Estimated Ln Prob of Data   = -9909.9
Mean value of ln likelihood = -9217.6
Variance of ln likelihood   = 1384.6
Mean value of alpha         = 0.0534

Mean value of Fst_1         = 0.0711
Mean value of Fst_2         = 0.0687
Mean value of Fst_3         = 0.2030
Mean value of Fst_4         = 0.1182
Mean value of Fst_5         = 0.0844
Mean value of Fst_6         = 0.0977
Mean value of Fst_7         = 0.1033
Mean value of Fst_8         = 0.1362
Mean value of Fst_9         = 0.0719


Inferred ancestry of individuals:
        Label (%Miss) Pop:  Inferred clusters
  1  BAFF014    (0)    1 :  0.015 0.010 0.009 0.014 0.011 0.886 0.006 0.016 0.033 
  2  BAFF379    (0)    2 :  0.178 0.277 0.066 0.105 0.046 0.016 0.013 0.070 0.229 
  3  BAFF212    (0)    3 :  0.144 0.024 0.014 0.100 0.473 0.017 0.043 0.040 0.146 
  4  BAFF018    (0)    4 :  0.236 0.348 0.082 0.078 0.029 0.008 0.018 0.008 0.193 
  5  BAFF247    (0)    4 :  0.402 0.312 0.012 0.044 0.053 0.008 0.014 0.012 0.143 
  6  BAFF024    (0)    5 :  0.289 0.022 0.011 0.047 0.236 0.017 0.040 0.083 0.255 
  7  BAFF088    (0)    6 :  0.040 0.030 0.031 0.046 0.732 0.012 0.027 0.013 0.068 
  8  BAFF429    (0)    6 :  0.071 0.130 0.044 0.241 0.125 0.017 0.012 0.183 0.177 
  9  BAFF087    (7)    7 :  0.007 0.006 0.006 0.011 0.943 0.008 0.006 0.007 0.008 
 10  BAFF225    (0)    7 :  0.151 0.020 0.010 0.086 0.390 0.032 0.015 0.115 0.181 
 11  BAFF195    (0)    8 :  0.118 0.100 0.440 0.075 0.075 0.039 0.014 0.047 0.092 
 12  BAFF238    (0)    9 :  0.097 0.035 0.029 0.076 0.043 0.110 0.034 0.439 0.137 
 13  BAFF019    (0)   10 :  0.016 0.022 0.022 0.081 0.038 0.025 0.752 0.009 0.035 
 14  BAFF175    (0)   10 :  0.056 0.307 0.037 0.130 0.161 0.011 0.059 0.150 0.090 
 15  BAFF156    (0)   11 :  0.006 0.008 0.954 0.007 0.006 0.004 0.006 0.005 0.005 
 16  BAFF301    (0)   11 :  0.023 0.015 0.010 0.018 0.026 0.821 0.020 0.036 0.030 
 17  BAFF141    (0)   12 :  0.116 0.606 0.008 0.023 0.014 0.110 0.006 0.006 0.113 
 18  BAFF302    (0)   12 :  0.483 0.022 0.014 0.017 0.032 0.021 0.042 0.070 0.298 
 19  BAFF290    (0)    1 :  0.025 0.077 0.006 0.026 0.016 0.699 0.014 0.094 0.042 
 20  BAFF498    (0)    6 :  0.218 0.024 0.059 0.182 0.046 0.185 0.054 0.045 0.186 
 21  BAFF455    (0)    7 :  0.016 0.037 0.021 0.484 0.291 0.022 0.025 0.065 0.038 
 22  BAFF203    (7)    8 :  0.031 0.036 0.013 0.531 0.264 0.009 0.012 0.027 0.077 
 23  BAFF056    (0)   12 :  0.043 0.014 0.005 0.019 0.011 0.017 0.822 0.024 0.045 
 24  BAFF327    (0)   12 :  0.031 0.683 0.027 0.013 0.037 0.054 0.107 0.013 0.035 
 25  BAFF255    (0)    1 :  0.021 0.010 0.006 0.009 0.011 0.904 0.007 0.017 0.014 
 26  BAFF256    (0)    1 :  0.006 0.007 0.005 0.008 0.010 0.936 0.011 0.010 0.008 
 27  BAFF257    (0)    1 :  0.006 0.006 0.004 0.008 0.007 0.949 0.005 0.008 0.007 
 28  BAFF260    (0)    1 :  0.008 0.006 0.004 0.011 0.015 0.925 0.007 0.013 0.009 
 29  BAFF259    (0)    1 :  0.008 0.009 0.007 0.008 0.009 0.928 0.013 0.009 0.009 
 30  BAFF261    (0)    1 :  0.012 0.010 0.007 0.009 0.010 0.924 0.008 0.008 0.012 
 31  BAFF274    (0)    1 :  0.050 0.019 0.010 0.026 0.025 0.803 0.014 0.015 0.037 
 32  BAFF262    (0)    1 :  0.011 0.018 0.009 0.023 0.028 0.886 0.007 0.006 0.012 
 33  BAFF294    (0)    1 :  0.012 0.009 0.008 0.011 0.035 0.899 0.008 0.006 0.012 
 34  BAFF292    (0)    1 :  0.030 0.025 0.016 0.013 0.011 0.389 0.010 0.455 0.050 
 35  BAFF296    (0)    1 :  0.034 0.013 0.013 0.010 0.008 0.423 0.013 0.439 0.047 
 36  BAFF295    (0)    1 :  0.024 0.042 0.009 0.028 0.039 0.677 0.013 0.136 0.032 
 37  BAFF298    (0)    1 :  0.029 0.015 0.008 0.012 0.014 0.867 0.021 0.009 0.027 
 38  BAFF299    (0)    1 :  0.007 0.007 0.014 0.009 0.012 0.905 0.031 0.007 0.008 
 39  BAFF375    (0)   13 :  0.015 0.007 0.006 0.008 0.008 0.008 0.007 0.933 0.008 
 40  BAFF376    (0)   13 :  0.038 0.016 0.007 0.021 0.053 0.012 0.021 0.802 0.031 
 41  BAFF377    (0)   13 :  0.019 0.007 0.007 0.007 0.007 0.011 0.007 0.926 0.010 
 42  BAFF022    (0)    5 :  0.152 0.358 0.018 0.081 0.072 0.095 0.009 0.021 0.193 
 43  BAFF021    (0)    5 :  0.081 0.610 0.008 0.032 0.084 0.041 0.014 0.012 0.118 
 44  BAFF499    (0)    6 :  0.041 0.044 0.018 0.050 0.018 0.007 0.725 0.037 0.059 
 45  BAFF204    (0)    8 :  0.493 0.076 0.012 0.039 0.031 0.009 0.042 0.027 0.270 
 46  BAFF068    (0)   12 :  0.022 0.022 0.009 0.013 0.009 0.067 0.822 0.013 0.022 
 47  BAFF336    (0)   12 :  0.059 0.052 0.123 0.074 0.057 0.011 0.527 0.010 0.087 
 48  BAFF447    (0)    7 :  0.615 0.019 0.023 0.034 0.027 0.007 0.012 0.020 0.243 
 49  BAFF457    (0)    7 :  0.629 0.023 0.030 0.014 0.011 0.024 0.009 0.052 0.207 
 50  BAFF448    (0)    7 :  0.204 0.033 0.024 0.220 0.262 0.048 0.008 0.044 0.157 
 51  BAFF465    (0)    7 :  0.024 0.016 0.011 0.522 0.369 0.011 0.011 0.014 0.022 
 52  BAFF194    (0)    8 :  0.423 0.023 0.015 0.049 0.050 0.026 0.011 0.101 0.303 
 53  BAFF199    (0)    8 :  0.208 0.135 0.049 0.192 0.021 0.016 0.017 0.034 0.328 
 54  BAFF500    (0)    6 :  0.138 0.012 0.008 0.133 0.089 0.238 0.089 0.050 0.243 
 55  BAFF206    (0)    8 :  0.049 0.389 0.012 0.022 0.219 0.027 0.048 0.181 0.054 
 56  BAFF069    (0)   12 :  0.013 0.018 0.019 0.026 0.028 0.010 0.851 0.015 0.021 
 57  BAFF330    (0)   12 :  0.040 0.054 0.084 0.056 0.587 0.019 0.022 0.018 0.120 
 58  BAFF239    (0)   10 :  0.008 0.180 0.120 0.150 0.051 0.013 0.317 0.038 0.123 
 59  BAFF241    (0)   10 :  0.007 0.064 0.095 0.180 0.039 0.017 0.425 0.038 0.134 
 60  BAFF157    (0)   11 :  0.008 0.006 0.952 0.006 0.005 0.005 0.006 0.006 0.006 
 61  BAFF161    (0)   11 :  0.005 0.005 0.959 0.006 0.005 0.004 0.005 0.005 0.005 
 62  BAFF160    (0)   11 :  0.007 0.006 0.955 0.006 0.006 0.004 0.005 0.005 0.006 
 63  BAFF008    (0)   12 :  0.083 0.042 0.014 0.173 0.373 0.036 0.150 0.025 0.103 
 64  BAFF013    (0)   12 :  0.019 0.060 0.013 0.026 0.793 0.010 0.012 0.015 0.052 
 65  BAFF407    (0)   12 :  0.011 0.020 0.014 0.015 0.020 0.010 0.880 0.012 0.018 
 66  BAFF503    (0)    6 :  0.020 0.010 0.016 0.150 0.046 0.006 0.650 0.047 0.055 
 67  BAFF449    (0)    7 :  0.014 0.315 0.008 0.027 0.559 0.009 0.017 0.009 0.044 
 68  BAFF207    (0)    8 :  0.028 0.018 0.005 0.080 0.196 0.012 0.434 0.096 0.130 
 69  BAFF070    (0)   12 :  0.012 0.034 0.009 0.014 0.014 0.009 0.882 0.013 0.013 
 70  BAFF335    (0)   12 :  0.015 0.893 0.013 0.012 0.013 0.009 0.025 0.007 0.014 
 71  BAFF507    (0)    6 :  0.420 0.013 0.022 0.021 0.015 0.033 0.008 0.155 0.313 
 72  BAFF450    (0)    7 :  0.121 0.032 0.104 0.053 0.040 0.090 0.042 0.359 0.159 
 73  BAFF209    (7)    8 :  0.071 0.109 0.126 0.161 0.109 0.026 0.028 0.253 0.117 
 74  BAFF072    (0)   12 :  0.023 0.524 0.203 0.127 0.013 0.010 0.030 0.019 0.052 
 75  BAFF339    (0)   12 :  0.082 0.089 0.011 0.031 0.027 0.012 0.344 0.293 0.111 
 76  BAFF508    (0)    6 :  0.146 0.040 0.464 0.055 0.017 0.060 0.021 0.036 0.161 
 77  BAFF451    (0)    7 :  0.551 0.077 0.020 0.067 0.027 0.010 0.020 0.031 0.196 
 78  BAFF210    (0)    8 :  0.071 0.015 0.007 0.041 0.202 0.072 0.371 0.128 0.092 
 79  BAFF139    (0)   12 :  0.497 0.095 0.036 0.039 0.021 0.037 0.012 0.030 0.232 
 80  BAFF341    (0)   12 :  0.116 0.075 0.061 0.335 0.026 0.014 0.015 0.104 0.255 
 81  BAFF509    (0)    6 :  0.026 0.053 0.008 0.060 0.624 0.058 0.033 0.020 0.118 
 82  BAFF453    (0)    7 :  0.028 0.066 0.013 0.054 0.057 0.009 0.089 0.622 0.062 
 83  BAFF389    (0)    8 :  0.010 0.013 0.296 0.016 0.017 0.013 0.006 0.616 0.013 
 84  BAFF163    (0)   12 :  0.005 0.005 0.008 0.009 0.010 0.004 0.865 0.089 0.006 
 85  BAFF344    (7)   12 :  0.037 0.534 0.039 0.035 0.031 0.009 0.224 0.058 0.032 
 86  BAFF510    (0)    6 :  0.352 0.039 0.057 0.027 0.197 0.010 0.028 0.044 0.246 
 87  BAFF456    (0)    7 :  0.585 0.043 0.011 0.017 0.014 0.017 0.032 0.053 0.227 
 88  BAFF390    (0)    8 :  0.011 0.006 0.011 0.015 0.008 0.006 0.005 0.919 0.019 
 89  BAFF142    (0)   12 :  0.062 0.384 0.023 0.105 0.014 0.244 0.042 0.010 0.116 
 90  BAFF363    (7)   12 :  0.008 0.023 0.024 0.011 0.011 0.007 0.892 0.014 0.011 
 91  BAFF517    (0)    6 :  0.423 0.050 0.014 0.013 0.022 0.007 0.032 0.279 0.161 
 92  BAFF458    (0)    7 :  0.111 0.032 0.014 0.252 0.184 0.045 0.029 0.019 0.313 
 93  BAFF391    (0)    8 :  0.151 0.136 0.010 0.045 0.033 0.129 0.333 0.046 0.117 
 94  BAFF149    (0)   12 :  0.026 0.774 0.026 0.015 0.015 0.010 0.028 0.069 0.036 
 95  BAFF366    (7)   12 :  0.139 0.694 0.034 0.008 0.010 0.009 0.015 0.027 0.064 
 96  BAFF512    (0)    6 :  0.336 0.018 0.020 0.095 0.073 0.122 0.046 0.072 0.219 
 97  BAFF460    (0)    7 :  0.244 0.526 0.016 0.023 0.012 0.016 0.015 0.023 0.124 
 98  BAFF138    (0)   12 :  0.018 0.886 0.015 0.012 0.010 0.014 0.016 0.012 0.017 
 99  BAFF374    (0)   12 :  0.012 0.020 0.048 0.017 0.631 0.031 0.144 0.014 0.083 
100  BAFF015    (0)    1 :  0.009 0.011 0.007 0.023 0.009 0.876 0.010 0.011 0.042 
101  BAFF380    (0)    2 :  0.068 0.030 0.245 0.159 0.330 0.011 0.031 0.018 0.108 
102  BAFF216    (0)    3 :  0.177 0.023 0.018 0.235 0.093 0.039 0.030 0.118 0.266 
103  BAFF017    (0)    4 :  0.148 0.005 0.007 0.011 0.033 0.020 0.020 0.454 0.303 
104  BAFF245    (0)    4 :  0.113 0.299 0.011 0.094 0.119 0.130 0.032 0.064 0.138 
105  BAFF378    (7)   13 :  0.263 0.020 0.014 0.126 0.019 0.217 0.013 0.031 0.296 
106  BAFF023    (0)    5 :  0.290 0.031 0.013 0.131 0.095 0.029 0.027 0.073 0.311 
107  BAFF079    (0)    6 :  0.174 0.088 0.034 0.070 0.237 0.044 0.044 0.081 0.228 
108  BAFF435    (0)    6 :  0.349 0.025 0.015 0.132 0.027 0.009 0.020 0.021 0.403 
109  BAFF174    (7)    7 :  0.015 0.020 0.015 0.072 0.031 0.007 0.030 0.757 0.053 
110  BAFF226    (0)    7 :  0.627 0.048 0.017 0.012 0.013 0.011 0.008 0.028 0.236 
111  BAFF190    (0)    8 :  0.019 0.076 0.021 0.616 0.127 0.016 0.053 0.011 0.061 
112  BAFF243    (0)    9 :  0.211 0.084 0.120 0.029 0.034 0.069 0.007 0.246 0.199 
113  BAFF177    (0)   10 :  0.021 0.053 0.025 0.042 0.657 0.028 0.007 0.074 0.091 
114  BAFF364    (7)   11 :  0.092 0.014 0.575 0.095 0.054 0.010 0.023 0.028 0.109 
115  BAFF305    (0)   12 :  0.023 0.813 0.012 0.023 0.016 0.027 0.032 0.028 0.026 
116  BAFF513    (0)    6 :  0.058 0.016 0.014 0.230 0.481 0.043 0.018 0.056 0.083 
117  BAFF462    (0)    7 :  0.021 0.011 0.021 0.309 0.052 0.394 0.042 0.010 0.141 
118  BAFF143    (0)   12 :  0.075 0.593 0.060 0.037 0.060 0.008 0.073 0.030 0.065 
119  BAFF403    (0)   12 :  0.007 0.009 0.010 0.009 0.011 0.007 0.930 0.008 0.009 
120  BAFF514    (0)    6 :  0.020 0.023 0.013 0.138 0.556 0.008 0.133 0.015 0.094 
121  BAFF463    (0)    7 :  0.005 0.005 0.008 0.603 0.357 0.005 0.004 0.006 0.006 
122  BAFF137    (0)   12 :  0.013 0.705 0.012 0.038 0.175 0.010 0.009 0.009 0.028 
123  BAFF404    (0)   12 :  0.012 0.010 0.020 0.010 0.009 0.015 0.903 0.009 0.012 
124  BAFF515    (0)    6 :  0.195 0.119 0.030 0.136 0.239 0.023 0.034 0.050 0.174 
125  BAFF144    (0)   12 :  0.036 0.079 0.197 0.236 0.203 0.011 0.069 0.017 0.151 
126  BAFF405    (7)   12 :  0.036 0.586 0.079 0.067 0.076 0.032 0.029 0.010 0.083 
127  BAFF518    (0)    6 :  0.068 0.306 0.022 0.033 0.025 0.010 0.413 0.033 0.091 
128  BAFF467    (0)    7 :  0.178 0.025 0.013 0.188 0.070 0.016 0.030 0.099 0.380 
129  BAFF145    (0)   12 :  0.081 0.224 0.420 0.030 0.065 0.068 0.012 0.020 0.078 
130  BAFF406    (0)   12 :  0.031 0.057 0.384 0.031 0.096 0.008 0.314 0.014 0.065 
131  BAFF519    (0)    6 :  0.125 0.066 0.014 0.102 0.068 0.012 0.012 0.465 0.137 
132  BAFF471    (0)    7 :  0.118 0.237 0.018 0.321 0.068 0.060 0.021 0.031 0.127 
133  BAFF136    (0)   12 :  0.010 0.124 0.008 0.019 0.049 0.006 0.715 0.053 0.016 
134  BAFF520    (7)    6 :  0.167 0.036 0.014 0.226 0.113 0.028 0.061 0.051 0.304 
135  BAFF472    (0)    7 :  0.082 0.035 0.076 0.399 0.106 0.021 0.018 0.059 0.203 
136  BAFF165    (0)   12 :  0.194 0.516 0.009 0.037 0.022 0.059 0.048 0.019 0.097 
137  BAFF408    (0)   12 :  0.030 0.671 0.062 0.044 0.022 0.029 0.072 0.021 0.050 
138  BAFF522    (0)    6 :  0.026 0.052 0.017 0.301 0.414 0.030 0.061 0.029 0.071 
139  BAFF475    (0)    7 :  0.378 0.048 0.020 0.070 0.091 0.008 0.038 0.059 0.288 
140  BAFF140    (0)   12 :  0.049 0.459 0.050 0.042 0.240 0.015 0.031 0.037 0.077 
141  BAFF409    (0)   12 :  0.012 0.015 0.013 0.034 0.038 0.094 0.759 0.020 0.015 
142  BAFF523    (0)    6 :  0.054 0.013 0.067 0.469 0.203 0.012 0.008 0.021 0.152 
143  BAFF476    (0)    7 :  0.309 0.051 0.242 0.026 0.014 0.008 0.032 0.095 0.221 
144  BAFF147    (0)   12 :  0.022 0.614 0.014 0.029 0.119 0.016 0.143 0.013 0.030 
145  BAFF410    (0)   12 :  0.085 0.198 0.010 0.032 0.015 0.016 0.539 0.022 0.083 
146  BAFF477    (0)    7 :  0.481 0.120 0.013 0.025 0.016 0.093 0.007 0.028 0.216 
147  BAFF411    (0)   12 :  0.058 0.075 0.065 0.015 0.019 0.344 0.095 0.272 0.059 
148  BAFF486    (7)    7 :  0.480 0.009 0.007 0.032 0.006 0.008 0.006 0.022 0.430 
149  BAFF412    (7)   12 :  0.035 0.016 0.020 0.041 0.129 0.043 0.645 0.015 0.056 
150  BAFF258    (0)    1 :  0.069 0.017 0.060 0.350 0.181 0.166 0.026 0.016 0.115 
151  BAFF392    (0)    2 :  0.006 0.008 0.067 0.596 0.270 0.005 0.007 0.021 0.020 
152  BAFF217    (0)    3 :  0.127 0.067 0.036 0.040 0.017 0.010 0.020 0.578 0.105 
153  BAFF016    (0)    4 :  0.382 0.054 0.119 0.024 0.064 0.005 0.037 0.058 0.257 
154  BAFF246    (0)    4 :  0.125 0.020 0.068 0.045 0.241 0.009 0.021 0.267 0.202 
155  BAFF381    (0)   13 :  0.284 0.318 0.014 0.033 0.036 0.011 0.040 0.056 0.209 
156  BAFF078    (0)    6 :  0.012 0.425 0.278 0.143 0.017 0.005 0.033 0.026 0.060 
157  BAFF481    (0)    6 :  0.182 0.179 0.014 0.081 0.081 0.028 0.043 0.131 0.261 
158  BAFF436    (0)    7 :  0.071 0.047 0.045 0.146 0.324 0.082 0.047 0.091 0.146 
159  BAFF191    (0)    8 :  0.059 0.028 0.013 0.072 0.279 0.010 0.020 0.431 0.090 
160  BAFF382    (0)    9 :  0.333 0.052 0.044 0.110 0.087 0.007 0.077 0.054 0.235 
161  BAFF178    (0)   10 :  0.018 0.018 0.007 0.023 0.726 0.008 0.038 0.095 0.068 
162  BAFF159    (7)   11 :  0.574 0.012 0.017 0.019 0.015 0.009 0.013 0.021 0.320 
163  BAFF365    (7)   11 :  0.182 0.305 0.039 0.046 0.033 0.208 0.019 0.040 0.126 
164  BAFF007    (0)   12 :  0.224 0.182 0.086 0.076 0.048 0.054 0.025 0.072 0.232 
165  BAFF304    (7)   12 :  0.095 0.551 0.070 0.087 0.021 0.013 0.071 0.013 0.079 
166  BAFF487    (0)    7 :  0.151 0.011 0.054 0.335 0.075 0.022 0.029 0.058 0.264 
167  BAFF415    (0)   12 :  0.073 0.173 0.020 0.042 0.024 0.066 0.545 0.012 0.046 
168  BAFF488    (0)    7 :  0.105 0.047 0.015 0.032 0.027 0.598 0.016 0.050 0.111 
169  BAFF417    (0)   12 :  0.054 0.375 0.017 0.025 0.091 0.014 0.333 0.025 0.065 
170  BAFF489    (0)    7 :  0.227 0.267 0.069 0.153 0.038 0.008 0.039 0.017 0.182 
171  BAFF426    (0)   12 :  0.015 0.018 0.007 0.028 0.026 0.016 0.859 0.014 0.018 
172  BAFF490    (7)    7 :  0.449 0.014 0.098 0.050 0.079 0.021 0.010 0.015 0.263 
173  BAFF491    (0)    7 :  0.269 0.031 0.056 0.053 0.211 0.047 0.009 0.038 0.288 
174  BAFF492    (0)    7 :  0.353 0.020 0.010 0.121 0.021 0.007 0.014 0.035 0.419 
175  BAFF493    (0)    7 :  0.035 0.025 0.014 0.296 0.056 0.409 0.027 0.021 0.118 
176  BAFF506    (0)    7 :  0.097 0.011 0.016 0.314 0.111 0.103 0.011 0.035 0.302 
177  BAFF393    (0)    2 :  0.223 0.117 0.308 0.044 0.020 0.028 0.012 0.027 0.221 
178  BAFF218    (0)    3 :  0.220 0.057 0.020 0.213 0.060 0.047 0.025 0.209 0.149 
179  BAFF254    (0)    4 :  0.145 0.123 0.326 0.111 0.029 0.042 0.012 0.011 0.200 
180  BAFF385    (0)   13 :  0.032 0.041 0.030 0.495 0.078 0.021 0.030 0.024 0.249 
181  BAFF076    (0)    6 :  0.008 0.008 0.014 0.019 0.908 0.010 0.011 0.011 0.011 
182  BAFF482    (0)    6 :  0.375 0.088 0.015 0.078 0.113 0.010 0.083 0.015 0.224 
183  BAFF437    (0)    7 :  0.355 0.411 0.006 0.035 0.017 0.021 0.010 0.010 0.135 
184  BAFF192    (0)    8 :  0.033 0.063 0.144 0.147 0.406 0.016 0.012 0.048 0.132 
185  BAFF383    (0)    9 :  0.023 0.084 0.007 0.116 0.012 0.718 0.012 0.011 0.016 
186  BAFF180    (0)   10 :  0.040 0.012 0.010 0.062 0.345 0.009 0.105 0.342 0.075 
187  BAFF048    (7)   12 :  0.094 0.024 0.394 0.187 0.088 0.061 0.014 0.011 0.128 
188  BAFF306    (0)   12 :  0.060 0.611 0.018 0.058 0.048 0.009 0.031 0.075 0.090 
189  BAFF394    (0)    2 :  0.104 0.144 0.128 0.054 0.141 0.052 0.017 0.181 0.179 
190  BAFF219    (0)    3 :  0.438 0.139 0.014 0.063 0.036 0.008 0.015 0.074 0.212 
191  BAFF388    (0)    4 :  0.027 0.011 0.011 0.077 0.311 0.200 0.260 0.017 0.087 
192  BAFF386    (7)   13 :  0.043 0.052 0.037 0.370 0.332 0.018 0.018 0.024 0.107 
193  BAFF084    (0)    6 :  0.166 0.018 0.565 0.055 0.014 0.013 0.010 0.015 0.144 
194  BAFF483    (0)    6 :  0.048 0.105 0.009 0.036 0.538 0.027 0.064 0.038 0.135 
195  BAFF438   (15)    7 :  0.123 0.316 0.129 0.115 0.062 0.016 0.037 0.029 0.173 
196  BAFF193    (0)    8 :  0.156 0.020 0.019 0.067 0.086 0.371 0.021 0.053 0.207 
197  BAFF183    (0)   10 :  0.142 0.032 0.047 0.273 0.038 0.064 0.035 0.065 0.306 
198  BAFF153    (0)   12 :  0.012 0.914 0.014 0.009 0.012 0.007 0.014 0.006 0.012 
199  BAFF307    (0)   12 :  0.110 0.513 0.096 0.053 0.031 0.011 0.021 0.021 0.144 
200  BAFF397    (0)    2 :  0.651 0.098 0.012 0.008 0.005 0.008 0.010 0.020 0.188 
201  BAFF220    (0)    3 :  0.016 0.009 0.108 0.570 0.253 0.008 0.009 0.006 0.021 
202  BAFF095    (0)    6 :  0.013 0.016 0.007 0.074 0.750 0.039 0.013 0.018 0.070 
203  BAFF494    (0)    6 :  0.119 0.013 0.030 0.369 0.278 0.007 0.026 0.034 0.123 
204  BAFF439    (0)    7 :  0.071 0.208 0.012 0.056 0.040 0.010 0.293 0.161 0.150 
205  BAFF182    (0)   10 :  0.031 0.058 0.073 0.143 0.458 0.030 0.125 0.036 0.045 
206  BAFF054    (0)   12 :  0.009 0.018 0.010 0.007 0.013 0.006 0.922 0.007 0.008 
207  BAFF308    (0)   12 :  0.050 0.779 0.029 0.040 0.014 0.015 0.015 0.009 0.049 
208  BAFF266    (0)    1 :  0.246 0.028 0.107 0.071 0.041 0.159 0.060 0.016 0.271 
209  BAFF398    (7)    2 :  0.011 0.006 0.005 0.604 0.341 0.011 0.005 0.005 0.012 
210  BAFF221    (0)    3 :  0.008 0.053 0.436 0.093 0.036 0.306 0.042 0.011 0.015 
211  BAFF090    (0)    6 :  0.022 0.079 0.109 0.443 0.027 0.014 0.090 0.023 0.192 
212  BAFF495    (0)    6 :  0.063 0.015 0.009 0.014 0.027 0.008 0.015 0.779 0.070 
213  BAFF459    (0)    7 :  0.508 0.026 0.076 0.021 0.016 0.007 0.012 0.057 0.277 
214  BAFF197    (0)    8 :  0.257 0.340 0.015 0.022 0.028 0.013 0.083 0.133 0.109 
215  BAFF188    (0)   10 :  0.028 0.669 0.088 0.047 0.030 0.013 0.049 0.028 0.048 
216  BAFF051    (0)   12 :  0.145 0.036 0.015 0.105 0.061 0.026 0.388 0.030 0.195 
217  BAFF309    (0)   12 :  0.370 0.050 0.024 0.161 0.052 0.010 0.013 0.026 0.295 
218  BAFF269    (0)    1 :  0.308 0.220 0.012 0.022 0.094 0.049 0.010 0.107 0.178 
219  BAFF077    (0)    6 :  0.486 0.007 0.038 0.011 0.006 0.009 0.011 0.129 0.303 
220  BAFF496    (0)    6 :  0.028 0.008 0.005 0.008 0.009 0.012 0.009 0.899 0.022 
221  BAFF443    (0)    7 :  0.235 0.084 0.014 0.090 0.065 0.058 0.113 0.040 0.300 
222  BAFF198    (0)    8 :  0.060 0.023 0.020 0.333 0.178 0.008 0.037 0.177 0.163 
223  BAFF053    (0)   12 :  0.023 0.792 0.020 0.041 0.008 0.019 0.034 0.040 0.022 
224  BAFF310    (0)   12 :  0.044 0.103 0.022 0.012 0.013 0.008 0.694 0.033 0.071 
225  BAFF282    (0)    1 :  0.050 0.030 0.015 0.024 0.066 0.700 0.016 0.035 0.063 
226  BAFF497    (0)    6 :  0.464 0.016 0.010 0.065 0.014 0.012 0.017 0.123 0.279 
227  BAFF466    (0)    7 :  0.169 0.059 0.141 0.255 0.031 0.014 0.037 0.024 0.271 
228  BAFF200    (7)    8 :  0.070 0.034 0.034 0.089 0.541 0.011 0.027 0.021 0.173 
229  BAFF240    (0)   10 :  0.042 0.041 0.618 0.156 0.030 0.015 0.010 0.016 0.073 
230  BAFF055    (0)   12 :  0.022 0.146 0.010 0.018 0.046 0.018 0.711 0.009 0.020 
231  BAFF311    (7)   12 :  0.013 0.024 0.042 0.444 0.325 0.031 0.007 0.007 0.107 


Estimated Allele Frequencies in each cluster
First column gives estimated ancestral frequencies


Locus 1 : btern01 
9 alleles
0.0% missing data
   1   (0.141) 0.180 0.171 0.099 0.075 0.174 0.121 0.036 0.172 0.145 
   2   (0.018) 0.008 0.004 0.004 0.006 0.005 0.029 0.004 0.003 0.011 
   3   (0.163) 0.257 0.205 0.159 0.156 0.123 0.065 0.094 0.196 0.183 
   4   (0.213) 0.155 0.197 0.259 0.189 0.211 0.203 0.166 0.314 0.203 
   5   (0.281) 0.311 0.338 0.368 0.269 0.165 0.440 0.341 0.110 0.327 
   6   (0.075) 0.039 0.054 0.027 0.044 0.073 0.034 0.331 0.076 0.064 
   7   (0.054) 0.014 0.016 0.069 0.233 0.180 0.084 0.018 0.013 0.028 
   8   (0.016) 0.007 0.006 0.002 0.003 0.004 0.018 0.002 0.027 0.007 
   9   (0.040) 0.029 0.010 0.013 0.025 0.065 0.008 0.007 0.088 0.033 

Locus 2 : bt28 
5 alleles
0.0% missing data
   1   (0.671) 0.706 0.751 0.666 0.536 0.623 0.770 0.717 0.743 0.662 
   2   (0.151) 0.085 0.139 0.057 0.116 0.211 0.173 0.098 0.168 0.142 
   3   (0.143) 0.124 0.099 0.265 0.341 0.157 0.038 0.179 0.072 0.144 
   4   (0.023) 0.081 0.007 0.010 0.005 0.005 0.006 0.004 0.014 0.049 
   5   (0.012) 0.003 0.003 0.002 0.002 0.003 0.013 0.002 0.002 0.003 

Locus 3 : b96 
8 alleles
0.9% missing data
   1   (0.328) 0.344 0.453 0.220 0.280 0.402 0.360 0.320 0.210 0.313 
   2   (0.482) 0.543 0.333 0.565 0.613 0.488 0.427 0.508 0.741 0.579 
   3   (0.046) 0.036 0.067 0.064 0.030 0.028 0.011 0.046 0.012 0.035 
   4   (0.014) 0.005 0.003 0.105 0.003 0.003 0.004 0.003 0.002 0.006 
   5   (0.051) 0.040 0.056 0.011 0.036 0.039 0.027 0.034 0.013 0.033 
   6   (0.027) 0.006 0.014 0.007 0.026 0.024 0.096 0.005 0.005 0.011 
   7   (0.037) 0.022 0.071 0.026 0.010 0.012 0.072 0.007 0.015 0.021 
   8   (0.014) 0.003 0.003 0.002 0.003 0.005 0.003 0.077 0.002 0.004 

Locus 4 : bt30 
12 alleles
0.9% missing data
   1   (0.113) 0.078 0.062 0.032 0.191 0.157 0.281 0.112 0.030 0.111 
   2   (0.287) 0.331 0.288 0.176 0.280 0.286 0.287 0.288 0.383 0.316 
   3   (0.071) 0.189 0.035 0.071 0.043 0.034 0.018 0.026 0.104 0.153 
   4   (0.186) 0.170 0.231 0.155 0.259 0.189 0.102 0.240 0.141 0.202 
   5   (0.014) 0.005 0.003 0.002 0.004 0.021 0.003 0.003 0.003 0.006 
   6   (0.101) 0.099 0.061 0.034 0.159 0.204 0.111 0.049 0.080 0.100 
   7   (0.034) 0.018 0.040 0.019 0.018 0.014 0.022 0.020 0.018 0.024 
   8   (0.052) 0.039 0.080 0.077 0.011 0.013 0.046 0.065 0.010 0.023 
   9   (0.101) 0.061 0.170 0.427 0.026 0.050 0.057 0.191 0.211 0.053 
  10   (0.014) 0.003 0.003 0.002 0.002 0.003 0.070 0.002 0.003 0.003 
  11   (0.016) 0.004 0.025 0.002 0.003 0.028 0.003 0.003 0.004 0.006 
  12   (0.011) 0.004 0.003 0.002 0.002 0.002 0.002 0.002 0.012 0.004 

Locus 5 : btms0081 
3 alleles
0.9% missing data
   1   (0.499) 0.560 0.395 0.700 0.587 0.610 0.594 0.304 0.294 0.572 
   2   (0.350) 0.361 0.443 0.243 0.322 0.252 0.212 0.484 0.482 0.308 
   3   (0.151) 0.078 0.162 0.057 0.090 0.138 0.194 0.212 0.224 0.120 

Locus 6 : btms0066 
24 alleles
0.0% missing data
   1   (0.252) 0.251 0.316 0.129 0.406 0.278 0.379 0.383 0.208 0.274 
   2   (0.018) 0.005 0.004 0.004 0.004 0.004 0.054 0.003 0.029 0.007 
   3   (0.038) 0.025 0.123 0.010 0.031 0.016 0.007 0.011 0.013 0.029 
   4   (0.145) 0.214 0.097 0.037 0.172 0.220 0.056 0.127 0.395 0.253 
   5   (0.095) 0.148 0.199 0.030 0.068 0.061 0.027 0.101 0.075 0.135 
   6   (0.055) 0.021 0.040 0.159 0.135 0.157 0.011 0.017 0.044 0.032 
   7   (0.021) 0.007 0.004 0.003 0.004 0.059 0.017 0.003 0.004 0.008 
   8   (0.055) 0.078 0.028 0.035 0.019 0.021 0.082 0.035 0.044 0.056 
   9   (0.027) 0.009 0.024 0.324 0.016 0.010 0.005 0.006 0.005 0.013 
  10   (0.026) 0.029 0.006 0.033 0.010 0.007 0.153 0.005 0.005 0.022 
  11   (0.019) 0.005 0.005 0.004 0.005 0.008 0.150 0.013 0.015 0.007 
  12   (0.033) 0.094 0.021 0.008 0.012 0.007 0.007 0.015 0.102 0.053 
  13   (0.029) 0.014 0.019 0.021 0.027 0.019 0.006 0.017 0.007 0.015 
  14   (0.021) 0.005 0.005 0.077 0.007 0.006 0.004 0.046 0.003 0.006 
  15   (0.017) 0.046 0.016 0.003 0.003 0.005 0.003 0.003 0.006 0.019 
  16   (0.030) 0.011 0.012 0.041 0.020 0.033 0.007 0.096 0.015 0.015 
  17   (0.025) 0.009 0.022 0.052 0.021 0.011 0.010 0.037 0.007 0.017 
  18   (0.011) 0.002 0.002 0.001 0.002 0.002 0.002 0.034 0.002 0.002 
  19   (0.011) 0.002 0.038 0.001 0.002 0.004 0.002 0.002 0.002 0.002 
  20   (0.020) 0.007 0.006 0.009 0.006 0.038 0.006 0.008 0.011 0.014 
  21   (0.016) 0.004 0.004 0.008 0.013 0.025 0.005 0.003 0.003 0.007 
  22   (0.013) 0.003 0.003 0.003 0.010 0.005 0.002 0.002 0.002 0.005 
  23   (0.012) 0.002 0.004 0.002 0.002 0.002 0.002 0.032 0.002 0.002 
  24   (0.013) 0.006 0.003 0.004 0.003 0.003 0.004 0.003 0.002 0.006 

Locus 7 : btms0083 
31 alleles
3.0% missing data
   1   (0.018) 0.004 0.004 0.012 0.008 0.004 0.233 0.003 0.003 0.004 
   2   (0.023) 0.011 0.032 0.009 0.009 0.005 0.108 0.004 0.004 0.015 
   3   (0.028) 0.016 0.010 0.136 0.069 0.041 0.005 0.009 0.006 0.020 
   4   (0.036) 0.026 0.017 0.024 0.076 0.027 0.057 0.009 0.012 0.040 
   5   (0.212) 0.186 0.233 0.128 0.225 0.382 0.237 0.266 0.160 0.215 
   6   (0.016) 0.010 0.004 0.007 0.022 0.027 0.004 0.003 0.005 0.018 
   7   (0.062) 0.068 0.104 0.060 0.080 0.027 0.018 0.146 0.025 0.095 
   8   (0.034) 0.061 0.137 0.009 0.014 0.010 0.016 0.013 0.010 0.031 
   9   (0.036) 0.026 0.035 0.008 0.052 0.040 0.008 0.007 0.031 0.038 
  10   (0.022) 0.007 0.015 0.005 0.009 0.129 0.007 0.012 0.006 0.021 
  11   (0.057) 0.120 0.031 0.412 0.040 0.028 0.016 0.010 0.079 0.076 
  12   (0.015) 0.006 0.003 0.002 0.010 0.004 0.040 0.003 0.009 0.010 
  13   (0.053) 0.067 0.083 0.029 0.030 0.035 0.011 0.070 0.054 0.058 
  14   (0.032) 0.142 0.015 0.007 0.026 0.009 0.007 0.006 0.017 0.094 
  15   (0.031) 0.031 0.012 0.007 0.009 0.029 0.018 0.006 0.044 0.036 
  16   (0.024) 0.018 0.006 0.012 0.100 0.033 0.028 0.005 0.009 0.021 
  17   (0.027) 0.011 0.013 0.016 0.014 0.013 0.040 0.005 0.356 0.015 
  18   (0.050) 0.027 0.035 0.013 0.051 0.045 0.037 0.119 0.031 0.049 
  19   (0.020) 0.009 0.006 0.004 0.005 0.005 0.008 0.120 0.008 0.010 
  20   (0.029) 0.013 0.103 0.005 0.006 0.009 0.005 0.058 0.006 0.011 
  21   (0.010) 0.002 0.002 0.002 0.002 0.003 0.034 0.002 0.002 0.003 
  22   (0.014) 0.004 0.004 0.003 0.003 0.003 0.017 0.003 0.019 0.004 
  23   (0.017) 0.016 0.008 0.003 0.004 0.005 0.015 0.003 0.008 0.010 
  24   (0.011) 0.003 0.003 0.002 0.002 0.002 0.003 0.015 0.002 0.003 
  25   (0.031) 0.029 0.033 0.006 0.089 0.055 0.006 0.007 0.008 0.027 
  26   (0.010) 0.048 0.002 0.003 0.002 0.004 0.002 0.002 0.019 0.028 
  27   (0.027) 0.010 0.028 0.006 0.015 0.008 0.005 0.050 0.050 0.016 
  28   (0.019) 0.011 0.004 0.062 0.014 0.006 0.004 0.004 0.010 0.014 
  29   (0.013) 0.009 0.003 0.003 0.010 0.004 0.005 0.002 0.003 0.011 
  30   (0.015) 0.003 0.011 0.002 0.003 0.005 0.003 0.037 0.002 0.003 
  31   (0.010) 0.006 0.005 0.002 0.002 0.003 0.002 0.002 0.003 0.005 

Locus 8 : b126 
16 alleles
0.0% missing data
   1   (0.041) 0.035 0.032 0.009 0.050 0.046 0.043 0.012 0.009 0.032 
   2   (0.053) 0.052 0.053 0.012 0.019 0.019 0.136 0.009 0.071 0.041 
   3   (0.310) 0.323 0.369 0.608 0.313 0.278 0.178 0.388 0.482 0.354 
   4   (0.030) 0.040 0.009 0.005 0.020 0.014 0.008 0.007 0.053 0.048 
   5   (0.070) 0.069 0.031 0.024 0.151 0.133 0.021 0.042 0.053 0.107 
   6   (0.064) 0.122 0.144 0.013 0.032 0.020 0.015 0.162 0.019 0.074 
   7   (0.110) 0.088 0.144 0.211 0.065 0.224 0.022 0.140 0.050 0.095 
   8   (0.030) 0.031 0.014 0.007 0.009 0.009 0.007 0.078 0.025 0.024 
   9   (0.011) 0.002 0.002 0.001 0.002 0.047 0.002 0.002 0.002 0.003 
  10   (0.038) 0.013 0.012 0.009 0.109 0.061 0.027 0.048 0.020 0.022 
  11   (0.092) 0.107 0.090 0.072 0.069 0.039 0.412 0.023 0.038 0.113 
  12   (0.033) 0.026 0.033 0.005 0.010 0.007 0.028 0.031 0.006 0.021 
  13   (0.063) 0.048 0.032 0.010 0.108 0.054 0.091 0.048 0.140 0.030 
  14   (0.023) 0.031 0.007 0.004 0.006 0.018 0.005 0.005 0.027 0.025 
  15   (0.016) 0.004 0.023 0.002 0.003 0.018 0.003 0.003 0.004 0.005 
  16   (0.014) 0.009 0.004 0.009 0.033 0.012 0.003 0.002 0.003 0.006 

Locus 9 : btms0062 
34 alleles
0.0% missing data
   1   (0.029) 0.018 0.007 0.034 0.050 0.029 0.082 0.007 0.008 0.038 
   2   (0.047) 0.026 0.019 0.028 0.045 0.049 0.101 0.012 0.243 0.051 
   3   (0.083) 0.069 0.255 0.052 0.053 0.053 0.093 0.060 0.067 0.088 
   4   (0.100) 0.151 0.042 0.191 0.068 0.267 0.054 0.201 0.031 0.119 
   5   (0.055) 0.110 0.071 0.073 0.048 0.057 0.020 0.013 0.015 0.118 
   6   (0.025) 0.025 0.033 0.014 0.017 0.012 0.006 0.005 0.022 0.022 
   7   (0.013) 0.013 0.006 0.002 0.005 0.004 0.003 0.002 0.003 0.009 
   8   (0.022) 0.068 0.038 0.003 0.006 0.007 0.006 0.004 0.011 0.026 
   9   (0.044) 0.091 0.014 0.061 0.023 0.037 0.021 0.019 0.035 0.071 
  10   (0.056) 0.070 0.023 0.011 0.092 0.056 0.039 0.058 0.020 0.071 
  11   (0.066) 0.046 0.050 0.305 0.189 0.100 0.017 0.038 0.031 0.062 
  12   (0.048) 0.017 0.036 0.012 0.061 0.060 0.010 0.033 0.310 0.026 
  13   (0.044) 0.036 0.054 0.014 0.088 0.105 0.026 0.017 0.011 0.031 
  14   (0.041) 0.048 0.041 0.009 0.026 0.013 0.011 0.289 0.015 0.043 
  15   (0.013) 0.005 0.119 0.004 0.004 0.005 0.002 0.003 0.003 0.004 
  16   (0.018) 0.005 0.016 0.075 0.008 0.005 0.003 0.009 0.004 0.008 
  17   (0.019) 0.006 0.004 0.003 0.006 0.013 0.160 0.003 0.012 0.007 
  18   (0.015) 0.004 0.004 0.006 0.033 0.015 0.003 0.003 0.005 0.007 
  19   (0.043) 0.029 0.015 0.007 0.016 0.023 0.085 0.100 0.063 0.034 
  20   (0.011) 0.002 0.002 0.001 0.002 0.002 0.036 0.002 0.002 0.002 
  21   (0.030) 0.045 0.011 0.006 0.023 0.015 0.044 0.005 0.037 0.032 
  22   (0.016) 0.006 0.017 0.002 0.005 0.003 0.109 0.003 0.003 0.006 
  23   (0.012) 0.004 0.002 0.002 0.003 0.003 0.028 0.002 0.002 0.005 
  24   (0.015) 0.051 0.004 0.003 0.004 0.006 0.004 0.007 0.007 0.023 
  25   (0.013) 0.008 0.003 0.002 0.006 0.004 0.011 0.003 0.003 0.010 
  26   (0.024) 0.010 0.011 0.024 0.090 0.019 0.007 0.030 0.010 0.048 
  27   (0.019) 0.005 0.043 0.023 0.014 0.016 0.003 0.005 0.004 0.008 
  28   (0.013) 0.003 0.028 0.002 0.002 0.002 0.002 0.002 0.002 0.003 
  29   (0.011) 0.006 0.003 0.017 0.003 0.003 0.004 0.002 0.008 0.007 
  30   (0.011) 0.002 0.002 0.002 0.002 0.002 0.002 0.030 0.005 0.002 
  31   (0.013) 0.010 0.014 0.002 0.003 0.003 0.002 0.002 0.003 0.007 
  32   (0.011) 0.003 0.003 0.004 0.004 0.008 0.002 0.002 0.002 0.004 
  33   (0.011) 0.006 0.005 0.001 0.002 0.003 0.002 0.002 0.003 0.005 
  34   (0.009) 0.003 0.004 0.002 0.002 0.002 0.002 0.025 0.002 0.004 

Locus 10 : btern02 
25 alleles
4.8% missing data
   1   (0.101) 0.108 0.150 0.248 0.096 0.084 0.136 0.040 0.134 0.116 
   2   (0.010) 0.002 0.002 0.002 0.002 0.002 0.017 0.002 0.002 0.003 
   3   (0.078) 0.134 0.088 0.039 0.062 0.145 0.025 0.023 0.116 0.121 
   4   (0.051) 0.033 0.023 0.009 0.087 0.150 0.014 0.098 0.080 0.035 
   5   (0.026) 0.032 0.012 0.034 0.018 0.026 0.011 0.006 0.014 0.022 
   6   (0.045) 0.059 0.024 0.099 0.089 0.024 0.015 0.019 0.018 0.088 
   7   (0.030) 0.014 0.024 0.005 0.007 0.041 0.006 0.144 0.012 0.015 
   8   (0.036) 0.025 0.037 0.021 0.021 0.015 0.109 0.006 0.015 0.032 
   9   (0.077) 0.040 0.202 0.035 0.079 0.123 0.066 0.040 0.038 0.061 
  10   (0.031) 0.084 0.009 0.007 0.018 0.013 0.007 0.006 0.114 0.062 
  11   (0.063) 0.082 0.125 0.018 0.023 0.030 0.017 0.066 0.089 0.063 
  12   (0.035) 0.018 0.019 0.018 0.016 0.010 0.142 0.007 0.098 0.019 
  13   (0.047) 0.048 0.019 0.018 0.073 0.046 0.056 0.054 0.022 0.040 
  14   (0.052) 0.030 0.024 0.021 0.027 0.050 0.173 0.123 0.040 0.043 
  15   (0.009) 0.002 0.002 0.194 0.001 0.002 0.001 0.001 0.001 0.002 
  16   (0.046) 0.076 0.025 0.012 0.018 0.018 0.053 0.050 0.020 0.058 
  17   (0.025) 0.025 0.009 0.016 0.041 0.013 0.006 0.055 0.012 0.029 
  18   (0.049) 0.046 0.027 0.019 0.030 0.044 0.012 0.172 0.067 0.053 
  19   (0.033) 0.014 0.080 0.050 0.135 0.032 0.006 0.007 0.019 0.026 
  20   (0.039) 0.051 0.024 0.006 0.107 0.046 0.049 0.008 0.014 0.032 
  21   (0.025) 0.026 0.012 0.005 0.007 0.007 0.037 0.010 0.031 0.019 
  22   (0.013) 0.005 0.005 0.002 0.003 0.003 0.012 0.007 0.013 0.005 
  23   (0.034) 0.022 0.037 0.013 0.016 0.043 0.020 0.007 0.019 0.026 
  24   (0.029) 0.020 0.017 0.105 0.011 0.021 0.006 0.044 0.006 0.025 
  25   (0.015) 0.005 0.004 0.003 0.012 0.012 0.003 0.005 0.006 0.007 

Locus 11 : btms0086 
3 alleles
0.0% missing data
   1   (0.839) 0.850 0.909 0.970 0.852 0.743 0.777 0.924 0.811 0.853 
   2   (0.140) 0.141 0.048 0.027 0.143 0.253 0.205 0.069 0.184 0.137 
   3   (0.021) 0.009 0.042 0.003 0.005 0.004 0.018 0.007 0.005 0.010 

Locus 12 : bl13 
3 alleles
0.0% missing data
   1   (0.072) 0.033 0.025 0.018 0.027 0.057 0.231 0.333 0.025 0.040 
   2   (0.829) 0.864 0.853 0.682 0.872 0.848 0.750 0.606 0.945 0.868 
   3   (0.100) 0.102 0.122 0.300 0.101 0.095 0.019 0.061 0.029 0.092 

Locus 13 : btms0059 
9 alleles
0.0% missing data
   1   (0.340) 0.340 0.532 0.471 0.383 0.333 0.358 0.292 0.163 0.337 
   2   (0.107) 0.204 0.060 0.248 0.066 0.043 0.111 0.018 0.265 0.158 
   3   (0.064) 0.028 0.063 0.026 0.020 0.044 0.128 0.114 0.028 0.035 
   4   (0.056) 0.038 0.033 0.012 0.032 0.114 0.045 0.020 0.021 0.037 
   5   (0.080) 0.130 0.071 0.035 0.052 0.041 0.034 0.044 0.058 0.108 
   6   (0.303) 0.224 0.216 0.192 0.417 0.410 0.311 0.503 0.427 0.276 
   7   (0.017) 0.016 0.004 0.008 0.003 0.004 0.004 0.003 0.030 0.020 
   8   (0.023) 0.015 0.018 0.006 0.021 0.008 0.006 0.004 0.005 0.022 
   9   (0.010) 0.004 0.002 0.002 0.006 0.002 0.003 0.002 0.003 0.007 

Values of parameters used in structure:
DATAFILE=/Users/johnmola/Desktop/rpbbfeb27/rpbbstructure/project_data,	OUTFILE=/Users/johnmola/Desktop/rpbbfeb27/rpbbstructure/rpbb20k100k/Results/rpbb20k100k_run_83,	NUMINDS=231,	NUMLOCI=13,	MISSING=-9,	LABEL=1,	POPDATA=1,	POPFLAG=0,	PHENOTYPE=0,	EXTRACOLS=0,	MAXPOPS=9,	BURNIN=20000,	NUMREPS=100000,	USEPOPINFO=0,	INFERALPHA=1,	INFERLAMBDA=0,	POPSPECIFICLAMBDA=0,	POPALPHAS=0,	COMPUTEPROB=1,	NOADMIX=0,	ADMBURNIN=2500,	UPDATEFREQ=1,	PRINTLIKES=0,	INTERMEDSAVE=0,	PRINTKLD=0,	PRINTNET=0,	PRINTLAMBDA=0,	ANCESTDIST=0,	NUMBOXES=1000,	ANCESTPINT=0.90000,	GENSBACK=2,	MIGRPRIOR=0.05000,	PRINTQHAT=0,	PRINTQSUM=0,	ALPHA=1.0000,	FREQSCORR=1,	FPRIORMEAN=0.0100,	FPRIORSD=0.0500,	ONEFST=0,	LAMBDA=1.0000,	UNIFPRIORALPHA=1,	ALPHAMAX=10.0000,	ALPHAPRIORA=1.0000,	ALPHAPRIORB=2.0000,	ALPHAPROPSD=0.0250,	STARTATPOPINFO=0,	RANDOMIZE=1,	LINKAGE=0,	METROFREQ=10,	REPORTHITRATE=0,	MARKOVPHASE=-1,	PHASED=0,	PLOIDY=2,	PHASEINFO=0	LOCPRIOR=0, 	LOCPRIORINIT=1.000000, 	LOCDATA=0, 	LOCISPOP=0, 	LOCPRIORSTEP=0.100000, 	MAXLOCPRIOR=20.000000, 	SEED=1677523059,	
[STRAT parameters]:    NUMSIMSTATS=1000,	PHENOTYPECOL=-9,	POOLFREQ=10,	LOCUSxONLY=0,	EMERROR=0.00100,	MISSINGPHENO=-9,	