

----------------------------------------------------
STRUCTURE by Pritchard, Stephens and Donnelly (2000)
     and Falush, Stephens and Pritchard (2003)
       Code by Pritchard, Falush and Hubisz
             Version 2.3.4 (Jul 2012)
----------------------------------------------------



Command line arguments:   bin/structure -m "/Users/johnmola/Desktop/rpbbfeb27/rpbbstructure/rpbb20k100k/mainparams" -e "/Users/johnmola/Desktop/rpbbfeb27/rpbbstructure/rpbb20k100k/extraparams" 
Input File:    /Users/johnmola/Desktop/rpbbfeb27/rpbbstructure/project_data

Run parameters:
   231 individuals
   13 loci
   10 populations assumed
   20000 Burn-in period
   100000 Reps


--------------------------------------------
Proportion of membership of each pre-defined
 population in each of the 10 clusters

Given    Inferred Clusters                                                        Number of
 Pop       1      2      3      4      5      6      7      8      9     10      Individuals

  1:     0.031  0.039  0.036  0.030  0.698  0.014  0.078  0.035  0.027  0.013       21
  2:     0.132  0.123  0.114  0.166  0.016  0.014  0.034  0.131  0.193  0.077        7
  3:     0.105  0.126  0.081  0.127  0.056  0.024  0.131  0.088  0.160  0.103        7
  4:     0.202  0.061  0.158  0.123  0.046  0.056  0.063  0.197  0.062  0.033        8
  5:     0.152  0.124  0.172  0.154  0.041  0.022  0.034  0.163  0.131  0.008        4
  6:     0.114  0.142  0.103  0.154  0.032  0.071  0.097  0.114  0.141  0.033       35
  7:     0.131  0.127  0.158  0.151  0.056  0.027  0.069  0.116  0.137  0.026       40
  8:     0.087  0.115  0.102  0.142  0.040  0.086  0.147  0.085  0.130  0.066       19
  9:     0.118  0.037  0.103  0.113  0.218  0.024  0.154  0.101  0.092  0.039        4
 10:     0.065  0.201  0.110  0.128  0.019  0.152  0.056  0.050  0.142  0.077       11
 11:     0.082  0.043  0.053  0.027  0.127  0.012  0.015  0.089  0.018  0.534        8
 12:     0.121  0.078  0.143  0.075  0.027  0.292  0.032  0.137  0.062  0.033       60
 13:     0.061  0.140  0.096  0.097  0.042  0.016  0.402  0.054  0.080  0.011        7
--------------------------------------------

Allele-freq. divergence among pops (Net nucleotide distance),
computed using point estimates of P.

      1       2       3       4       5       6       7       8       9      10      
 1      -    0.0137  0.0054  0.0112  0.0318  0.0330  0.0414  0.0009  0.0254  0.0643  
 2   0.0137     -    0.0091  0.0158  0.0383  0.0321  0.0411  0.0185  0.0255  0.0724  
 3   0.0054  0.0091     -    0.0101  0.0329  0.0301  0.0393  0.0089  0.0245  0.0697  
 4   0.0112  0.0158  0.0101     -    0.0310  0.0326  0.0409  0.0143  0.0048  0.0714  
 5   0.0318  0.0383  0.0329  0.0310     -    0.0487  0.0696  0.0342  0.0400  0.0980  
 6   0.0330  0.0321  0.0301  0.0326  0.0487     -    0.0570  0.0347  0.0452  0.0955  
 7   0.0414  0.0411  0.0393  0.0409  0.0696  0.0570     -    0.0452  0.0543  0.1084  
 8   0.0009  0.0185  0.0089  0.0143  0.0342  0.0347  0.0452     -    0.0288  0.0661  
 9   0.0254  0.0255  0.0245  0.0048  0.0400  0.0452  0.0543  0.0288     -    0.0784  
10   0.0643  0.0724  0.0697  0.0714  0.0980  0.0955  0.1084  0.0661  0.0784     -    

Average distances (expected heterozygosity) between individuals in same cluster:
cluster  1  : 0.6878 
cluster  2  : 0.6630 
cluster  3  : 0.6767 
cluster  4  : 0.6996 
cluster  5  : 0.6830 
cluster  6  : 0.6755 
cluster  7  : 0.6157 
cluster  8  : 0.6886 
cluster  9  : 0.6885 
cluster 10  : 0.5814 

--------------------------------------------
Estimated Ln Prob of Data   = -9915.2
Mean value of ln likelihood = -9125.2
Variance of ln likelihood   = 1580.1
Mean value of alpha         = 0.0508

Mean value of Fst_1         = 0.0883
Mean value of Fst_2         = 0.1088
Mean value of Fst_3         = 0.0826
Mean value of Fst_4         = 0.0891
Mean value of Fst_5         = 0.1033
Mean value of Fst_6         = 0.1054
Mean value of Fst_7         = 0.1592
Mean value of Fst_8         = 0.0859
Mean value of Fst_9         = 0.1156
Mean value of Fst_10         = 0.2860


Inferred ancestry of individuals:
        Label (%Miss) Pop:  Inferred clusters
  1  BAFF014    (0)    1 :  0.014 0.032 0.011 0.013 0.874 0.005 0.016 0.014 0.012 0.008 
  2  BAFF379    (0)    2 :  0.213 0.055 0.182 0.121 0.013 0.013 0.052 0.249 0.071 0.032 
  3  BAFF212    (0)    3 :  0.052 0.189 0.109 0.312 0.017 0.052 0.044 0.029 0.185 0.010 
  4  BAFF018    (0)    4 :  0.253 0.036 0.375 0.106 0.007 0.017 0.007 0.163 0.019 0.016 
  5  BAFF247    (0)    4 :  0.233 0.026 0.257 0.148 0.007 0.012 0.013 0.233 0.062 0.008 
  6  BAFF024    (0)    5 :  0.196 0.020 0.024 0.213 0.018 0.042 0.042 0.278 0.158 0.008 
  7  BAFF088    (0)    6 :  0.037 0.041 0.047 0.377 0.011 0.031 0.012 0.039 0.379 0.026 
  8  BAFF429    (0)    6 :  0.090 0.440 0.048 0.084 0.014 0.009 0.088 0.078 0.119 0.030 
  9  BAFF087    (7)    7 :  0.005 0.007 0.007 0.393 0.007 0.006 0.006 0.005 0.558 0.005 
 10  BAFF225    (0)    7 :  0.052 0.042 0.148 0.284 0.040 0.016 0.119 0.050 0.241 0.008 
 11  BAFF195    (0)    8 :  0.103 0.053 0.072 0.089 0.038 0.016 0.047 0.123 0.087 0.371 
 12  BAFF238    (0)    9 :  0.075 0.046 0.065 0.097 0.100 0.030 0.431 0.056 0.077 0.024 
 13  BAFF019    (0)   10 :  0.019 0.154 0.025 0.027 0.026 0.679 0.007 0.017 0.025 0.020 
 14  BAFF175    (0)   10 :  0.100 0.167 0.174 0.133 0.009 0.051 0.090 0.105 0.146 0.025 
 15  BAFF156    (0)   11 :  0.006 0.007 0.007 0.006 0.005 0.007 0.005 0.005 0.006 0.947 
 16  BAFF301    (0)   11 :  0.026 0.027 0.020 0.025 0.802 0.020 0.030 0.026 0.018 0.007 
 17  BAFF141    (0)   12 :  0.250 0.053 0.418 0.047 0.037 0.005 0.004 0.173 0.009 0.004 
 18  BAFF302    (0)   12 :  0.357 0.020 0.037 0.038 0.016 0.031 0.026 0.443 0.020 0.011 
 19  BAFF290    (0)    1 :  0.038 0.032 0.055 0.022 0.663 0.012 0.117 0.035 0.020 0.005 
 20  BAFF498    (0)    6 :  0.115 0.146 0.129 0.106 0.168 0.044 0.034 0.137 0.083 0.038 
 21  BAFF455    (0)    7 :  0.023 0.121 0.064 0.181 0.017 0.017 0.055 0.015 0.494 0.014 
 22  BAFF203    (7)    8 :  0.031 0.168 0.036 0.218 0.010 0.013 0.023 0.033 0.446 0.023 
 23  BAFF056    (0)   12 :  0.022 0.029 0.037 0.024 0.016 0.823 0.021 0.015 0.009 0.004 
 24  BAFF327    (0)   12 :  0.269 0.015 0.162 0.029 0.036 0.059 0.011 0.365 0.034 0.020 
 25  BAFF255    (0)    1 :  0.012 0.009 0.016 0.015 0.897 0.007 0.016 0.012 0.011 0.005 
 26  BAFF256    (0)    1 :  0.006 0.008 0.007 0.009 0.929 0.010 0.013 0.005 0.009 0.004 
 27  BAFF257    (0)    1 :  0.005 0.006 0.006 0.007 0.948 0.005 0.009 0.005 0.007 0.003 
 28  BAFF260    (0)    1 :  0.007 0.006 0.007 0.014 0.917 0.007 0.014 0.007 0.018 0.004 
 29  BAFF259    (0)    1 :  0.008 0.009 0.007 0.007 0.925 0.013 0.009 0.008 0.007 0.006 
 30  BAFF261    (0)    1 :  0.009 0.010 0.013 0.011 0.920 0.008 0.007 0.008 0.009 0.006 
 31  BAFF274    (0)    1 :  0.029 0.014 0.035 0.036 0.796 0.014 0.014 0.029 0.023 0.010 
 32  BAFF262    (0)    1 :  0.013 0.014 0.012 0.019 0.880 0.008 0.006 0.013 0.027 0.008 
 33  BAFF294    (0)    1 :  0.011 0.009 0.008 0.019 0.891 0.008 0.006 0.011 0.030 0.008 
 34  BAFF292    (0)    1 :  0.025 0.027 0.019 0.016 0.355 0.009 0.496 0.028 0.011 0.014 
 35  BAFF296    (0)    1 :  0.017 0.013 0.012 0.017 0.371 0.013 0.518 0.018 0.009 0.013 
 36  BAFF295    (0)    1 :  0.021 0.048 0.042 0.031 0.588 0.011 0.196 0.023 0.034 0.007 
 37  BAFF298    (0)    1 :  0.023 0.013 0.034 0.016 0.842 0.021 0.008 0.026 0.010 0.006 
 38  BAFF299    (0)    1 :  0.008 0.010 0.006 0.009 0.898 0.028 0.006 0.008 0.008 0.020 
 39  BAFF375    (0)   13 :  0.006 0.006 0.006 0.007 0.007 0.006 0.943 0.006 0.008 0.005 
 40  BAFF376    (0)   13 :  0.023 0.013 0.012 0.038 0.010 0.017 0.821 0.022 0.037 0.006 
 41  BAFF377    (0)   13 :  0.010 0.005 0.007 0.007 0.009 0.006 0.935 0.009 0.006 0.005 
 42  BAFF022    (0)    5 :  0.153 0.234 0.130 0.079 0.089 0.008 0.013 0.158 0.125 0.011 
 43  BAFF021    (0)    5 :  0.163 0.156 0.226 0.094 0.032 0.012 0.011 0.160 0.140 0.006 
 44  BAFF499    (0)    6 :  0.054 0.138 0.067 0.019 0.007 0.638 0.023 0.029 0.017 0.009 
 45  BAFF204    (0)    8 :  0.195 0.043 0.297 0.192 0.009 0.050 0.021 0.148 0.036 0.008 
 46  BAFF068    (0)   12 :  0.019 0.016 0.020 0.014 0.056 0.819 0.015 0.025 0.009 0.007 
 47  BAFF336    (0)   12 :  0.069 0.054 0.139 0.054 0.011 0.531 0.011 0.056 0.030 0.044 
 48  BAFF447    (0)    7 :  0.214 0.036 0.266 0.214 0.006 0.011 0.019 0.185 0.035 0.013 
 49  BAFF457    (0)    7 :  0.218 0.016 0.230 0.177 0.022 0.009 0.061 0.222 0.017 0.027 
 50  BAFF448    (0)    7 :  0.057 0.013 0.083 0.334 0.033 0.006 0.031 0.025 0.403 0.015 
 51  BAFF465    (0)    7 :  0.013 0.014 0.017 0.258 0.012 0.009 0.012 0.011 0.644 0.010 
 52  BAFF194    (0)    8 :  0.332 0.084 0.028 0.053 0.025 0.012 0.036 0.372 0.049 0.010 
 53  BAFF199    (0)    8 :  0.197 0.228 0.350 0.076 0.013 0.012 0.018 0.069 0.023 0.013 
 54  BAFF500    (0)    6 :  0.101 0.117 0.078 0.137 0.228 0.086 0.032 0.086 0.128 0.008 
 55  BAFF206    (0)    8 :  0.108 0.044 0.147 0.153 0.024 0.050 0.181 0.152 0.133 0.008 
 56  BAFF069    (0)   12 :  0.014 0.016 0.015 0.024 0.009 0.867 0.014 0.012 0.017 0.014 
 57  BAFF330    (0)   12 :  0.062 0.042 0.067 0.350 0.016 0.023 0.016 0.023 0.352 0.048 
 58  BAFF239    (0)   10 :  0.043 0.351 0.231 0.017 0.012 0.248 0.008 0.013 0.017 0.059 
 59  BAFF241    (0)   10 :  0.033 0.354 0.194 0.008 0.019 0.322 0.009 0.007 0.011 0.043 
 60  BAFF157    (0)   11 :  0.006 0.005 0.005 0.005 0.004 0.005 0.005 0.006 0.005 0.955 
 61  BAFF161    (0)   11 :  0.004 0.005 0.004 0.004 0.004 0.005 0.004 0.005 0.005 0.960 
 62  BAFF160    (0)   11 :  0.005 0.004 0.005 0.005 0.004 0.005 0.004 0.006 0.006 0.956 
 63  BAFF008    (0)   12 :  0.025 0.044 0.064 0.285 0.033 0.166 0.023 0.025 0.322 0.011 
 64  BAFF013    (0)   12 :  0.029 0.041 0.068 0.338 0.012 0.013 0.018 0.022 0.451 0.009 
 65  BAFF407    (0)   12 :  0.015 0.020 0.015 0.020 0.009 0.872 0.010 0.016 0.013 0.010 
 66  BAFF503    (0)    6 :  0.009 0.415 0.027 0.052 0.005 0.412 0.014 0.013 0.040 0.013 
 67  BAFF449    (0)    7 :  0.069 0.058 0.193 0.303 0.009 0.018 0.007 0.069 0.266 0.007 
 68  BAFF207    (0)    8 :  0.028 0.032 0.025 0.193 0.014 0.448 0.083 0.036 0.137 0.004 
 69  BAFF070    (0)   12 :  0.021 0.019 0.017 0.013 0.008 0.860 0.012 0.029 0.013 0.008 
 70  BAFF335    (0)   12 :  0.285 0.010 0.221 0.013 0.008 0.018 0.006 0.403 0.027 0.010 
 71  BAFF507    (0)    6 :  0.390 0.017 0.011 0.019 0.025 0.007 0.039 0.460 0.018 0.013 
 72  BAFF450    (0)    7 :  0.078 0.083 0.120 0.085 0.090 0.043 0.379 0.038 0.041 0.042 
 73  BAFF209    (7)    8 :  0.046 0.045 0.069 0.197 0.024 0.025 0.174 0.056 0.226 0.137 
 74  BAFF072    (0)   12 :  0.078 0.344 0.400 0.017 0.009 0.027 0.012 0.031 0.013 0.069 
 75  BAFF339    (0)   12 :  0.098 0.046 0.116 0.069 0.010 0.278 0.266 0.092 0.020 0.006 
 76  BAFF508    (0)    6 :  0.127 0.123 0.224 0.108 0.056 0.017 0.052 0.025 0.042 0.226 
 77  BAFF451    (0)    7 :  0.246 0.042 0.155 0.148 0.011 0.023 0.023 0.273 0.059 0.021 
 78  BAFF210    (0)    8 :  0.028 0.038 0.043 0.123 0.073 0.438 0.166 0.030 0.057 0.005 
 79  BAFF139    (0)   12 :  0.193 0.019 0.162 0.164 0.041 0.014 0.040 0.260 0.061 0.046 
 80  BAFF341    (0)   12 :  0.074 0.366 0.227 0.069 0.015 0.013 0.097 0.035 0.074 0.030 
 81  BAFF509    (0)    6 :  0.028 0.021 0.040 0.372 0.054 0.036 0.019 0.030 0.391 0.009 
 82  BAFF453    (0)    7 :  0.038 0.090 0.071 0.065 0.009 0.065 0.529 0.046 0.077 0.010 
 83  BAFF389    (0)    8 :  0.013 0.010 0.008 0.012 0.011 0.005 0.462 0.018 0.016 0.446 
 84  BAFF163    (0)   12 :  0.008 0.015 0.005 0.007 0.003 0.895 0.045 0.005 0.010 0.007 
 85  BAFF344    (7)   12 :  0.178 0.063 0.169 0.047 0.009 0.185 0.061 0.230 0.034 0.025 
 86  BAFF510    (0)    6 :  0.299 0.023 0.027 0.102 0.009 0.023 0.014 0.387 0.086 0.030 
 87  BAFF456    (0)    7 :  0.279 0.030 0.130 0.131 0.016 0.037 0.050 0.302 0.017 0.009 
 88  BAFF390    (0)    8 :  0.014 0.065 0.006 0.009 0.005 0.005 0.835 0.016 0.029 0.016 
 89  BAFF142    (0)   12 :  0.183 0.201 0.305 0.033 0.160 0.026 0.007 0.065 0.012 0.008 
 90  BAFF363    (7)   12 :  0.015 0.014 0.013 0.012 0.006 0.894 0.007 0.014 0.009 0.015 
 91  BAFF517    (0)    6 :  0.241 0.010 0.048 0.040 0.006 0.027 0.250 0.348 0.020 0.009 
 92  BAFF458    (0)    7 :  0.105 0.405 0.174 0.105 0.041 0.027 0.017 0.027 0.092 0.008 
 93  BAFF391    (0)    8 :  0.113 0.033 0.112 0.067 0.109 0.305 0.057 0.138 0.057 0.007 
 94  BAFF149    (0)   12 :  0.202 0.078 0.230 0.028 0.009 0.026 0.098 0.287 0.017 0.025 
 95  BAFF366    (7)   12 :  0.202 0.060 0.277 0.034 0.009 0.019 0.025 0.336 0.010 0.029 
 96  BAFF512    (0)    6 :  0.092 0.072 0.221 0.189 0.137 0.045 0.075 0.092 0.065 0.012 
 97  BAFF460    (0)    7 :  0.261 0.023 0.205 0.105 0.013 0.012 0.020 0.330 0.018 0.011 
 98  BAFF138    (0)   12 :  0.271 0.045 0.257 0.014 0.013 0.018 0.012 0.345 0.012 0.013 
 99  BAFF374    (0)   12 :  0.021 0.018 0.014 0.332 0.035 0.256 0.014 0.027 0.218 0.064 
100  BAFF015    (0)    1 :  0.009 0.052 0.013 0.009 0.872 0.009 0.010 0.010 0.011 0.005 
101  BAFF380    (0)    2 :  0.063 0.411 0.045 0.148 0.009 0.035 0.013 0.031 0.130 0.115 
102  BAFF216    (0)    3 :  0.188 0.364 0.051 0.072 0.032 0.027 0.055 0.112 0.084 0.015 
103  BAFF017    (0)    4 :  0.319 0.013 0.007 0.022 0.017 0.019 0.227 0.361 0.008 0.007 
104  BAFF245    (0)    4 :  0.123 0.153 0.160 0.111 0.115 0.026 0.056 0.123 0.124 0.008 
105  BAFF378    (7)   13 :  0.117 0.130 0.201 0.156 0.219 0.012 0.031 0.086 0.037 0.011 
106  BAFF023    (0)    5 :  0.094 0.085 0.307 0.229 0.026 0.024 0.070 0.055 0.102 0.008 
107  BAFF079    (0)    6 :  0.127 0.159 0.056 0.200 0.041 0.036 0.038 0.163 0.154 0.026 
108  BAFF435    (0)    6 :  0.157 0.088 0.430 0.219 0.008 0.017 0.017 0.037 0.018 0.010 
109  BAFF174    (7)    7 :  0.016 0.195 0.019 0.029 0.006 0.019 0.637 0.014 0.054 0.011 
110  BAFF226    (0)    7 :  0.220 0.017 0.267 0.153 0.012 0.009 0.038 0.253 0.017 0.014 
111  BAFF190    (0)    8 :  0.024 0.481 0.124 0.100 0.013 0.057 0.013 0.019 0.156 0.014 
112  BAFF243    (0)    9 :  0.244 0.046 0.079 0.098 0.078 0.007 0.106 0.213 0.045 0.085 
113  BAFF177    (0)   10 :  0.034 0.051 0.040 0.353 0.027 0.007 0.056 0.034 0.371 0.026 
114  BAFF364    (7)   11 :  0.067 0.140 0.131 0.080 0.012 0.026 0.036 0.031 0.067 0.411 
115  BAFF305    (0)   12 :  0.277 0.027 0.205 0.017 0.017 0.015 0.021 0.384 0.029 0.008 
116  BAFF513    (0)    6 :  0.035 0.286 0.042 0.238 0.043 0.019 0.039 0.035 0.251 0.010 
117  BAFF462    (0)    7 :  0.027 0.256 0.079 0.064 0.386 0.043 0.007 0.013 0.114 0.011 
118  BAFF143    (0)   12 :  0.207 0.037 0.190 0.101 0.008 0.062 0.018 0.271 0.062 0.044 
119  BAFF403    (0)   12 :  0.008 0.011 0.007 0.008 0.006 0.927 0.008 0.008 0.008 0.010 
120  BAFF514    (0)    6 :  0.025 0.180 0.040 0.286 0.007 0.149 0.012 0.023 0.271 0.007 
121  BAFF463    (0)    7 :  0.005 0.007 0.005 0.250 0.004 0.004 0.005 0.004 0.697 0.019 
122  BAFF137    (0)   12 :  0.093 0.130 0.307 0.181 0.010 0.008 0.007 0.134 0.123 0.008 
123  BAFF404    (0)   12 :  0.013 0.011 0.010 0.009 0.013 0.900 0.008 0.011 0.009 0.015 
124  BAFF515    (0)    6 :  0.163 0.039 0.095 0.225 0.022 0.040 0.049 0.168 0.184 0.015 
125  BAFF144    (0)   12 :  0.071 0.350 0.124 0.102 0.010 0.077 0.014 0.049 0.106 0.096 
126  BAFF405    (7)   12 :  0.259 0.058 0.187 0.043 0.024 0.016 0.008 0.354 0.036 0.015 
127  BAFF518    (0)    6 :  0.124 0.089 0.216 0.039 0.008 0.347 0.026 0.117 0.019 0.015 
128  BAFF467    (0)    7 :  0.159 0.289 0.160 0.122 0.014 0.028 0.042 0.104 0.074 0.008 
129  BAFF145    (0)   12 :  0.084 0.091 0.169 0.090 0.082 0.014 0.016 0.070 0.053 0.332 
130  BAFF406    (0)   12 :  0.051 0.033 0.058 0.097 0.007 0.388 0.010 0.047 0.053 0.256 
131  BAFF519    (0)    6 :  0.071 0.035 0.086 0.112 0.010 0.011 0.538 0.053 0.074 0.011 
132  BAFF471    (0)    7 :  0.152 0.207 0.110 0.088 0.056 0.021 0.026 0.187 0.141 0.012 
133  BAFF136    (0)   12 :  0.059 0.021 0.051 0.044 0.005 0.675 0.047 0.064 0.027 0.006 
134  BAFF520    (7)    6 :  0.114 0.271 0.188 0.131 0.027 0.054 0.043 0.081 0.084 0.008 
135  BAFF472    (0)    7 :  0.046 0.374 0.114 0.116 0.022 0.015 0.047 0.029 0.184 0.053 
136  BAFF165    (0)   12 :  0.244 0.086 0.196 0.056 0.048 0.042 0.014 0.281 0.025 0.007 
137  BAFF408    (0)   12 :  0.134 0.189 0.347 0.029 0.028 0.064 0.021 0.147 0.023 0.018 
138  BAFF522    (0)    6 :  0.028 0.377 0.036 0.185 0.026 0.052 0.021 0.026 0.241 0.009 
139  BAFF475    (0)    7 :  0.223 0.052 0.104 0.190 0.008 0.041 0.033 0.263 0.075 0.012 
140  BAFF140    (0)   12 :  0.218 0.023 0.140 0.130 0.014 0.026 0.027 0.260 0.122 0.041 
141  BAFF409    (0)   12 :  0.015 0.011 0.012 0.031 0.082 0.746 0.026 0.013 0.052 0.011 
142  BAFF523    (0)    6 :  0.039 0.301 0.099 0.168 0.014 0.009 0.017 0.031 0.276 0.047 
143  BAFF476    (0)    7 :  0.241 0.018 0.091 0.064 0.007 0.022 0.052 0.269 0.023 0.214 
144  BAFF147    (0)   12 :  0.115 0.126 0.260 0.101 0.014 0.153 0.009 0.163 0.051 0.008 
145  BAFF410    (0)   12 :  0.170 0.050 0.062 0.017 0.013 0.438 0.012 0.214 0.018 0.007 
146  BAFF477    (0)    7 :  0.229 0.032 0.230 0.151 0.082 0.006 0.023 0.218 0.022 0.008 
147  BAFF411    (0)   12 :  0.042 0.019 0.043 0.033 0.285 0.096 0.376 0.036 0.021 0.050 
148  BAFF486    (7)    7 :  0.160 0.023 0.488 0.253 0.008 0.005 0.015 0.036 0.007 0.005 
149  BAFF412    (7)   12 :  0.022 0.014 0.023 0.091 0.042 0.674 0.015 0.026 0.064 0.028 
150  BAFF258    (0)    1 :  0.047 0.304 0.087 0.103 0.192 0.025 0.015 0.026 0.151 0.051 
151  BAFF392    (0)    2 :  0.007 0.235 0.025 0.214 0.005 0.005 0.016 0.006 0.369 0.119 
152  BAFF217    (0)    3 :  0.089 0.064 0.098 0.051 0.009 0.018 0.552 0.066 0.034 0.019 
153  BAFF016    (0)    4 :  0.322 0.012 0.014 0.136 0.005 0.026 0.014 0.398 0.057 0.017 
154  BAFF246    (0)    4 :  0.188 0.022 0.027 0.198 0.009 0.023 0.159 0.226 0.109 0.039 
155  BAFF381    (0)   13 :  0.192 0.085 0.230 0.167 0.010 0.031 0.040 0.203 0.030 0.011 
156  BAFF078    (0)    6 :  0.068 0.382 0.388 0.012 0.005 0.027 0.014 0.007 0.008 0.090 
157  BAFF481    (0)    6 :  0.154 0.113 0.245 0.156 0.023 0.035 0.138 0.080 0.048 0.008 
158  BAFF436    (0)    7 :  0.136 0.184 0.037 0.137 0.067 0.043 0.058 0.105 0.194 0.039 
159  BAFF191    (0)    8 :  0.030 0.192 0.029 0.179 0.009 0.017 0.324 0.031 0.180 0.010 
160  BAFF382    (0)    9 :  0.088 0.042 0.227 0.236 0.006 0.047 0.060 0.043 0.208 0.043 
161  BAFF178    (0)   10 :  0.034 0.024 0.020 0.397 0.008 0.063 0.070 0.035 0.344 0.005 
162  BAFF159    (7)   11 :  0.388 0.012 0.030 0.018 0.008 0.012 0.006 0.502 0.011 0.013 
163  BAFF365    (7)   11 :  0.153 0.145 0.222 0.075 0.180 0.015 0.029 0.132 0.028 0.021 
164  BAFF007    (0)   12 :  0.212 0.073 0.201 0.109 0.036 0.023 0.087 0.173 0.052 0.034 
165  BAFF304    (7)   12 :  0.220 0.215 0.285 0.035 0.010 0.057 0.013 0.120 0.020 0.026 
166  BAFF487    (0)    7 :  0.048 0.389 0.147 0.147 0.019 0.024 0.052 0.023 0.119 0.033 
167  BAFF415    (0)   12 :  0.068 0.027 0.078 0.040 0.056 0.569 0.011 0.094 0.040 0.018 
168  BAFF488    (0)    7 :  0.059 0.111 0.057 0.035 0.573 0.015 0.041 0.068 0.029 0.011 
169  BAFF417    (0)   12 :  0.172 0.034 0.118 0.062 0.015 0.323 0.026 0.206 0.033 0.012 
170  BAFF489    (0)    7 :  0.143 0.129 0.317 0.109 0.007 0.037 0.014 0.131 0.083 0.029 
171  BAFF426    (0)   12 :  0.016 0.051 0.032 0.021 0.016 0.807 0.012 0.013 0.027 0.006 
172  BAFF490    (7)    7 :  0.185 0.044 0.230 0.213 0.019 0.011 0.012 0.168 0.064 0.053 
173  BAFF491    (0)    7 :  0.141 0.055 0.284 0.249 0.033 0.008 0.031 0.026 0.140 0.032 
174  BAFF492    (0)    7 :  0.156 0.069 0.453 0.224 0.007 0.012 0.029 0.027 0.016 0.007 
175  BAFF493    (0)    7 :  0.031 0.243 0.057 0.066 0.414 0.030 0.024 0.022 0.101 0.011 
176  BAFF506    (0)    7 :  0.031 0.481 0.196 0.079 0.083 0.014 0.026 0.013 0.070 0.007 
177  BAFF393    (0)    2 :  0.209 0.049 0.261 0.144 0.020 0.011 0.023 0.114 0.025 0.144 
178  BAFF218    (0)    3 :  0.128 0.066 0.106 0.137 0.042 0.024 0.219 0.121 0.143 0.015 
179  BAFF254    (0)    4 :  0.154 0.098 0.389 0.082 0.024 0.012 0.011 0.055 0.016 0.158 
180  BAFF385    (0)   13 :  0.040 0.452 0.150 0.099 0.021 0.027 0.031 0.022 0.148 0.011 
181  BAFF076    (0)    6 :  0.008 0.012 0.008 0.379 0.008 0.011 0.012 0.008 0.538 0.015 
182  BAFF482    (0)    6 :  0.176 0.064 0.153 0.196 0.009 0.069 0.014 0.179 0.130 0.010 
183  BAFF437    (0)    7 :  0.260 0.026 0.171 0.086 0.021 0.010 0.014 0.375 0.031 0.005 
184  BAFF192    (0)    8 :  0.056 0.047 0.050 0.281 0.016 0.014 0.043 0.048 0.324 0.121 
185  BAFF383    (0)    9 :  0.064 0.016 0.040 0.023 0.689 0.011 0.017 0.094 0.040 0.005 
186  BAFF180    (0)   10 :  0.056 0.057 0.033 0.188 0.009 0.123 0.303 0.052 0.173 0.007 
187  BAFF048    (7)   12 :  0.065 0.497 0.014 0.037 0.045 0.010 0.005 0.031 0.106 0.190 
188  BAFF306    (0)   12 :  0.252 0.021 0.155 0.065 0.009 0.027 0.073 0.330 0.053 0.015 
189  BAFF394    (0)    2 :  0.166 0.076 0.082 0.136 0.049 0.018 0.085 0.190 0.084 0.113 
190  BAFF219    (0)    3 :  0.256 0.129 0.150 0.097 0.007 0.010 0.038 0.261 0.039 0.013 
191  BAFF388    (0)    4 :  0.022 0.127 0.034 0.181 0.183 0.309 0.013 0.017 0.104 0.010 
192  BAFF386    (7)   13 :  0.040 0.291 0.068 0.204 0.016 0.011 0.015 0.028 0.294 0.032 
193  BAFF084    (0)    6 :  0.111 0.080 0.262 0.109 0.011 0.011 0.013 0.056 0.018 0.328 
194  BAFF483    (0)    6 :  0.063 0.036 0.071 0.351 0.029 0.094 0.048 0.073 0.226 0.008 
195  BAFF438   (15)    7 :  0.176 0.192 0.268 0.111 0.015 0.025 0.023 0.067 0.057 0.066 
196  BAFF193    (0)    8 :  0.082 0.059 0.181 0.155 0.343 0.018 0.058 0.022 0.070 0.013 
197  BAFF183    (0)   10 :  0.167 0.591 0.045 0.014 0.042 0.021 0.020 0.062 0.028 0.011 
198  BAFF153    (0)   12 :  0.249 0.043 0.268 0.016 0.008 0.013 0.006 0.378 0.011 0.009 
199  BAFF307    (0)   12 :  0.248 0.058 0.245 0.076 0.010 0.017 0.017 0.241 0.044 0.044 
200  BAFF397    (0)    2 :  0.261 0.011 0.193 0.136 0.007 0.010 0.043 0.321 0.006 0.011 
201  BAFF220    (0)    3 :  0.010 0.019 0.009 0.197 0.010 0.011 0.005 0.014 0.590 0.135 
202  BAFF095    (0)    6 :  0.015 0.060 0.020 0.409 0.036 0.016 0.021 0.017 0.398 0.007 
203  BAFF494    (0)    6 :  0.042 0.028 0.050 0.269 0.006 0.024 0.023 0.044 0.499 0.015 
204  BAFF439    (0)    7 :  0.107 0.160 0.254 0.085 0.009 0.196 0.112 0.036 0.034 0.007 
205  BAFF182    (0)   10 :  0.041 0.093 0.037 0.202 0.030 0.114 0.023 0.036 0.367 0.058 
206  BAFF054    (0)   12 :  0.008 0.009 0.013 0.008 0.006 0.924 0.007 0.010 0.007 0.009 
207  BAFF308    (0)   12 :  0.142 0.157 0.376 0.039 0.016 0.016 0.009 0.208 0.023 0.014 
208  BAFF266    (0)    1 :  0.147 0.101 0.153 0.114 0.165 0.046 0.012 0.163 0.027 0.071 
209  BAFF398    (7)    2 :  0.007 0.026 0.010 0.260 0.010 0.005 0.005 0.006 0.666 0.006 
210  BAFF221    (0)    3 :  0.010 0.050 0.043 0.026 0.271 0.024 0.006 0.010 0.041 0.518 
211  BAFF090    (0)    6 :  0.030 0.686 0.083 0.021 0.011 0.056 0.015 0.022 0.044 0.032 
212  BAFF495    (0)    6 :  0.082 0.025 0.024 0.029 0.008 0.014 0.696 0.096 0.018 0.007 
213  BAFF459    (0)    7 :  0.334 0.040 0.038 0.046 0.007 0.012 0.030 0.375 0.034 0.084 
214  BAFF197    (0)    8 :  0.161 0.085 0.190 0.073 0.013 0.074 0.121 0.243 0.026 0.014 
215  BAFF188    (0)   10 :  0.148 0.223 0.284 0.021 0.012 0.031 0.017 0.177 0.019 0.066 
216  BAFF051    (0)   12 :  0.067 0.222 0.098 0.109 0.025 0.321 0.023 0.070 0.052 0.012 
217  BAFF309    (0)   12 :  0.164 0.049 0.359 0.232 0.009 0.012 0.026 0.063 0.076 0.011 
218  BAFF269    (0)    1 :  0.136 0.078 0.185 0.108 0.045 0.009 0.115 0.228 0.088 0.007 
219  BAFF077    (0)    6 :  0.398 0.009 0.006 0.005 0.007 0.010 0.013 0.516 0.005 0.031 
220  BAFF496    (0)    6 :  0.011 0.013 0.019 0.015 0.012 0.008 0.892 0.014 0.011 0.004 
221  BAFF443    (0)    7 :  0.168 0.176 0.168 0.116 0.042 0.110 0.028 0.126 0.059 0.008 
222  BAFF198    (0)    8 :  0.039 0.390 0.053 0.135 0.007 0.026 0.106 0.032 0.200 0.011 
223  BAFF053    (0)   12 :  0.141 0.224 0.344 0.020 0.017 0.025 0.034 0.178 0.009 0.009 
224  BAFF310    (0)   12 :  0.135 0.019 0.058 0.017 0.007 0.566 0.025 0.148 0.012 0.014 
225  BAFF282    (0)    1 :  0.070 0.032 0.025 0.039 0.682 0.015 0.031 0.058 0.037 0.010 
226  BAFF497    (0)    6 :  0.359 0.087 0.028 0.037 0.010 0.015 0.036 0.402 0.017 0.008 
227  BAFF466    (0)    7 :  0.127 0.319 0.121 0.080 0.013 0.033 0.020 0.092 0.098 0.098 
228  BAFF200    (7)    8 :  0.052 0.094 0.106 0.392 0.012 0.044 0.018 0.032 0.225 0.024 
229  BAFF240    (0)   10 :  0.040 0.146 0.130 0.045 0.013 0.010 0.011 0.016 0.058 0.530 
230  BAFF055    (0)   12 :  0.041 0.024 0.058 0.027 0.014 0.737 0.009 0.058 0.024 0.008 
231  BAFF311    (7)   12 :  0.020 0.009 0.027 0.337 0.037 0.008 0.007 0.019 0.466 0.069 


Estimated Allele Frequencies in each cluster
First column gives estimated ancestral frequencies


Locus 1 : btern01 
9 alleles
0.0% missing data
   1   (0.143) 0.188 0.113 0.153 0.151 0.120 0.035 0.162 0.198 0.117 0.047 
   2   (0.017) 0.007 0.006 0.006 0.007 0.029 0.004 0.003 0.007 0.005 0.003 
   3   (0.162) 0.227 0.116 0.180 0.172 0.061 0.086 0.204 0.247 0.184 0.169 
   4   (0.212) 0.156 0.201 0.220 0.220 0.201 0.175 0.345 0.139 0.193 0.268 
   5   (0.280) 0.312 0.417 0.340 0.207 0.444 0.334 0.098 0.293 0.140 0.378 
   6   (0.078) 0.063 0.074 0.058 0.056 0.034 0.336 0.055 0.069 0.043 0.018 
   7   (0.054) 0.016 0.035 0.018 0.140 0.086 0.020 0.012 0.015 0.261 0.105 
   8   (0.015) 0.005 0.004 0.005 0.005 0.017 0.002 0.034 0.006 0.004 0.002 
   9   (0.040) 0.027 0.035 0.019 0.042 0.007 0.007 0.087 0.025 0.053 0.010 

Locus 2 : bt28 
5 alleles
0.0% missing data
   1   (0.670) 0.728 0.558 0.721 0.647 0.769 0.714 0.772 0.740 0.545 0.673 
   2   (0.151) 0.101 0.204 0.134 0.158 0.175 0.098 0.153 0.085 0.157 0.045 
   3   (0.144) 0.099 0.229 0.130 0.182 0.037 0.183 0.066 0.086 0.290 0.274 
   4   (0.023) 0.068 0.006 0.013 0.010 0.006 0.004 0.006 0.086 0.005 0.008 
   5   (0.012) 0.004 0.002 0.003 0.003 0.013 0.002 0.002 0.003 0.003 0.001 

Locus 3 : b96 
8 alleles
0.9% missing data
   1   (0.330) 0.351 0.298 0.365 0.367 0.363 0.320 0.184 0.393 0.354 0.230 
   2   (0.483) 0.496 0.622 0.502 0.509 0.418 0.500 0.773 0.438 0.522 0.555 
   3   (0.045) 0.054 0.016 0.049 0.037 0.011 0.053 0.013 0.055 0.031 0.039 
   4   (0.015) 0.004 0.004 0.004 0.004 0.004 0.003 0.002 0.005 0.003 0.138 
   5   (0.051) 0.046 0.024 0.029 0.041 0.027 0.032 0.011 0.056 0.050 0.009 
   6   (0.026) 0.010 0.005 0.008 0.022 0.099 0.005 0.004 0.011 0.027 0.007 
   7   (0.038) 0.034 0.028 0.040 0.017 0.076 0.007 0.010 0.040 0.011 0.021 
   8   (0.013) 0.003 0.003 0.003 0.004 0.003 0.081 0.002 0.003 0.003 0.002 

Locus 4 : bt30 
12 alleles
0.9% missing data
   1   (0.118) 0.080 0.149 0.087 0.138 0.291 0.108 0.027 0.077 0.185 0.023 
   2   (0.289) 0.288 0.300 0.358 0.323 0.277 0.302 0.421 0.253 0.296 0.112 
   3   (0.072) 0.130 0.039 0.144 0.101 0.019 0.023 0.085 0.110 0.038 0.044 
   4   (0.186) 0.218 0.353 0.178 0.153 0.100 0.226 0.115 0.216 0.166 0.093 
   5   (0.014) 0.004 0.005 0.004 0.014 0.003 0.003 0.003 0.004 0.012 0.002 
   6   (0.105) 0.099 0.051 0.053 0.163 0.115 0.054 0.076 0.119 0.217 0.033 
   7   (0.032) 0.020 0.042 0.036 0.015 0.021 0.017 0.012 0.020 0.012 0.014 
   8   (0.051) 0.038 0.016 0.045 0.023 0.047 0.070 0.010 0.051 0.012 0.100 
   9   (0.095) 0.109 0.033 0.073 0.044 0.050 0.188 0.230 0.136 0.043 0.576 
  10   (0.013) 0.003 0.002 0.002 0.003 0.072 0.002 0.004 0.003 0.002 0.001 
  11   (0.016) 0.008 0.006 0.015 0.020 0.003 0.004 0.004 0.009 0.015 0.002 
  12   (0.011) 0.004 0.003 0.004 0.003 0.002 0.002 0.013 0.003 0.002 0.002 

Locus 5 : btms0081 
3 alleles
0.9% missing data
   1   (0.496) 0.528 0.439 0.482 0.593 0.595 0.307 0.246 0.513 0.670 0.816 
   2   (0.352) 0.354 0.385 0.371 0.295 0.211 0.491 0.531 0.383 0.229 0.149 
   3   (0.152) 0.118 0.176 0.147 0.111 0.194 0.203 0.223 0.104 0.101 0.035 

Locus 6 : btms0066 
24 alleles
0.0% missing data
   1   (0.250) 0.249 0.295 0.316 0.308 0.381 0.397 0.247 0.252 0.336 0.083 
   2   (0.016) 0.004 0.004 0.004 0.004 0.054 0.003 0.038 0.004 0.003 0.002 
   3   (0.034) 0.065 0.024 0.047 0.021 0.006 0.009 0.013 0.080 0.022 0.007 
   4   (0.156) 0.206 0.248 0.154 0.197 0.056 0.125 0.383 0.197 0.155 0.027 
   5   (0.091) 0.153 0.104 0.177 0.098 0.022 0.090 0.067 0.139 0.061 0.019 
   6   (0.050) 0.025 0.041 0.033 0.114 0.010 0.015 0.025 0.026 0.187 0.225 
   7   (0.018) 0.005 0.004 0.006 0.036 0.016 0.003 0.003 0.004 0.053 0.002 
   8   (0.060) 0.073 0.025 0.035 0.031 0.083 0.037 0.040 0.084 0.020 0.021 
   9   (0.024) 0.012 0.035 0.036 0.010 0.004 0.006 0.004 0.007 0.008 0.375 
  10   (0.028) 0.018 0.013 0.027 0.019 0.158 0.005 0.006 0.013 0.008 0.019 
  11   (0.021) 0.007 0.006 0.005 0.007 0.151 0.014 0.023 0.006 0.008 0.004 
  12   (0.042) 0.080 0.026 0.025 0.020 0.008 0.016 0.099 0.087 0.009 0.007 
  13   (0.025) 0.015 0.022 0.021 0.023 0.005 0.014 0.006 0.008 0.034 0.010 
  14   (0.020) 0.005 0.008 0.006 0.005 0.004 0.050 0.003 0.005 0.005 0.091 
  15   (0.021) 0.022 0.007 0.025 0.016 0.004 0.003 0.009 0.028 0.006 0.003 
  16   (0.030) 0.012 0.049 0.010 0.021 0.006 0.092 0.010 0.009 0.024 0.023 
  17   (0.018) 0.010 0.045 0.031 0.008 0.008 0.028 0.004 0.007 0.009 0.059 
  18   (0.014) 0.003 0.003 0.003 0.003 0.002 0.036 0.002 0.003 0.002 0.001 
  19   (0.015) 0.011 0.007 0.017 0.006 0.002 0.003 0.002 0.015 0.004 0.002 
  20   (0.020) 0.011 0.007 0.007 0.027 0.006 0.013 0.008 0.013 0.016 0.007 
  21   (0.017) 0.005 0.015 0.006 0.015 0.005 0.004 0.003 0.004 0.019 0.006 
  22   (0.012) 0.003 0.007 0.004 0.005 0.002 0.002 0.002 0.003 0.006 0.002 
  23   (0.010) 0.002 0.002 0.003 0.002 0.002 0.034 0.001 0.002 0.002 0.001 
  24   (0.010) 0.004 0.003 0.004 0.004 0.004 0.002 0.002 0.005 0.002 0.003 

Locus 7 : btms0083 
31 alleles
3.0% missing data
   1   (0.016) 0.004 0.003 0.003 0.004 0.243 0.002 0.002 0.004 0.005 0.016 
   2   (0.024) 0.020 0.014 0.034 0.008 0.107 0.004 0.004 0.014 0.005 0.005 
   3   (0.036) 0.020 0.013 0.016 0.038 0.007 0.012 0.007 0.022 0.064 0.176 
   4   (0.038) 0.022 0.051 0.037 0.037 0.059 0.010 0.013 0.018 0.049 0.022 
   5   (0.194) 0.195 0.232 0.219 0.311 0.234 0.268 0.165 0.180 0.342 0.080 
   6   (0.018) 0.010 0.045 0.009 0.015 0.004 0.004 0.004 0.005 0.013 0.004 
   7   (0.055) 0.074 0.162 0.154 0.046 0.014 0.128 0.013 0.043 0.022 0.028 
   8   (0.039) 0.060 0.038 0.083 0.027 0.017 0.015 0.012 0.080 0.013 0.007 
   9   (0.037) 0.032 0.039 0.028 0.043 0.008 0.007 0.029 0.028 0.040 0.008 
  10   (0.028) 0.013 0.010 0.011 0.077 0.008 0.020 0.007 0.014 0.073 0.006 
  11   (0.062) 0.081 0.065 0.060 0.050 0.015 0.011 0.076 0.079 0.035 0.499 
  12   (0.016) 0.006 0.009 0.006 0.008 0.041 0.004 0.010 0.005 0.008 0.002 
  13   (0.054) 0.091 0.027 0.040 0.045 0.011 0.075 0.039 0.113 0.033 0.016 
  14   (0.036) 0.089 0.036 0.067 0.048 0.007 0.007 0.009 0.079 0.015 0.006 
  15   (0.030) 0.048 0.010 0.010 0.019 0.017 0.007 0.031 0.052 0.017 0.006 
  16   (0.023) 0.011 0.055 0.019 0.028 0.032 0.005 0.009 0.009 0.040 0.014 
  17   (0.025) 0.009 0.015 0.009 0.015 0.036 0.005 0.407 0.011 0.017 0.016 
  18   (0.057) 0.032 0.064 0.050 0.039 0.038 0.122 0.029 0.031 0.036 0.011 
  19   (0.018) 0.007 0.008 0.006 0.006 0.007 0.126 0.010 0.006 0.004 0.003 
  20   (0.024) 0.053 0.006 0.034 0.010 0.004 0.055 0.004 0.064 0.007 0.004 
  21   (0.010) 0.003 0.002 0.002 0.002 0.035 0.002 0.002 0.002 0.002 0.001 
  22   (0.012) 0.003 0.002 0.003 0.003 0.014 0.003 0.026 0.003 0.002 0.002 
  23   (0.016) 0.008 0.005 0.009 0.008 0.013 0.003 0.011 0.012 0.005 0.003 
  24   (0.009) 0.002 0.002 0.002 0.002 0.003 0.015 0.002 0.002 0.002 0.001 
  25   (0.029) 0.024 0.007 0.027 0.069 0.005 0.006 0.007 0.024 0.117 0.005 
  26   (0.013) 0.046 0.003 0.003 0.004 0.002 0.002 0.008 0.059 0.003 0.002 
  27   (0.030) 0.016 0.039 0.023 0.013 0.005 0.036 0.046 0.016 0.010 0.005 
  28   (0.019) 0.010 0.019 0.016 0.010 0.005 0.004 0.013 0.005 0.009 0.049 
  29   (0.016) 0.006 0.012 0.009 0.008 0.006 0.003 0.004 0.005 0.006 0.003 
  30   (0.011) 0.004 0.004 0.006 0.004 0.002 0.039 0.002 0.005 0.003 0.001 
  31   (0.007) 0.003 0.003 0.004 0.003 0.002 0.001 0.003 0.005 0.002 0.001 

Locus 8 : b126 
16 alleles
0.0% missing data
   1   (0.043) 0.031 0.013 0.023 0.048 0.045 0.014 0.009 0.036 0.058 0.011 
   2   (0.051) 0.041 0.027 0.043 0.031 0.141 0.009 0.075 0.045 0.025 0.011 
   3   (0.308) 0.291 0.456 0.430 0.306 0.171 0.383 0.496 0.258 0.264 0.665 
   4   (0.030) 0.052 0.016 0.014 0.019 0.008 0.007 0.034 0.056 0.020 0.004 
   5   (0.074) 0.048 0.109 0.095 0.129 0.021 0.048 0.059 0.036 0.124 0.015 
   6   (0.067) 0.135 0.040 0.087 0.042 0.014 0.153 0.020 0.157 0.026 0.009 
   7   (0.111) 0.137 0.080 0.091 0.160 0.022 0.152 0.038 0.151 0.153 0.200 
   8   (0.030) 0.033 0.008 0.010 0.012 0.007 0.082 0.014 0.043 0.009 0.005 
   9   (0.011) 0.002 0.002 0.002 0.026 0.002 0.002 0.002 0.002 0.040 0.001 
  10   (0.036) 0.012 0.091 0.015 0.042 0.026 0.038 0.012 0.012 0.056 0.011 
  11   (0.092) 0.117 0.107 0.090 0.062 0.421 0.022 0.035 0.099 0.049 0.039 
  12   (0.030) 0.027 0.012 0.040 0.014 0.023 0.032 0.006 0.019 0.007 0.003 
  13   (0.063) 0.033 0.020 0.034 0.062 0.090 0.049 0.168 0.039 0.113 0.009 
  14   (0.024) 0.027 0.008 0.007 0.018 0.005 0.005 0.026 0.032 0.012 0.004 
  15   (0.015) 0.007 0.006 0.014 0.014 0.003 0.003 0.004 0.008 0.011 0.002 
  16   (0.015) 0.006 0.004 0.005 0.015 0.003 0.003 0.003 0.007 0.035 0.012 

Locus 9 : btms0062 
34 alleles
0.0% missing data
   1   (0.031) 0.014 0.087 0.019 0.022 0.081 0.009 0.006 0.009 0.025 0.017 
   2   (0.045) 0.041 0.030 0.022 0.045 0.105 0.013 0.260 0.047 0.043 0.029 
   3   (0.080) 0.140 0.085 0.150 0.065 0.083 0.055 0.079 0.151 0.042 0.025 
   4   (0.105) 0.104 0.084 0.081 0.198 0.056 0.207 0.026 0.115 0.201 0.227 
   5   (0.046) 0.086 0.056 0.159 0.090 0.015 0.011 0.011 0.044 0.040 0.045 
   6   (0.023) 0.030 0.009 0.026 0.021 0.006 0.005 0.021 0.026 0.020 0.010 
   7   (0.011) 0.007 0.003 0.011 0.008 0.002 0.002 0.003 0.006 0.005 0.001 
   8   (0.024) 0.044 0.010 0.031 0.020 0.006 0.005 0.013 0.054 0.007 0.003 
   9   (0.044) 0.088 0.020 0.034 0.042 0.020 0.023 0.020 0.099 0.027 0.033 
  10   (0.055) 0.043 0.053 0.053 0.071 0.044 0.063 0.018 0.044 0.058 0.012 
  11   (0.059) 0.051 0.110 0.050 0.092 0.014 0.032 0.017 0.043 0.178 0.401 
  12   (0.041) 0.023 0.055 0.021 0.045 0.008 0.029 0.324 0.026 0.054 0.013 
  13   (0.048) 0.045 0.030 0.031 0.079 0.027 0.019 0.010 0.050 0.124 0.014 
  14   (0.044) 0.059 0.032 0.028 0.021 0.011 0.292 0.011 0.060 0.019 0.008 
  15   (0.016) 0.025 0.034 0.059 0.008 0.003 0.004 0.003 0.038 0.005 0.003 
  16   (0.025) 0.011 0.016 0.018 0.007 0.005 0.010 0.005 0.009 0.005 0.086 
  17   (0.022) 0.006 0.007 0.006 0.011 0.162 0.004 0.019 0.006 0.010 0.003 
  18   (0.013) 0.003 0.004 0.004 0.015 0.003 0.002 0.004 0.004 0.024 0.009 
  19   (0.046) 0.029 0.025 0.023 0.024 0.088 0.099 0.063 0.030 0.019 0.006 
  20   (0.009) 0.002 0.002 0.002 0.002 0.037 0.001 0.001 0.002 0.002 0.001 
  21   (0.036) 0.035 0.011 0.022 0.029 0.045 0.007 0.038 0.034 0.025 0.006 
  22   (0.020) 0.012 0.011 0.015 0.005 0.110 0.004 0.003 0.009 0.004 0.002 
  23   (0.009) 0.003 0.002 0.004 0.004 0.029 0.002 0.002 0.002 0.003 0.001 
  24   (0.023) 0.027 0.006 0.020 0.019 0.005 0.010 0.008 0.026 0.006 0.004 
  25   (0.010) 0.006 0.005 0.006 0.006 0.011 0.002 0.002 0.005 0.004 0.001 
  26   (0.023) 0.012 0.148 0.031 0.013 0.007 0.023 0.005 0.006 0.020 0.010 
  27   (0.018) 0.013 0.042 0.039 0.010 0.003 0.005 0.003 0.007 0.010 0.009 
  28   (0.011) 0.013 0.002 0.009 0.002 0.002 0.002 0.002 0.015 0.002 0.001 
  29   (0.013) 0.006 0.006 0.008 0.005 0.004 0.003 0.010 0.003 0.003 0.010 
  30   (0.011) 0.002 0.002 0.002 0.002 0.002 0.033 0.004 0.002 0.002 0.001 
  31   (0.009) 0.008 0.003 0.008 0.006 0.002 0.002 0.002 0.011 0.002 0.001 
  32   (0.010) 0.003 0.003 0.003 0.007 0.002 0.002 0.002 0.003 0.007 0.004 
  33   (0.009) 0.004 0.003 0.004 0.003 0.002 0.001 0.003 0.005 0.003 0.001 
  34   (0.011) 0.006 0.002 0.004 0.002 0.002 0.021 0.003 0.007 0.003 0.002 

Locus 10 : btern02 
25 alleles
4.8% missing data
   1   (0.093) 0.163 0.154 0.068 0.063 0.135 0.034 0.097 0.185 0.067 0.314 
   2   (0.010) 0.002 0.002 0.002 0.002 0.017 0.002 0.002 0.002 0.002 0.001 
   3   (0.082) 0.112 0.042 0.107 0.143 0.026 0.025 0.131 0.110 0.112 0.031 
   4   (0.052) 0.031 0.043 0.025 0.104 0.014 0.099 0.080 0.030 0.159 0.008 
   5   (0.031) 0.018 0.011 0.021 0.039 0.011 0.007 0.018 0.015 0.038 0.035 
   6   (0.044) 0.048 0.101 0.101 0.041 0.015 0.021 0.018 0.028 0.029 0.060 
   7   (0.028) 0.015 0.012 0.019 0.030 0.005 0.151 0.010 0.016 0.022 0.004 
   8   (0.036) 0.034 0.031 0.032 0.022 0.112 0.006 0.011 0.028 0.014 0.014 
   9   (0.072) 0.099 0.120 0.123 0.082 0.054 0.037 0.040 0.098 0.101 0.020 
  10   (0.029) 0.032 0.013 0.068 0.047 0.006 0.005 0.133 0.023 0.019 0.006 
  11   (0.064) 0.083 0.048 0.085 0.046 0.017 0.061 0.100 0.093 0.028 0.014 
  12   (0.035) 0.017 0.019 0.019 0.015 0.147 0.006 0.113 0.016 0.011 0.016 
  13   (0.050) 0.040 0.034 0.021 0.050 0.058 0.059 0.020 0.039 0.070 0.024 
  14   (0.052) 0.041 0.048 0.023 0.033 0.180 0.129 0.029 0.045 0.029 0.021 
  15   (0.009) 0.002 0.002 0.002 0.002 0.002 0.001 0.001 0.002 0.002 0.264 
  16   (0.047) 0.058 0.025 0.040 0.031 0.052 0.051 0.019 0.064 0.016 0.010 
  17   (0.028) 0.021 0.040 0.022 0.025 0.006 0.042 0.010 0.021 0.025 0.013 
  18   (0.050) 0.052 0.036 0.028 0.050 0.012 0.171 0.054 0.060 0.034 0.009 
  19   (0.033) 0.024 0.120 0.080 0.032 0.006 0.007 0.017 0.019 0.049 0.037 
  20   (0.039) 0.037 0.018 0.028 0.060 0.050 0.008 0.014 0.041 0.101 0.006 
  21   (0.026) 0.020 0.009 0.015 0.012 0.034 0.010 0.039 0.020 0.007 0.004 
  22   (0.014) 0.005 0.003 0.005 0.004 0.011 0.007 0.017 0.005 0.004 0.002 
  23   (0.030) 0.020 0.037 0.024 0.030 0.019 0.006 0.015 0.022 0.033 0.011 
  24   (0.031) 0.024 0.023 0.036 0.026 0.006 0.048 0.007 0.012 0.016 0.070 
  25   (0.014) 0.004 0.010 0.004 0.011 0.003 0.005 0.005 0.004 0.012 0.002 

Locus 11 : btms0086 
3 alleles
0.0% missing data
   1   (0.841) 0.890 0.898 0.865 0.768 0.777 0.921 0.798 0.904 0.723 0.975 
   2   (0.137) 0.088 0.093 0.106 0.225 0.209 0.072 0.196 0.076 0.273 0.022 
   3   (0.022) 0.022 0.009 0.028 0.007 0.014 0.007 0.006 0.020 0.004 0.003 

Locus 12 : bl13 
3 alleles
0.0% missing data
   1   (0.071) 0.026 0.035 0.032 0.049 0.241 0.355 0.028 0.027 0.032 0.013 
   2   (0.833) 0.857 0.924 0.877 0.842 0.741 0.585 0.950 0.847 0.877 0.625 
   3   (0.096) 0.117 0.041 0.090 0.108 0.018 0.060 0.022 0.126 0.091 0.362 

Locus 13 : btms0059 
9 alleles
0.0% missing data
   1   (0.344) 0.411 0.405 0.409 0.333 0.354 0.292 0.156 0.415 0.322 0.477 
   2   (0.109) 0.179 0.111 0.074 0.071 0.109 0.019 0.243 0.198 0.046 0.305 
   3   (0.065) 0.043 0.032 0.046 0.037 0.133 0.116 0.029 0.049 0.029 0.017 
   4   (0.054) 0.029 0.026 0.037 0.084 0.042 0.021 0.020 0.030 0.091 0.008 
   5   (0.079) 0.083 0.070 0.117 0.078 0.035 0.042 0.057 0.081 0.037 0.022 
   6   (0.299) 0.208 0.320 0.285 0.376 0.315 0.502 0.472 0.180 0.458 0.159 
   7   (0.015) 0.027 0.003 0.004 0.005 0.003 0.002 0.017 0.030 0.003 0.006 
   8   (0.023) 0.014 0.021 0.024 0.013 0.006 0.004 0.004 0.013 0.011 0.004 
   9   (0.011) 0.005 0.012 0.003 0.002 0.003 0.002 0.002 0.003 0.002 0.001 

Values of parameters used in structure:
