

----------------------------------------------------
STRUCTURE by Pritchard, Stephens and Donnelly (2000)
     and Falush, Stephens and Pritchard (2003)
       Code by Pritchard, Falush and Hubisz
             Version 2.3.4 (Jul 2012)
----------------------------------------------------



Command line arguments:   bin/structure -m "/Users/johnmola/Desktop/rpbbfeb27/rpbbstructure/rpbb20k100k/mainparams" -e "/Users/johnmola/Desktop/rpbbfeb27/rpbbstructure/rpbb20k100k/extraparams" 
Input File:    /Users/johnmola/Desktop/rpbbfeb27/rpbbstructure/project_data

Run parameters:
   231 individuals
   13 loci
   8 populations assumed
   20000 Burn-in period
   100000 Reps


--------------------------------------------
Proportion of membership of each pre-defined
 population in each of the 8 clusters

Given    Inferred Clusters                                          Number of
 Pop       1      2      3      4      5      6      7      8      Individuals

  1:     0.046  0.746  0.036  0.063  0.032  0.015  0.049  0.014       21
  2:     0.082  0.020  0.091  0.184  0.267  0.174  0.168  0.015        7
  3:     0.177  0.076  0.060  0.187  0.200  0.071  0.199  0.030        7
  4:     0.236  0.055  0.141  0.195  0.059  0.115  0.135  0.064        8
  5:     0.128  0.048  0.291  0.231  0.068  0.016  0.193  0.026        4
  6:     0.152  0.035  0.067  0.175  0.215  0.082  0.183  0.092       35
  7:     0.108  0.065  0.096  0.237  0.170  0.050  0.241  0.033       40
  8:     0.218  0.050  0.102  0.142  0.160  0.071  0.160  0.097       19
  9:     0.248  0.243  0.066  0.171  0.060  0.039  0.141  0.031        4
 10:     0.122  0.029  0.151  0.048  0.212  0.112  0.121  0.205       11
 11:     0.026  0.137  0.050  0.127  0.017  0.579  0.051  0.013        8
 12:     0.036  0.038  0.306  0.080  0.082  0.072  0.080  0.307       60
 13:     0.404  0.044  0.067  0.106  0.124  0.024  0.208  0.023        7
--------------------------------------------

Allele-freq. divergence among pops (Net nucleotide distance),
computed using point estimates of P.

      1       2       3       4       5       6       7       8      
 1      -    0.0464  0.0355  0.0202  0.0382  0.0481  0.0217  0.0426  
 2   0.0464     -    0.0333  0.0283  0.0380  0.0553  0.0275  0.0437  
 3   0.0355  0.0333     -    0.0154  0.0355  0.0361  0.0181  0.0318  
 4   0.0202  0.0283  0.0154     -    0.0245  0.0303  0.0058  0.0330  
 5   0.0382  0.0380  0.0355  0.0245     -    0.0468  0.0202  0.0434  
 6   0.0481  0.0553  0.0361  0.0303  0.0468     -    0.0299  0.0529  
 7   0.0217  0.0275  0.0181  0.0058  0.0202  0.0299     -    0.0307  
 8   0.0426  0.0437  0.0318  0.0330  0.0434  0.0529  0.0307     -    

Average distances (expected heterozygosity) between individuals in same cluster:
cluster  1  : 0.6606 
cluster  2  : 0.6849 
cluster  3  : 0.6742 
cluster  4  : 0.6899 
cluster  5  : 0.6834 
cluster  6  : 0.6421 
cluster  7  : 0.6783 
cluster  8  : 0.6746 

--------------------------------------------
Estimated Ln Prob of Data   = -10323.2
Mean value of ln likelihood = -9318.5
Variance of ln likelihood   = 2009.6
Mean value of alpha         = 0.0536

Mean value of Fst_1         = 0.1021
Mean value of Fst_2         = 0.0896
Mean value of Fst_3         = 0.0600
Mean value of Fst_4         = 0.0554
Mean value of Fst_5         = 0.0853
Mean value of Fst_6         = 0.1626
Mean value of Fst_7         = 0.0659
Mean value of Fst_8         = 0.0996


Inferred ancestry of individuals:
        Label (%Miss) Pop:  Inferred clusters
  1  BAFF014    (0)    1 :  0.017 0.900 0.010 0.024 0.011 0.008 0.024 0.006 
  2  BAFF379    (0)    2 :  0.096 0.015 0.277 0.216 0.067 0.119 0.198 0.012 
  3  BAFF212    (0)    3 :  0.043 0.022 0.040 0.196 0.199 0.027 0.414 0.059 
  4  BAFF018    (0)    4 :  0.010 0.009 0.302 0.200 0.025 0.194 0.238 0.022 
  5  BAFF247    (0)    4 :  0.015 0.008 0.250 0.406 0.049 0.017 0.243 0.013 
  6  BAFF024    (0)    5 :  0.334 0.022 0.032 0.346 0.155 0.013 0.048 0.049 
  7  BAFF088    (0)    6 :  0.022 0.011 0.037 0.046 0.734 0.037 0.074 0.038 
  8  BAFF429    (0)    6 :  0.212 0.014 0.121 0.143 0.068 0.038 0.393 0.010 
  9  BAFF087    (7)    7 :  0.007 0.007 0.006 0.006 0.953 0.006 0.009 0.006 
 10  BAFF225    (0)    7 :  0.196 0.036 0.020 0.182 0.366 0.011 0.172 0.017 
 11  BAFF195    (0)    8 :  0.060 0.041 0.095 0.135 0.085 0.508 0.064 0.012 
 12  BAFF238    (0)    9 :  0.543 0.097 0.039 0.134 0.033 0.024 0.096 0.034 
 13  BAFF019    (0)   10 :  0.012 0.026 0.026 0.020 0.044 0.029 0.097 0.747 
 14  BAFF175    (0)   10 :  0.216 0.013 0.346 0.051 0.175 0.036 0.105 0.059 
 15  BAFF156    (0)   11 :  0.005 0.005 0.008 0.005 0.006 0.959 0.007 0.006 
 16  BAFF301    (0)   11 :  0.046 0.833 0.017 0.026 0.016 0.011 0.030 0.020 
 17  BAFF141    (0)   12 :  0.006 0.149 0.582 0.089 0.008 0.015 0.143 0.008 
 18  BAFF302    (0)   12 :  0.138 0.030 0.029 0.594 0.034 0.019 0.106 0.051 
 19  BAFF290    (0)    1 :  0.054 0.770 0.068 0.035 0.015 0.007 0.038 0.013 
 20  BAFF498    (0)    6 :  0.071 0.189 0.024 0.272 0.061 0.078 0.247 0.058 
 21  BAFF455    (0)    7 :  0.079 0.023 0.043 0.025 0.722 0.027 0.053 0.029 
 22  BAFF203    (7)    8 :  0.024 0.009 0.042 0.041 0.726 0.013 0.134 0.012 
 23  BAFF056    (0)   12 :  0.022 0.019 0.015 0.047 0.010 0.006 0.070 0.811 
 24  BAFF327    (0)   12 :  0.015 0.060 0.651 0.048 0.029 0.040 0.022 0.135 
 25  BAFF255    (0)    1 :  0.012 0.929 0.011 0.015 0.008 0.006 0.012 0.007 
 26  BAFF256    (0)    1 :  0.010 0.942 0.007 0.007 0.010 0.005 0.007 0.012 
 27  BAFF257    (0)    1 :  0.007 0.957 0.006 0.005 0.007 0.004 0.007 0.005 
 28  BAFF260    (0)    1 :  0.012 0.933 0.008 0.009 0.018 0.004 0.008 0.007 
 29  BAFF259    (0)    1 :  0.008 0.937 0.008 0.008 0.008 0.008 0.009 0.015 
 30  BAFF261    (0)    1 :  0.008 0.933 0.010 0.010 0.009 0.007 0.015 0.008 
 31  BAFF274    (0)    1 :  0.017 0.813 0.017 0.057 0.031 0.013 0.038 0.015 
 32  BAFF262    (0)    1 :  0.007 0.891 0.022 0.013 0.037 0.008 0.013 0.008 
 33  BAFF294    (0)    1 :  0.007 0.905 0.009 0.015 0.039 0.007 0.010 0.008 
 34  BAFF292    (0)    1 :  0.290 0.578 0.027 0.053 0.009 0.015 0.018 0.010 
 35  BAFF296    (0)    1 :  0.247 0.606 0.015 0.081 0.008 0.015 0.016 0.012 
 36  BAFF295    (0)    1 :  0.070 0.781 0.051 0.029 0.026 0.009 0.020 0.013 
 37  BAFF298    (0)    1 :  0.016 0.876 0.016 0.028 0.011 0.010 0.021 0.021 
 38  BAFF299    (0)    1 :  0.007 0.917 0.007 0.007 0.011 0.012 0.009 0.030 
 39  BAFF375    (0)   13 :  0.933 0.011 0.008 0.011 0.012 0.007 0.010 0.009 
 40  BAFF376    (0)   13 :  0.818 0.015 0.015 0.041 0.052 0.009 0.023 0.025 
 41  BAFF377    (0)   13 :  0.934 0.012 0.008 0.014 0.008 0.008 0.008 0.008 
 42  BAFF022    (0)    5 :  0.039 0.105 0.397 0.203 0.020 0.023 0.202 0.011 
 43  BAFF021    (0)    5 :  0.014 0.033 0.702 0.111 0.028 0.010 0.090 0.012 
 44  BAFF499    (0)    6 :  0.032 0.008 0.041 0.037 0.015 0.022 0.070 0.775 
 45  BAFF204    (0)    8 :  0.038 0.009 0.054 0.446 0.026 0.013 0.369 0.045 
 46  BAFF068    (0)   12 :  0.013 0.077 0.023 0.042 0.008 0.011 0.021 0.805 
 47  BAFF336    (0)   12 :  0.014 0.014 0.057 0.069 0.030 0.200 0.084 0.532 
 48  BAFF447    (0)    7 :  0.028 0.007 0.018 0.563 0.026 0.023 0.323 0.012 
 49  BAFF457    (0)    7 :  0.072 0.026 0.022 0.604 0.012 0.030 0.225 0.009 
 50  BAFF448    (0)    7 :  0.028 0.067 0.042 0.154 0.448 0.037 0.216 0.007 
 51  BAFF465    (0)    7 :  0.014 0.014 0.016 0.018 0.882 0.014 0.031 0.011 
 52  BAFF194    (0)    8 :  0.233 0.028 0.039 0.490 0.037 0.027 0.133 0.012 
 53  BAFF199    (0)    8 :  0.046 0.017 0.151 0.207 0.017 0.093 0.450 0.019 
 54  BAFF500    (0)    6 :  0.090 0.233 0.012 0.165 0.091 0.008 0.322 0.080 
 55  BAFF206    (0)    8 :  0.155 0.036 0.533 0.106 0.075 0.013 0.032 0.051 
 56  BAFF069    (0)   12 :  0.018 0.009 0.014 0.011 0.015 0.019 0.017 0.897 
 57  BAFF330    (0)   12 :  0.031 0.019 0.071 0.059 0.551 0.153 0.089 0.027 
 58  BAFF239    (0)   10 :  0.021 0.040 0.233 0.014 0.023 0.126 0.121 0.423 
 59  BAFF241    (0)   10 :  0.017 0.055 0.065 0.009 0.019 0.099 0.131 0.605 
 60  BAFF157    (0)   11 :  0.007 0.005 0.007 0.007 0.007 0.956 0.007 0.006 
 61  BAFF161    (0)   11 :  0.005 0.004 0.005 0.005 0.005 0.964 0.005 0.006 
 62  BAFF160    (0)   11 :  0.006 0.005 0.007 0.007 0.008 0.956 0.006 0.006 
 63  BAFF008    (0)   12 :  0.024 0.041 0.034 0.071 0.572 0.016 0.100 0.141 
 64  BAFF013    (0)   12 :  0.028 0.011 0.091 0.042 0.760 0.022 0.033 0.014 
 65  BAFF407    (0)   12 :  0.012 0.010 0.020 0.013 0.012 0.020 0.018 0.896 
 66  BAFF503    (0)    6 :  0.019 0.006 0.009 0.028 0.059 0.035 0.254 0.590 
 67  BAFF449    (0)    7 :  0.014 0.010 0.594 0.029 0.293 0.009 0.027 0.025 
 68  BAFF207    (0)    8 :  0.212 0.016 0.036 0.047 0.046 0.005 0.041 0.597 
 69  BAFF070    (0)   12 :  0.012 0.010 0.029 0.013 0.015 0.009 0.016 0.896 
 70  BAFF335    (0)   12 :  0.008 0.009 0.902 0.018 0.012 0.015 0.013 0.023 
 71  BAFF507    (0)    6 :  0.424 0.051 0.015 0.410 0.018 0.034 0.040 0.009 
 72  BAFF450    (0)    7 :  0.367 0.138 0.047 0.132 0.023 0.147 0.109 0.037 
 73  BAFF209    (7)    8 :  0.350 0.035 0.152 0.121 0.152 0.104 0.060 0.028 
 74  BAFF072    (0)   12 :  0.014 0.011 0.497 0.029 0.019 0.288 0.105 0.038 
 75  BAFF339    (0)   12 :  0.358 0.012 0.098 0.089 0.010 0.015 0.108 0.310 
 76  BAFF508    (0)    6 :  0.027 0.068 0.043 0.047 0.014 0.638 0.148 0.015 
 77  BAFF451    (0)    7 :  0.049 0.010 0.067 0.602 0.051 0.015 0.184 0.023 
 78  BAFF210    (0)    8 :  0.181 0.085 0.021 0.085 0.100 0.010 0.081 0.438 
 79  BAFF139    (0)   12 :  0.065 0.039 0.101 0.588 0.021 0.037 0.136 0.012 
 80  BAFF341    (0)   12 :  0.127 0.019 0.108 0.126 0.050 0.095 0.458 0.018 
 81  BAFF509    (0)    6 :  0.057 0.065 0.106 0.086 0.584 0.010 0.047 0.046 
 82  BAFF453    (0)    7 :  0.703 0.009 0.066 0.028 0.039 0.014 0.075 0.067 
 83  BAFF389    (0)    8 :  0.738 0.015 0.019 0.011 0.020 0.182 0.009 0.006 
 84  BAFF163    (0)   12 :  0.044 0.004 0.005 0.006 0.010 0.009 0.009 0.914 
 85  BAFF344    (7)   12 :  0.054 0.010 0.561 0.052 0.023 0.036 0.042 0.222 
 86  BAFF510    (0)    6 :  0.102 0.012 0.055 0.404 0.252 0.087 0.057 0.031 
 87  BAFF456    (0)    7 :  0.103 0.018 0.044 0.599 0.012 0.012 0.172 0.041 
 88  BAFF390    (0)    8 :  0.939 0.006 0.007 0.011 0.007 0.010 0.015 0.005 
 89  BAFF142    (0)   12 :  0.009 0.288 0.389 0.066 0.012 0.033 0.141 0.061 
 90  BAFF363    (7)   12 :  0.008 0.007 0.022 0.009 0.010 0.031 0.012 0.900 
 91  BAFF517    (0)    6 :  0.376 0.008 0.056 0.429 0.017 0.022 0.063 0.029 
 92  BAFF458    (0)    7 :  0.022 0.039 0.030 0.166 0.050 0.020 0.644 0.030 
 93  BAFF391    (0)    8 :  0.026 0.154 0.095 0.252 0.031 0.012 0.107 0.322 
 94  BAFF149    (0)   12 :  0.049 0.011 0.808 0.028 0.011 0.036 0.031 0.025 
 95  BAFF366    (7)   12 :  0.037 0.009 0.771 0.112 0.006 0.021 0.027 0.017 
 96  BAFF512    (0)    6 :  0.080 0.133 0.017 0.320 0.076 0.026 0.307 0.041 
 97  BAFF460    (0)    7 :  0.029 0.014 0.467 0.288 0.012 0.020 0.155 0.015 
 98  BAFF138    (0)   12 :  0.013 0.019 0.870 0.020 0.007 0.022 0.029 0.020 
 99  BAFF374    (0)   12 :  0.027 0.042 0.031 0.022 0.511 0.058 0.015 0.293 
100  BAFF015    (0)    1 :  0.010 0.896 0.012 0.015 0.009 0.008 0.040 0.011 
101  BAFF380    (0)    2 :  0.023 0.013 0.047 0.097 0.115 0.383 0.286 0.036 
102  BAFF216    (0)    3 :  0.151 0.036 0.019 0.246 0.083 0.016 0.423 0.027 
103  BAFF017    (0)    4 :  0.703 0.023 0.006 0.198 0.014 0.010 0.025 0.023 
104  BAFF245    (0)    4 :  0.076 0.126 0.342 0.172 0.088 0.014 0.147 0.034 
105  BAFF378    (7)   13 :  0.046 0.212 0.021 0.234 0.018 0.015 0.442 0.012 
106  BAFF023    (0)    5 :  0.126 0.031 0.031 0.262 0.068 0.018 0.433 0.030 
107  BAFF079    (0)    6 :  0.154 0.044 0.164 0.303 0.074 0.034 0.180 0.046 
108  BAFF435    (0)    6 :  0.036 0.009 0.024 0.367 0.018 0.030 0.493 0.023 
109  BAFF174    (7)    7 :  0.728 0.007 0.021 0.022 0.032 0.017 0.148 0.024 
110  BAFF226    (0)    7 :  0.030 0.011 0.038 0.648 0.011 0.016 0.237 0.009 
111  BAFF190    (0)    8 :  0.013 0.016 0.095 0.035 0.380 0.039 0.346 0.076 
112  BAFF243    (0)    9 :  0.396 0.065 0.094 0.212 0.032 0.088 0.106 0.006 
113  BAFF177    (0)   10 :  0.171 0.035 0.081 0.039 0.597 0.022 0.045 0.009 
114  BAFF364    (7)   11 :  0.026 0.012 0.013 0.047 0.071 0.723 0.089 0.019 
115  BAFF305    (0)   12 :  0.027 0.024 0.828 0.033 0.013 0.016 0.032 0.027 
116  BAFF513    (0)    6 :  0.060 0.049 0.022 0.100 0.443 0.017 0.288 0.021 
117  BAFF462    (0)    7 :  0.012 0.435 0.013 0.053 0.139 0.027 0.260 0.061 
118  BAFF143    (0)   12 :  0.049 0.008 0.599 0.089 0.052 0.065 0.062 0.075 
119  BAFF403    (0)   12 :  0.008 0.007 0.009 0.008 0.009 0.010 0.010 0.939 
120  BAFF514    (0)    6 :  0.028 0.008 0.029 0.033 0.534 0.012 0.123 0.231 
121  BAFF463    (0)    7 :  0.006 0.005 0.006 0.006 0.957 0.008 0.007 0.005 
122  BAFF137    (0)   12 :  0.008 0.010 0.839 0.027 0.070 0.010 0.027 0.008 
123  BAFF404    (0)   12 :  0.010 0.014 0.009 0.011 0.009 0.027 0.011 0.908 
124  BAFF515    (0)    6 :  0.063 0.019 0.109 0.260 0.353 0.053 0.109 0.035 
125  BAFF144    (0)   12 :  0.020 0.012 0.084 0.079 0.167 0.297 0.286 0.055 
126  BAFF405    (7)   12 :  0.013 0.042 0.525 0.049 0.040 0.254 0.051 0.027 
127  BAFF518    (0)    6 :  0.036 0.012 0.279 0.071 0.012 0.020 0.109 0.461 
128  BAFF467    (0)    7 :  0.143 0.019 0.032 0.184 0.091 0.014 0.487 0.031 
129  BAFF145    (0)   12 :  0.024 0.067 0.242 0.072 0.023 0.455 0.105 0.012 
130  BAFF406    (0)   12 :  0.026 0.008 0.060 0.033 0.047 0.477 0.024 0.325 
131  BAFF519    (0)    6 :  0.549 0.013 0.067 0.174 0.056 0.020 0.107 0.013 
132  BAFF471    (0)    7 :  0.050 0.072 0.286 0.173 0.135 0.029 0.229 0.026 
133  BAFF136    (0)   12 :  0.052 0.006 0.163 0.014 0.034 0.009 0.018 0.704 
134  BAFF520    (7)    6 :  0.079 0.028 0.033 0.244 0.064 0.020 0.465 0.068 
135  BAFF472    (0)    7 :  0.074 0.024 0.043 0.110 0.195 0.119 0.411 0.025 
136  BAFF165    (0)   12 :  0.023 0.056 0.538 0.211 0.023 0.009 0.080 0.061 
137  BAFF408    (0)   12 :  0.021 0.036 0.654 0.032 0.018 0.098 0.066 0.076 
138  BAFF522    (0)    6 :  0.026 0.028 0.044 0.044 0.519 0.021 0.279 0.039 
139  BAFF475    (0)    7 :  0.245 0.009 0.048 0.464 0.044 0.024 0.118 0.048 
140  BAFF140    (0)   12 :  0.074 0.019 0.545 0.057 0.180 0.061 0.032 0.031 
141  BAFF409    (0)   12 :  0.017 0.092 0.017 0.016 0.063 0.012 0.013 0.771 
142  BAFF523    (0)    6 :  0.025 0.014 0.014 0.091 0.427 0.078 0.341 0.009 
143  BAFF476    (0)    7 :  0.225 0.009 0.048 0.318 0.013 0.240 0.114 0.033 
144  BAFF147    (0)   12 :  0.019 0.016 0.711 0.031 0.039 0.015 0.036 0.134 
145  BAFF410    (0)   12 :  0.037 0.016 0.193 0.085 0.009 0.011 0.047 0.601 
146  BAFF477    (0)    7 :  0.036 0.089 0.096 0.491 0.013 0.015 0.254 0.007 
147  BAFF411    (0)   12 :  0.137 0.475 0.075 0.064 0.014 0.089 0.057 0.090 
148  BAFF486    (7)    7 :  0.030 0.009 0.009 0.430 0.006 0.015 0.495 0.007 
149  BAFF412    (7)   12 :  0.022 0.042 0.023 0.039 0.090 0.019 0.027 0.738 
150  BAFF258    (0)    1 :  0.014 0.167 0.017 0.108 0.301 0.041 0.328 0.023 
151  BAFF392    (0)    2 :  0.031 0.005 0.011 0.008 0.673 0.081 0.184 0.007 
152  BAFF217    (0)    3 :  0.630 0.011 0.052 0.127 0.011 0.042 0.108 0.019 
153  BAFF016    (0)    4 :  0.420 0.005 0.067 0.310 0.010 0.128 0.018 0.042 
154  BAFF246    (0)    4 :  0.626 0.010 0.035 0.154 0.066 0.043 0.043 0.023 
155  BAFF381    (0)   13 :  0.043 0.010 0.305 0.311 0.033 0.016 0.245 0.039 
156  BAFF078    (0)    6 :  0.014 0.007 0.399 0.011 0.023 0.391 0.107 0.049 
157  BAFF481    (0)    6 :  0.110 0.031 0.183 0.184 0.041 0.026 0.378 0.046 
158  BAFF436    (0)    7 :  0.130 0.086 0.063 0.105 0.381 0.051 0.140 0.043 
159  BAFF191    (0)    8 :  0.554 0.011 0.035 0.088 0.102 0.013 0.178 0.020 
160  BAFF382    (0)    9 :  0.045 0.009 0.048 0.303 0.146 0.037 0.340 0.072 
161  BAFF178    (0)   10 :  0.237 0.009 0.029 0.030 0.597 0.008 0.021 0.068 
162  BAFF159    (7)   11 :  0.070 0.011 0.015 0.711 0.012 0.015 0.146 0.021 
163  BAFF365    (7)   11 :  0.045 0.223 0.332 0.205 0.015 0.045 0.117 0.019 
164  BAFF007    (0)   12 :  0.076 0.067 0.158 0.278 0.046 0.147 0.199 0.028 
165  BAFF304    (7)   12 :  0.014 0.012 0.529 0.107 0.013 0.118 0.119 0.088 
166  BAFF487    (0)    7 :  0.081 0.021 0.012 0.133 0.108 0.101 0.512 0.033 
167  BAFF415    (0)   12 :  0.017 0.062 0.189 0.106 0.037 0.025 0.028 0.536 
168  BAFF488    (0)    7 :  0.049 0.593 0.057 0.125 0.011 0.015 0.136 0.014 
169  BAFF417    (0)   12 :  0.020 0.017 0.436 0.060 0.033 0.023 0.057 0.355 
170  BAFF489    (0)    7 :  0.023 0.008 0.258 0.218 0.052 0.083 0.319 0.039 
171  BAFF426    (0)   12 :  0.013 0.017 0.015 0.014 0.025 0.008 0.025 0.884 
172  BAFF490    (7)    7 :  0.043 0.021 0.020 0.417 0.051 0.152 0.284 0.011 
173  BAFF491    (0)    7 :  0.047 0.049 0.029 0.186 0.217 0.106 0.356 0.010 
174  BAFF492    (0)    7 :  0.054 0.008 0.018 0.358 0.017 0.020 0.506 0.018 
175  BAFF493    (0)    7 :  0.028 0.457 0.024 0.053 0.121 0.017 0.265 0.034 
176  BAFF506    (0)    7 :  0.036 0.101 0.011 0.127 0.080 0.033 0.595 0.016 
177  BAFF393    (0)    2 :  0.031 0.028 0.081 0.131 0.013 0.501 0.206 0.009 
178  BAFF218    (0)    3 :  0.299 0.067 0.067 0.269 0.090 0.021 0.160 0.028 
179  BAFF254    (0)    4 :  0.012 0.053 0.114 0.065 0.021 0.498 0.225 0.012 
180  BAFF385    (0)   13 :  0.029 0.027 0.052 0.078 0.249 0.055 0.458 0.051 
181  BAFF076    (0)    6 :  0.009 0.009 0.009 0.009 0.926 0.013 0.012 0.012 
182  BAFF482    (0)    6 :  0.017 0.009 0.079 0.367 0.109 0.017 0.337 0.064 
183  BAFF437    (0)    7 :  0.011 0.022 0.454 0.390 0.025 0.006 0.081 0.011 
184  BAFF192    (0)    8 :  0.099 0.017 0.083 0.060 0.507 0.175 0.046 0.015 
185  BAFF383    (0)    9 :  0.010 0.800 0.081 0.037 0.030 0.008 0.024 0.011 
186  BAFF180    (0)   10 :  0.525 0.009 0.016 0.050 0.204 0.012 0.063 0.121 
187  BAFF048    (7)   12 :  0.015 0.043 0.017 0.096 0.040 0.485 0.293 0.010 
188  BAFF306    (0)   12 :  0.073 0.010 0.702 0.068 0.044 0.021 0.053 0.030 
189  BAFF394    (0)    2 :  0.360 0.056 0.161 0.148 0.070 0.115 0.065 0.024 
190  BAFF219    (0)    3 :  0.101 0.008 0.149 0.446 0.039 0.016 0.227 0.014 
191  BAFF388    (0)    4 :  0.025 0.206 0.013 0.058 0.198 0.015 0.142 0.343 
192  BAFF386    (7)   13 :  0.023 0.020 0.061 0.052 0.496 0.059 0.273 0.016 
193  BAFF084    (0)    6 :  0.020 0.013 0.016 0.078 0.011 0.721 0.132 0.009 
194  BAFF483    (0)    6 :  0.091 0.033 0.174 0.158 0.313 0.012 0.092 0.129 
195  BAFF438   (15)    7 :  0.029 0.018 0.310 0.097 0.077 0.207 0.219 0.043 
196  BAFF193    (0)    8 :  0.044 0.422 0.021 0.119 0.078 0.025 0.270 0.021 
197  BAFF183    (0)   10 :  0.064 0.068 0.045 0.223 0.024 0.061 0.476 0.039 
198  BAFF153    (0)   12 :  0.007 0.007 0.917 0.014 0.011 0.019 0.011 0.014 
199  BAFF307    (0)   12 :  0.023 0.013 0.535 0.072 0.021 0.150 0.167 0.021 
200  BAFF397    (0)    2 :  0.024 0.008 0.053 0.676 0.005 0.013 0.209 0.011 
201  BAFF220    (0)    3 :  0.005 0.008 0.008 0.018 0.883 0.040 0.029 0.009 
202  BAFF095    (0)    6 :  0.028 0.039 0.022 0.017 0.824 0.009 0.045 0.017 
203  BAFF494    (0)    6 :  0.045 0.006 0.013 0.078 0.656 0.037 0.137 0.027 
204  BAFF439    (0)    7 :  0.183 0.011 0.237 0.068 0.013 0.018 0.173 0.298 
205  BAFF182    (0)   10 :  0.037 0.032 0.061 0.036 0.573 0.081 0.051 0.130 
206  BAFF054    (0)   12 :  0.007 0.007 0.020 0.009 0.009 0.010 0.009 0.929 
207  BAFF308    (0)   12 :  0.011 0.018 0.796 0.050 0.016 0.020 0.074 0.014 
208  BAFF266    (0)    1 :  0.020 0.137 0.030 0.358 0.024 0.109 0.276 0.047 
209  BAFF398    (7)    2 :  0.005 0.014 0.006 0.009 0.925 0.006 0.029 0.006 
210  BAFF221    (0)    3 :  0.012 0.377 0.086 0.011 0.094 0.335 0.031 0.053 
211  BAFF090    (0)    6 :  0.019 0.021 0.081 0.053 0.086 0.197 0.400 0.144 
212  BAFF495    (0)    6 :  0.879 0.008 0.010 0.044 0.010 0.009 0.030 0.010 
213  BAFF459    (0)    7 :  0.239 0.008 0.038 0.526 0.013 0.077 0.085 0.015 
214  BAFF197    (0)    8 :  0.127 0.014 0.379 0.273 0.020 0.014 0.095 0.078 
215  BAFF188    (0)   10 :  0.023 0.018 0.710 0.029 0.019 0.063 0.091 0.048 
216  BAFF051    (0)   12 :  0.029 0.024 0.034 0.169 0.047 0.013 0.359 0.325 
217  BAFF309    (0)   12 :  0.031 0.012 0.041 0.323 0.096 0.036 0.445 0.015 
218  BAFF269    (0)    1 :  0.083 0.058 0.369 0.360 0.024 0.010 0.086 0.010 
219  BAFF077    (0)    6 :  0.333 0.011 0.014 0.519 0.006 0.064 0.042 0.012 
220  BAFF496    (0)    6 :  0.904 0.012 0.008 0.029 0.007 0.006 0.025 0.009 
221  BAFF443    (0)    7 :  0.044 0.072 0.109 0.253 0.039 0.020 0.368 0.095 
222  BAFF198    (0)    8 :  0.253 0.009 0.026 0.093 0.211 0.024 0.354 0.030 
223  BAFF053    (0)   12 :  0.039 0.019 0.801 0.023 0.009 0.017 0.060 0.032 
224  BAFF310    (0)   12 :  0.013 0.009 0.065 0.096 0.009 0.023 0.022 0.764 
225  BAFF282    (0)    1 :  0.044 0.744 0.031 0.079 0.048 0.015 0.025 0.015 
226  BAFF497    (0)    6 :  0.270 0.012 0.018 0.502 0.015 0.013 0.154 0.016 
227  BAFF466    (0)    7 :  0.044 0.015 0.070 0.150 0.055 0.178 0.452 0.035 
228  BAFF200    (7)    8 :  0.059 0.015 0.061 0.074 0.424 0.064 0.250 0.053 
229  BAFF240    (0)   10 :  0.022 0.015 0.046 0.028 0.054 0.693 0.133 0.009 
230  BAFF055    (0)   12 :  0.009 0.020 0.149 0.032 0.030 0.011 0.020 0.729 
231  BAFF311    (7)   12 :  0.023 0.033 0.056 0.053 0.770 0.031 0.027 0.008 


Estimated Allele Frequencies in each cluster
First column gives estimated ancestral frequencies


Locus 1 : btern01 
9 alleles
0.0% missing data
   1   (0.142) 0.199 0.119 0.164 0.165 0.131 0.133 0.131 0.034 
   2   (0.017) 0.004 0.026 0.004 0.010 0.004 0.004 0.011 0.003 
   3   (0.167) 0.199 0.068 0.189 0.256 0.151 0.148 0.149 0.096 
   4   (0.214) 0.284 0.208 0.202 0.149 0.190 0.252 0.218 0.177 
   5   (0.283) 0.117 0.429 0.342 0.318 0.133 0.364 0.382 0.324 
   6   (0.072) 0.090 0.035 0.059 0.045 0.043 0.027 0.042 0.337 
   7   (0.052) 0.016 0.083 0.021 0.020 0.286 0.055 0.031 0.020 
   8   (0.016) 0.013 0.024 0.007 0.008 0.003 0.002 0.004 0.002 
   9   (0.038) 0.078 0.007 0.010 0.030 0.060 0.016 0.033 0.007 

Locus 2 : bt28 
5 alleles
0.0% missing data
   1   (0.667) 0.731 0.775 0.739 0.689 0.566 0.675 0.616 0.723 
   2   (0.151) 0.159 0.164 0.152 0.098 0.172 0.056 0.169 0.099 
   3   (0.144) 0.076 0.041 0.096 0.129 0.254 0.255 0.194 0.172 
   4   (0.027) 0.032 0.006 0.010 0.080 0.005 0.013 0.018 0.005 
   5   (0.011) 0.002 0.013 0.003 0.004 0.002 0.002 0.003 0.002 

Locus 3 : b96 
8 alleles
0.9% missing data
   1   (0.331) 0.264 0.354 0.463 0.356 0.356 0.198 0.294 0.324 
   2   (0.482) 0.678 0.445 0.333 0.526 0.518 0.588 0.619 0.512 
   3   (0.044) 0.012 0.011 0.057 0.033 0.031 0.090 0.027 0.043 
   4   (0.015) 0.003 0.004 0.003 0.007 0.003 0.085 0.005 0.003 
   5   (0.050) 0.016 0.026 0.057 0.042 0.045 0.011 0.027 0.031 
   6   (0.026) 0.005 0.089 0.014 0.009 0.037 0.007 0.007 0.005 
   7   (0.038) 0.020 0.067 0.070 0.024 0.008 0.019 0.018 0.007 
   8   (0.014) 0.002 0.003 0.003 0.004 0.003 0.002 0.003 0.075 

Locus 4 : bt30 
12 alleles
0.9% missing data
   1   (0.112) 0.034 0.269 0.061 0.086 0.182 0.044 0.146 0.114 
   2   (0.287) 0.335 0.288 0.278 0.326 0.281 0.225 0.327 0.291 
   3   (0.071) 0.126 0.018 0.033 0.163 0.028 0.086 0.127 0.025 
   4   (0.188) 0.165 0.107 0.229 0.172 0.200 0.183 0.236 0.232 
   5   (0.014) 0.003 0.003 0.005 0.006 0.014 0.002 0.008 0.003 
   6   (0.101) 0.128 0.106 0.072 0.110 0.217 0.034 0.062 0.058 
   7   (0.032) 0.016 0.022 0.042 0.019 0.009 0.017 0.023 0.021 
   8   (0.051) 0.011 0.043 0.075 0.040 0.010 0.063 0.021 0.060 
   9   (0.105) 0.166 0.073 0.165 0.064 0.043 0.337 0.040 0.188 
  10   (0.012) 0.002 0.065 0.002 0.003 0.002 0.002 0.002 0.002 
  11   (0.017) 0.005 0.003 0.034 0.007 0.013 0.003 0.004 0.004 
  12   (0.011) 0.011 0.002 0.003 0.004 0.002 0.002 0.003 0.002 

Locus 5 : btms0081 
3 alleles
0.9% missing data
   1   (0.500) 0.371 0.585 0.403 0.556 0.659 0.635 0.549 0.307 
   2   (0.353) 0.422 0.220 0.425 0.360 0.248 0.301 0.346 0.468 
   3   (0.147) 0.207 0.195 0.172 0.085 0.093 0.064 0.105 0.225 

Locus 6 : btms0066 
24 alleles
0.0% missing data
   1   (0.255) 0.195 0.384 0.299 0.256 0.347 0.177 0.300 0.379 
   2   (0.016) 0.016 0.058 0.004 0.005 0.003 0.004 0.004 0.003 
   3   (0.034) 0.011 0.006 0.119 0.025 0.018 0.013 0.032 0.009 
   4   (0.159) 0.381 0.060 0.115 0.223 0.166 0.050 0.275 0.125 
   5   (0.099) 0.089 0.029 0.187 0.144 0.040 0.036 0.132 0.112 
   6   (0.053) 0.056 0.012 0.048 0.024 0.198 0.124 0.029 0.018 
   7   (0.017) 0.003 0.016 0.004 0.006 0.054 0.003 0.007 0.003 
   8   (0.051) 0.067 0.079 0.028 0.073 0.016 0.036 0.028 0.033 
   9   (0.020) 0.004 0.004 0.020 0.007 0.008 0.292 0.012 0.004 
  10   (0.030) 0.006 0.144 0.007 0.025 0.006 0.040 0.022 0.005 
  11   (0.020) 0.009 0.144 0.005 0.006 0.008 0.004 0.006 0.012 
  12   (0.041) 0.102 0.008 0.025 0.090 0.008 0.012 0.031 0.017 
  13   (0.027) 0.006 0.006 0.017 0.011 0.025 0.027 0.016 0.016 
  14   (0.021) 0.004 0.004 0.005 0.007 0.005 0.069 0.007 0.042 
  15   (0.017) 0.005 0.004 0.021 0.041 0.003 0.003 0.014 0.003 
  16   (0.031) 0.009 0.006 0.015 0.014 0.023 0.048 0.027 0.090 
  17   (0.024) 0.005 0.015 0.024 0.010 0.008 0.035 0.019 0.045 
  18   (0.011) 0.002 0.002 0.002 0.003 0.002 0.002 0.002 0.032 
  19   (0.010) 0.002 0.002 0.037 0.003 0.002 0.002 0.002 0.002 
  20   (0.020) 0.021 0.007 0.007 0.010 0.024 0.008 0.009 0.013 
  21   (0.013) 0.002 0.004 0.004 0.006 0.025 0.007 0.011 0.003 
  22   (0.009) 0.002 0.002 0.002 0.004 0.007 0.003 0.006 0.002 
  23   (0.010) 0.002 0.002 0.003 0.003 0.002 0.001 0.002 0.030 
  24   (0.011) 0.002 0.004 0.003 0.007 0.002 0.003 0.005 0.002 

Locus 7 : btms0083 
31 alleles
3.0% missing data
   1   (0.015) 0.002 0.219 0.004 0.004 0.004 0.008 0.003 0.002 
   2   (0.020) 0.003 0.104 0.029 0.009 0.004 0.012 0.014 0.004 
   3   (0.029) 0.007 0.006 0.011 0.019 0.074 0.113 0.015 0.008 
   4   (0.039) 0.018 0.056 0.021 0.026 0.036 0.031 0.059 0.010 
   5   (0.196) 0.157 0.223 0.225 0.187 0.361 0.166 0.230 0.265 
   6   (0.016) 0.004 0.004 0.005 0.013 0.013 0.010 0.037 0.003 
   7   (0.058) 0.028 0.022 0.097 0.067 0.022 0.069 0.096 0.157 
   8   (0.035) 0.010 0.015 0.131 0.062 0.008 0.010 0.030 0.012 
   9   (0.041) 0.032 0.009 0.041 0.034 0.043 0.009 0.043 0.008 
  10   (0.029) 0.013 0.009 0.018 0.012 0.116 0.007 0.012 0.023 
  11   (0.055) 0.100 0.015 0.031 0.111 0.015 0.354 0.064 0.010 
  12   (0.018) 0.010 0.038 0.004 0.008 0.005 0.003 0.011 0.004 
  13   (0.054) 0.096 0.011 0.080 0.063 0.022 0.027 0.027 0.078 
  14   (0.032) 0.026 0.007 0.015 0.128 0.009 0.009 0.089 0.006 
  15   (0.030) 0.061 0.020 0.013 0.031 0.022 0.008 0.011 0.006 
  16   (0.029) 0.009 0.030 0.007 0.022 0.058 0.013 0.049 0.005 
  17   (0.032) 0.263 0.059 0.018 0.015 0.009 0.011 0.014 0.005 
  18   (0.052) 0.031 0.036 0.040 0.034 0.040 0.017 0.062 0.114 
  19   (0.019) 0.005 0.010 0.006 0.010 0.004 0.004 0.012 0.111 
  20   (0.028) 0.006 0.005 0.095 0.014 0.007 0.006 0.011 0.056 
  21   (0.011) 0.002 0.031 0.002 0.004 0.002 0.002 0.002 0.002 
  22   (0.014) 0.009 0.022 0.004 0.005 0.002 0.003 0.003 0.003 
  23   (0.018) 0.006 0.017 0.010 0.017 0.004 0.003 0.006 0.003 
  24   (0.010) 0.002 0.003 0.002 0.003 0.002 0.002 0.002 0.013 
  25   (0.031) 0.007 0.006 0.033 0.024 0.094 0.006 0.029 0.006 
  26   (0.014) 0.034 0.002 0.004 0.045 0.004 0.009 0.007 0.002 
  27   (0.025) 0.041 0.005 0.028 0.011 0.007 0.007 0.026 0.042 
  28   (0.016) 0.009 0.004 0.004 0.007 0.006 0.073 0.013 0.003 
  29   (0.012) 0.004 0.005 0.003 0.007 0.003 0.004 0.016 0.002 
  30   (0.018) 0.003 0.003 0.013 0.005 0.004 0.003 0.004 0.034 
  31   (0.009) 0.003 0.002 0.006 0.006 0.002 0.001 0.003 0.001 

Locus 8 : b126 
16 alleles
0.0% missing data
   1   (0.043) 0.018 0.041 0.037 0.040 0.064 0.009 0.016 0.012 
   2   (0.052) 0.066 0.129 0.056 0.053 0.014 0.011 0.031 0.009 
   3   (0.310) 0.416 0.200 0.370 0.310 0.262 0.566 0.388 0.392 
   4   (0.031) 0.068 0.009 0.010 0.038 0.016 0.007 0.028 0.007 
   5   (0.072) 0.072 0.023 0.036 0.071 0.128 0.034 0.136 0.053 
   6   (0.063) 0.021 0.015 0.127 0.126 0.016 0.016 0.067 0.159 
   7   (0.105) 0.083 0.022 0.139 0.084 0.188 0.223 0.076 0.139 
   8   (0.031) 0.033 0.007 0.015 0.032 0.007 0.009 0.011 0.075 
   9   (0.012) 0.002 0.002 0.003 0.003 0.043 0.002 0.002 0.002 
  10   (0.038) 0.020 0.026 0.014 0.019 0.082 0.011 0.057 0.044 
  11   (0.095) 0.043 0.390 0.088 0.101 0.034 0.087 0.117 0.024 
  12   (0.030) 0.006 0.029 0.030 0.024 0.006 0.005 0.021 0.028 
  13   (0.065) 0.109 0.098 0.032 0.051 0.093 0.011 0.030 0.046 
  14   (0.023) 0.037 0.005 0.009 0.033 0.009 0.005 0.011 0.005 
  15   (0.014) 0.003 0.003 0.031 0.005 0.007 0.002 0.003 0.002 
  16   (0.017) 0.003 0.003 0.004 0.012 0.031 0.004 0.006 0.003 

Locus 9 : btms0062 
34 alleles
0.0% missing data
   1   (0.027) 0.008 0.075 0.007 0.020 0.023 0.040 0.065 0.007 
   2   (0.053) 0.228 0.102 0.024 0.033 0.044 0.021 0.033 0.014 
   3   (0.082) 0.054 0.100 0.240 0.072 0.030 0.087 0.088 0.057 
   4   (0.101) 0.037 0.055 0.048 0.149 0.231 0.175 0.114 0.205 
   5   (0.054) 0.016 0.022 0.068 0.087 0.043 0.097 0.127 0.013 
   6   (0.026) 0.025 0.007 0.031 0.023 0.013 0.018 0.019 0.005 
   7   (0.014) 0.004 0.003 0.006 0.012 0.004 0.002 0.011 0.002 
   8   (0.025) 0.012 0.007 0.037 0.066 0.005 0.004 0.022 0.005 
   9   (0.044) 0.079 0.021 0.016 0.081 0.025 0.073 0.032 0.019 
  10   (0.055) 0.034 0.040 0.025 0.077 0.065 0.011 0.067 0.065 
  11   (0.060) 0.042 0.019 0.052 0.046 0.164 0.244 0.079 0.035 
  12   (0.039) 0.255 0.008 0.038 0.019 0.059 0.012 0.038 0.029 
  13   (0.044) 0.015 0.026 0.061 0.040 0.128 0.016 0.027 0.017 
  14   (0.044) 0.022 0.012 0.039 0.047 0.011 0.010 0.043 0.277 
  15   (0.013) 0.004 0.002 0.114 0.004 0.003 0.002 0.006 0.003 
  16   (0.019) 0.004 0.004 0.017 0.006 0.004 0.063 0.009 0.011 
  17   (0.022) 0.008 0.153 0.005 0.009 0.013 0.004 0.007 0.004 
  18   (0.014) 0.006 0.003 0.005 0.005 0.030 0.005 0.005 0.002 
  19   (0.046) 0.059 0.081 0.017 0.037 0.015 0.008 0.032 0.093 
  20   (0.011) 0.002 0.034 0.002 0.003 0.002 0.002 0.002 0.002 
  21   (0.032) 0.032 0.051 0.012 0.040 0.021 0.007 0.025 0.006 
  22   (0.018) 0.003 0.102 0.017 0.008 0.003 0.003 0.007 0.004 
  23   (0.010) 0.002 0.027 0.002 0.004 0.002 0.002 0.005 0.002 
  24   (0.016) 0.011 0.004 0.004 0.046 0.004 0.003 0.018 0.007 
  25   (0.011) 0.003 0.010 0.003 0.006 0.003 0.002 0.012 0.002 
  26   (0.030) 0.011 0.013 0.014 0.017 0.026 0.030 0.073 0.044 
  27   (0.018) 0.004 0.003 0.041 0.007 0.012 0.030 0.011 0.006 
  28   (0.012) 0.002 0.002 0.025 0.004 0.002 0.002 0.003 0.002 
  29   (0.013) 0.007 0.005 0.003 0.005 0.002 0.020 0.006 0.002 
  30   (0.010) 0.003 0.002 0.002 0.003 0.002 0.001 0.002 0.031 
  31   (0.011) 0.002 0.002 0.012 0.010 0.002 0.002 0.007 0.002 
  32   (0.009) 0.003 0.002 0.003 0.003 0.008 0.004 0.002 0.001 
  33   (0.009) 0.002 0.002 0.006 0.006 0.002 0.001 0.003 0.001 
  34   (0.008) 0.001 0.001 0.003 0.004 0.001 0.002 0.002 0.025 

Locus 10 : btern02 
25 alleles
4.8% missing data
   1   (0.100) 0.157 0.134 0.142 0.113 0.075 0.212 0.098 0.049 
   2   (0.011) 0.002 0.016 0.002 0.003 0.002 0.002 0.002 0.002 
   3   (0.078) 0.117 0.026 0.087 0.133 0.142 0.053 0.093 0.023 
   4   (0.051) 0.076 0.014 0.027 0.035 0.163 0.009 0.040 0.097 
   5   (0.026) 0.009 0.013 0.012 0.027 0.025 0.035 0.027 0.006 
   6   (0.045) 0.019 0.016 0.023 0.054 0.025 0.125 0.116 0.019 
   7   (0.030) 0.013 0.006 0.026 0.016 0.030 0.005 0.013 0.141 
   8   (0.039) 0.017 0.102 0.034 0.025 0.012 0.026 0.040 0.007 
   9   (0.072) 0.026 0.076 0.205 0.040 0.107 0.040 0.070 0.044 
  10   (0.030) 0.093 0.007 0.009 0.072 0.012 0.007 0.062 0.006 
  11   (0.060) 0.086 0.017 0.120 0.081 0.022 0.019 0.049 0.063 
  12   (0.035) 0.074 0.135 0.019 0.018 0.011 0.015 0.022 0.006 
  13   (0.051) 0.027 0.053 0.021 0.056 0.071 0.011 0.039 0.056 
  14   (0.054) 0.046 0.165 0.029 0.037 0.035 0.019 0.032 0.127 
  15   (0.011) 0.002 0.002 0.002 0.003 0.002 0.153 0.002 0.002 
  16   (0.041) 0.027 0.052 0.023 0.072 0.012 0.011 0.049 0.046 
  17   (0.030) 0.013 0.007 0.009 0.025 0.020 0.019 0.041 0.054 
  18   (0.046) 0.102 0.011 0.026 0.043 0.020 0.016 0.039 0.171 
  19   (0.039) 0.021 0.008 0.081 0.018 0.065 0.062 0.060 0.009 
  20   (0.039) 0.018 0.054 0.026 0.052 0.086 0.007 0.031 0.008 
  21   (0.025) 0.016 0.045 0.010 0.026 0.006 0.006 0.015 0.009 
  22   (0.014) 0.007 0.015 0.004 0.007 0.003 0.002 0.004 0.006 
  23   (0.034) 0.021 0.019 0.043 0.026 0.029 0.013 0.027 0.006 
  24   (0.028) 0.006 0.006 0.015 0.013 0.014 0.130 0.021 0.039 
  25   (0.012) 0.006 0.003 0.003 0.005 0.014 0.002 0.008 0.004 

Locus 11 : btms0086 
3 alleles
0.0% missing data
   1   (0.844) 0.827 0.781 0.912 0.860 0.740 0.968 0.836 0.927 
   2   (0.135) 0.168 0.200 0.049 0.131 0.257 0.029 0.154 0.065 
   3   (0.022) 0.004 0.020 0.038 0.009 0.004 0.003 0.010 0.008 

Locus 12 : bl13 
3 alleles
0.0% missing data
   1   (0.069) 0.028 0.218 0.028 0.036 0.032 0.019 0.036 0.333 
   2   (0.831) 0.911 0.762 0.845 0.867 0.861 0.713 0.896 0.608 
   3   (0.100) 0.061 0.020 0.127 0.096 0.107 0.268 0.068 0.059 

Locus 13 : btms0059 
9 alleles
0.0% missing data
   1   (0.340) 0.190 0.358 0.521 0.347 0.330 0.475 0.357 0.296 
   2   (0.109) 0.269 0.114 0.061 0.198 0.031 0.216 0.119 0.018 
   3   (0.063) 0.031 0.122 0.058 0.036 0.030 0.030 0.026 0.114 
   4   (0.057) 0.028 0.046 0.042 0.038 0.099 0.014 0.034 0.020 
   5   (0.080) 0.058 0.035 0.072 0.117 0.028 0.044 0.121 0.039 
   6   (0.300) 0.375 0.312 0.222 0.226 0.466 0.207 0.300 0.504 
   7   (0.016) 0.040 0.003 0.004 0.016 0.003 0.006 0.006 0.003 
   8   (0.023) 0.006 0.006 0.018 0.015 0.010 0.006 0.029 0.004 
   9   (0.011) 0.003 0.003 0.003 0.006 0.002 0.003 0.008 0.002 

Values of parameters used in structure:
DATAFILE=/Users/johnmola/Desktop/rpbbfeb27/rpbbstructure/project_data,	OUTFILE=/Users/johnmola/Desktop/rpbbfeb27/rpbbstructure/rpbb20k100k/Results/rpbb20k100k_run_80,	NUMINDS=231,	NUMLOCI=13,	MISSING=-9,	LABEL=1,	POPDATA=1,	POPFLAG=0,	PHENOTYPE=0,	EXTRACOLS=0,	MAXPOPS=8,	BURNIN=20000,	NUMREPS=100000,	USEPOPINFO=0,	INFERALPHA=1,	INFERLAMBDA=0,	POPSPECIFICLAMBDA=0,	POPALPHAS=0,	COMPUTEPROB=1,	NOADMIX=0,	ADMBURNIN=2500,	UPDATEFREQ=1,	PRINTLIKES=0,	INTERMEDSAVE=0,	PRINTKLD=0,	PRINTNET=0,	PRINTLAMBDA=0,	ANCESTDIST=0,	NUMBOXES=1000,	ANCESTPINT=0.90000,	GENSBACK=2,	MIGRPRIOR=0.05000,	PRINTQHAT=0,	PRINTQSUM=0,	ALPHA=1.0000,	FREQSCORR=1,	FPRIORMEAN=0.0100,	FPRIORSD=0.0500,	ONEFST=0,	LAMBDA=1.0000,	UNIFPRIORALPHA=1,	ALPHAMAX=10.0000,	ALPHAPRIORA=1.0000,	ALPHAPRIORB=2.0000,	ALPHAPROPSD=0.0250,	STARTATPOPINFO=0,	RANDOMIZE=1,	LINKAGE=0,	METROFREQ=10,	REPORTHITRATE=0,	MARKOVPHASE=-1,	PHASED=0,	PLOIDY=2,	PHASEINFO=0	LOCPRIOR=0, 	LOCPRIORINIT=1.000000, 	LOCDATA=0, 	LOCISPOP=0, 	LOCPRIORSTEP=0.100000, 	MAXLOCPRIOR=20.000000, 	SEED=1677522764,	
[STRAT parameters]:    NUMSIMSTATS=1000,	PHENOTYPECOL=-9,	POOLFREQ=10,	LOCUSxONLY=0,	EMERROR=0.00100,	MISSINGPHENO=-9,	