

----------------------------------------------------
STRUCTURE by Pritchard, Stephens and Donnelly (2000)
     and Falush, Stephens and Pritchard (2003)
       Code by Pritchard, Falush and Hubisz
             Version 2.3.4 (Jul 2012)
----------------------------------------------------



Command line arguments:   bin/structure -m "/Users/johnmola/Desktop/rpbbfeb27/rpbbstructure/rpbb20k100k/mainparams" -e "/Users/johnmola/Desktop/rpbbfeb27/rpbbstructure/rpbb20k100k/extraparams" 
Input File:    /Users/johnmola/Desktop/rpbbfeb27/rpbbstructure/project_data

Run parameters:
   231 individuals
   13 loci
   7 populations assumed
   20000 Burn-in period
   100000 Reps


--------------------------------------------
Proportion of membership of each pre-defined
 population in each of the 7 clusters

Given    Inferred Clusters                                   Number of
 Pop       1      2      3      4      5      6      7      Individuals

  1:     0.038  0.038  0.020  0.014  0.060  0.029  0.802       21
  2:     0.303  0.114  0.212  0.015  0.218  0.120  0.018        7
  3:     0.220  0.082  0.060  0.038  0.248  0.259  0.094        7
  4:     0.069  0.170  0.156  0.073  0.162  0.315  0.055        8
  5:     0.071  0.361  0.023  0.024  0.245  0.220  0.057        4
  6:     0.248  0.073  0.107  0.107  0.204  0.224  0.037       35
  7:     0.186  0.123  0.074  0.040  0.338  0.164  0.075       40
  8:     0.192  0.120  0.087  0.103  0.164  0.277  0.057       19
  9:     0.044  0.068  0.043  0.035  0.253  0.306  0.251        4
 10:     0.229  0.172  0.122  0.242  0.066  0.136  0.032       11
 11:     0.017  0.070  0.593  0.014  0.109  0.060  0.137        8
 12:     0.090  0.324  0.095  0.317  0.089  0.043  0.041       60
 13:     0.158  0.084  0.043  0.029  0.231  0.407  0.048        7
--------------------------------------------

Allele-freq. divergence among pops (Net nucleotide distance),
computed using point estimates of P.

      1       2       3       4       5       6       7      
 1      -    0.0313  0.0365  0.0382  0.0196  0.0290  0.0335  
 2   0.0313     -    0.0282  0.0302  0.0175  0.0274  0.0299  
 3   0.0365  0.0282     -    0.0438  0.0240  0.0330  0.0437  
 4   0.0382  0.0302  0.0438     -    0.0314  0.0377  0.0402  
 5   0.0196  0.0175  0.0240  0.0314     -    0.0149  0.0257  
 6   0.0290  0.0274  0.0330  0.0377  0.0149     -    0.0367  
 7   0.0335  0.0299  0.0437  0.0402  0.0257  0.0367     -    

Average distances (expected heterozygosity) between individuals in same cluster:
cluster  1  : 0.6859 
cluster  2  : 0.6745 
cluster  3  : 0.6515 
cluster  4  : 0.6750 
cluster  5  : 0.6839 
cluster  6  : 0.6762 
cluster  7  : 0.6857 

--------------------------------------------
Estimated Ln Prob of Data   = -9967.4
Mean value of ln likelihood = -9408.8
Variance of ln likelihood   = 1117.0
Mean value of alpha         = 0.0539

Mean value of Fst_1         = 0.0730
Mean value of Fst_2         = 0.0537
Mean value of Fst_3         = 0.1232
Mean value of Fst_4         = 0.0937
Mean value of Fst_5         = 0.0484
Mean value of Fst_6         = 0.0753
Mean value of Fst_7         = 0.0802


Inferred ancestry of individuals:
        Label (%Miss) Pop:  Inferred clusters
  1  BAFF014    (0)    1 :  0.011 0.011 0.009 0.006 0.019 0.016 0.929 
  2  BAFF379    (0)    2 :  0.046 0.247 0.139 0.013 0.453 0.087 0.016 
  3  BAFF212    (0)    3 :  0.296 0.039 0.043 0.064 0.483 0.050 0.025 
  4  BAFF018    (0)    4 :  0.023 0.365 0.324 0.022 0.243 0.013 0.009 
  5  BAFF247    (0)    4 :  0.042 0.384 0.031 0.013 0.500 0.021 0.008 
  6  BAFF024    (0)    5 :  0.170 0.028 0.014 0.046 0.078 0.642 0.022 
  7  BAFF088    (0)    6 :  0.766 0.038 0.047 0.040 0.073 0.025 0.011 
  8  BAFF429    (0)    6 :  0.131 0.172 0.048 0.014 0.190 0.427 0.019 
  9  BAFF087    (7)    7 :  0.958 0.006 0.007 0.007 0.008 0.006 0.008 
 10  BAFF225    (0)    7 :  0.349 0.021 0.015 0.017 0.305 0.260 0.033 
 11  BAFF195    (0)    8 :  0.094 0.091 0.587 0.012 0.075 0.097 0.044 
 12  BAFF238    (0)    9 :  0.040 0.045 0.026 0.036 0.124 0.630 0.098 
 13  BAFF019    (0)   10 :  0.056 0.025 0.030 0.832 0.019 0.014 0.023 
 14  BAFF175    (0)   10 :  0.181 0.380 0.035 0.069 0.103 0.218 0.013 
 15  BAFF156    (0)   11 :  0.005 0.007 0.966 0.006 0.006 0.005 0.004 
 16  BAFF301    (0)   11 :  0.018 0.019 0.014 0.023 0.024 0.045 0.857 
 17  BAFF141    (0)   12 :  0.008 0.689 0.023 0.006 0.105 0.006 0.163 
 18  BAFF302    (0)   12 :  0.027 0.040 0.025 0.051 0.463 0.364 0.029 
 19  BAFF290    (0)    1 :  0.017 0.066 0.009 0.013 0.036 0.021 0.838 
 20  BAFF498    (0)    6 :  0.055 0.026 0.105 0.067 0.386 0.140 0.221 
 21  BAFF455    (0)    7 :  0.750 0.052 0.018 0.031 0.034 0.092 0.023 
 22  BAFF203    (7)    8 :  0.867 0.037 0.014 0.011 0.040 0.022 0.009 
 23  BAFF056    (0)   12 :  0.010 0.017 0.006 0.799 0.127 0.023 0.017 
 24  BAFF327    (0)   12 :  0.030 0.658 0.036 0.164 0.032 0.020 0.060 
 25  BAFF255    (0)    1 :  0.009 0.011 0.007 0.007 0.013 0.009 0.945 
 26  BAFF256    (0)    1 :  0.011 0.007 0.006 0.012 0.008 0.008 0.949 
 27  BAFF257    (0)    1 :  0.007 0.007 0.005 0.006 0.007 0.007 0.962 
 28  BAFF260    (0)    1 :  0.016 0.007 0.005 0.007 0.008 0.012 0.944 
 29  BAFF259    (0)    1 :  0.008 0.009 0.010 0.016 0.008 0.009 0.941 
 30  BAFF261    (0)    1 :  0.009 0.010 0.007 0.008 0.014 0.007 0.944 
 31  BAFF274    (0)    1 :  0.029 0.020 0.014 0.015 0.048 0.024 0.850 
 32  BAFF262    (0)    1 :  0.031 0.025 0.010 0.009 0.010 0.009 0.906 
 33  BAFF294    (0)    1 :  0.032 0.009 0.007 0.007 0.008 0.008 0.928 
 34  BAFF292    (0)    1 :  0.009 0.019 0.012 0.010 0.016 0.085 0.850 
 35  BAFF296    (0)    1 :  0.008 0.014 0.014 0.015 0.019 0.050 0.880 
 36  BAFF295    (0)    1 :  0.024 0.044 0.009 0.012 0.017 0.020 0.874 
 37  BAFF298    (0)    1 :  0.012 0.017 0.012 0.019 0.026 0.022 0.892 
 38  BAFF299    (0)    1 :  0.012 0.006 0.008 0.029 0.006 0.006 0.932 
 39  BAFF375    (0)   13 :  0.013 0.010 0.008 0.009 0.014 0.924 0.021 
 40  BAFF376    (0)   13 :  0.058 0.019 0.010 0.028 0.034 0.833 0.017 
 41  BAFF377    (0)   13 :  0.009 0.009 0.007 0.009 0.012 0.938 0.016 
 42  BAFF022    (0)    5 :  0.030 0.550 0.037 0.012 0.115 0.121 0.135 
 43  BAFF021    (0)    5 :  0.034 0.833 0.011 0.014 0.038 0.027 0.043 
 44  BAFF499    (0)    6 :  0.015 0.054 0.028 0.818 0.031 0.045 0.008 
 45  BAFF204    (0)    8 :  0.025 0.072 0.037 0.042 0.724 0.092 0.009 
 46  BAFF068    (0)   12 :  0.008 0.024 0.013 0.831 0.033 0.012 0.079 
 47  BAFF336    (0)   12 :  0.030 0.058 0.272 0.538 0.069 0.019 0.014 
 48  BAFF447    (0)    7 :  0.024 0.024 0.047 0.012 0.776 0.108 0.008 
 49  BAFF457    (0)    7 :  0.014 0.039 0.066 0.010 0.596 0.243 0.032 
 50  BAFF448    (0)    7 :  0.444 0.041 0.056 0.007 0.359 0.028 0.063 
 51  BAFF465    (0)    7 :  0.888 0.019 0.016 0.011 0.040 0.013 0.014 
 52  BAFF194    (0)    8 :  0.046 0.040 0.031 0.012 0.167 0.669 0.036 
 53  BAFF199    (0)    8 :  0.019 0.181 0.216 0.021 0.444 0.100 0.020 
 54  BAFF500    (0)    6 :  0.104 0.012 0.010 0.086 0.451 0.090 0.248 
 55  BAFF206    (0)    8 :  0.083 0.613 0.018 0.060 0.046 0.117 0.063 
 56  BAFF069    (0)   12 :  0.013 0.013 0.020 0.909 0.014 0.021 0.009 
 57  BAFF330    (0)   12 :  0.624 0.054 0.204 0.027 0.051 0.023 0.017 
 58  BAFF239    (0)   10 :  0.024 0.293 0.100 0.520 0.020 0.011 0.032 
 59  BAFF241    (0)   10 :  0.012 0.090 0.077 0.733 0.026 0.012 0.049 
 60  BAFF157    (0)   11 :  0.006 0.007 0.959 0.006 0.008 0.008 0.005 
 61  BAFF161    (0)   11 :  0.006 0.005 0.967 0.006 0.006 0.006 0.005 
 62  BAFF160    (0)   11 :  0.009 0.008 0.959 0.006 0.007 0.007 0.005 
 63  BAFF008    (0)   12 :  0.582 0.042 0.019 0.156 0.132 0.024 0.045 
 64  BAFF013    (0)   12 :  0.808 0.089 0.027 0.015 0.022 0.028 0.012 
 65  BAFF407    (0)   12 :  0.014 0.020 0.021 0.909 0.013 0.013 0.010 
 66  BAFF503    (0)    6 :  0.074 0.012 0.047 0.817 0.022 0.021 0.006 
 67  BAFF449    (0)    7 :  0.334 0.582 0.011 0.025 0.021 0.016 0.011 
 68  BAFF207    (0)    8 :  0.040 0.027 0.006 0.645 0.040 0.230 0.013 
 69  BAFF070    (0)   12 :  0.016 0.031 0.009 0.906 0.015 0.015 0.009 
 70  BAFF335    (0)   12 :  0.014 0.907 0.015 0.024 0.021 0.009 0.010 
 71  BAFF507    (0)    6 :  0.016 0.015 0.021 0.009 0.196 0.695 0.048 
 72  BAFF450    (0)    7 :  0.034 0.043 0.228 0.050 0.174 0.259 0.211 
 73  BAFF209    (7)    8 :  0.226 0.158 0.063 0.027 0.037 0.455 0.033 
 74  BAFF072    (0)   12 :  0.026 0.522 0.357 0.040 0.032 0.012 0.010 
 75  BAFF339    (0)   12 :  0.013 0.087 0.024 0.383 0.168 0.311 0.014 
 76  BAFF508    (0)    6 :  0.013 0.028 0.799 0.015 0.077 0.015 0.052 
 77  BAFF451    (0)    7 :  0.075 0.185 0.018 0.029 0.469 0.213 0.012 
 78  BAFF210    (0)    8 :  0.108 0.015 0.011 0.463 0.128 0.186 0.088 
 79  BAFF139    (0)   12 :  0.035 0.195 0.058 0.014 0.337 0.303 0.058 
 80  BAFF341    (0)   12 :  0.060 0.133 0.142 0.026 0.490 0.129 0.021 
 81  BAFF509    (0)    6 :  0.676 0.078 0.009 0.044 0.039 0.092 0.062 
 82  BAFF453    (0)    7 :  0.081 0.069 0.017 0.104 0.049 0.671 0.010 
 83  BAFF389    (0)    8 :  0.018 0.019 0.133 0.007 0.009 0.786 0.029 
 84  BAFF163    (0)   12 :  0.011 0.005 0.009 0.952 0.006 0.014 0.004 
 85  BAFF344    (7)   12 :  0.036 0.615 0.044 0.203 0.034 0.059 0.010 
 86  BAFF510    (0)    6 :  0.288 0.061 0.093 0.036 0.189 0.322 0.012 
 87  BAFF456    (0)    7 :  0.012 0.081 0.020 0.038 0.468 0.360 0.021 
 88  BAFF390    (0)    8 :  0.010 0.007 0.008 0.006 0.011 0.952 0.007 
 89  BAFF142    (0)   12 :  0.011 0.491 0.043 0.071 0.076 0.011 0.296 
 90  BAFF363    (7)   12 :  0.011 0.019 0.035 0.910 0.009 0.009 0.007 
 91  BAFF517    (0)    6 :  0.020 0.119 0.021 0.027 0.169 0.635 0.009 
 92  BAFF458    (0)    7 :  0.101 0.057 0.057 0.035 0.638 0.054 0.059 
 93  BAFF391    (0)    8 :  0.030 0.146 0.021 0.307 0.253 0.022 0.221 
 94  BAFF149    (0)   12 :  0.010 0.835 0.044 0.028 0.037 0.033 0.013 
 95  BAFF366    (7)   12 :  0.007 0.824 0.029 0.015 0.049 0.067 0.009 
 96  BAFF512    (0)    6 :  0.103 0.016 0.049 0.038 0.577 0.078 0.138 
 97  BAFF460    (0)    7 :  0.012 0.616 0.028 0.015 0.279 0.034 0.016 
 98  BAFF138    (0)   12 :  0.007 0.899 0.022 0.020 0.017 0.014 0.020 
 99  BAFF374    (0)   12 :  0.518 0.023 0.045 0.337 0.013 0.027 0.038 
100  BAFF015    (0)    1 :  0.011 0.014 0.009 0.011 0.017 0.008 0.929 
101  BAFF380    (0)    2 :  0.133 0.065 0.629 0.037 0.088 0.034 0.015 
102  BAFF216    (0)    3 :  0.127 0.028 0.019 0.031 0.383 0.371 0.041 
103  BAFF017    (0)    4 :  0.007 0.006 0.007 0.024 0.121 0.818 0.018 
104  BAFF245    (0)    4 :  0.135 0.434 0.018 0.041 0.106 0.125 0.141 
105  BAFF378    (7)   13 :  0.020 0.021 0.037 0.011 0.666 0.036 0.209 
106  BAFF023    (0)    5 :  0.048 0.034 0.030 0.024 0.749 0.089 0.027 
107  BAFF079    (0)    6 :  0.136 0.168 0.033 0.045 0.108 0.471 0.039 
108  BAFF435    (0)    6 :  0.022 0.034 0.084 0.022 0.770 0.058 0.009 
109  BAFF174    (7)    7 :  0.059 0.029 0.022 0.040 0.041 0.802 0.008 
110  BAFF226    (0)    7 :  0.009 0.070 0.037 0.008 0.699 0.163 0.013 
111  BAFF190    (0)    8 :  0.587 0.128 0.074 0.094 0.077 0.022 0.018 
112  BAFF243    (0)    9 :  0.024 0.103 0.073 0.007 0.201 0.538 0.055 
113  BAFF177    (0)   10 :  0.656 0.076 0.025 0.010 0.026 0.173 0.035 
114  BAFF364    (7)   11 :  0.061 0.011 0.817 0.018 0.061 0.019 0.013 
115  BAFF305    (0)   12 :  0.014 0.867 0.019 0.023 0.030 0.026 0.021 
116  BAFF513    (0)    6 :  0.654 0.025 0.026 0.021 0.122 0.088 0.065 
117  BAFF462    (0)    7 :  0.177 0.018 0.061 0.086 0.141 0.018 0.501 
118  BAFF143    (0)   12 :  0.048 0.680 0.064 0.065 0.064 0.070 0.007 
119  BAFF403    (0)   12 :  0.008 0.009 0.010 0.949 0.009 0.008 0.007 
120  BAFF514    (0)    6 :  0.563 0.034 0.018 0.282 0.061 0.035 0.009 
121  BAFF463    (0)    7 :  0.964 0.005 0.007 0.005 0.007 0.006 0.006 
122  BAFF137    (0)   12 :  0.103 0.839 0.012 0.009 0.018 0.010 0.010 
123  BAFF404    (0)   12 :  0.009 0.010 0.025 0.920 0.012 0.010 0.014 
124  BAFF515    (0)    6 :  0.412 0.126 0.071 0.040 0.190 0.139 0.022 
125  BAFF144    (0)   12 :  0.190 0.071 0.512 0.062 0.126 0.027 0.012 
126  BAFF405    (7)   12 :  0.042 0.467 0.370 0.022 0.047 0.014 0.037 
127  BAFF518    (0)    6 :  0.013 0.295 0.023 0.522 0.101 0.033 0.014 
128  BAFF467    (0)    7 :  0.113 0.042 0.029 0.044 0.585 0.163 0.024 
129  BAFF145    (0)   12 :  0.025 0.303 0.509 0.011 0.064 0.022 0.066 
130  BAFF406    (0)   12 :  0.042 0.050 0.560 0.291 0.018 0.031 0.009 
131  BAFF519    (0)    6 :  0.063 0.075 0.026 0.013 0.204 0.606 0.013 
132  BAFF471    (0)    7 :  0.185 0.341 0.048 0.028 0.232 0.082 0.083 
133  BAFF136    (0)   12 :  0.052 0.151 0.011 0.717 0.011 0.052 0.006 
134  BAFF520    (7)    6 :  0.084 0.046 0.044 0.078 0.536 0.178 0.034 
135  BAFF472    (0)    7 :  0.292 0.061 0.195 0.034 0.288 0.095 0.035 
136  BAFF165    (0)   12 :  0.019 0.766 0.008 0.047 0.086 0.028 0.046 
137  BAFF408    (0)   12 :  0.016 0.680 0.131 0.078 0.038 0.019 0.037 
138  BAFF522    (0)    6 :  0.794 0.046 0.034 0.039 0.030 0.026 0.031 
139  BAFF475    (0)    7 :  0.043 0.061 0.035 0.049 0.196 0.608 0.009 
140  BAFF140    (0)   12 :  0.243 0.500 0.081 0.027 0.047 0.081 0.020 
141  BAFF409    (0)   12 :  0.056 0.015 0.012 0.793 0.013 0.014 0.097 
142  BAFF523    (0)    6 :  0.619 0.014 0.155 0.009 0.157 0.032 0.015 
143  BAFF476    (0)    7 :  0.013 0.045 0.219 0.032 0.238 0.442 0.010 
144  BAFF147    (0)   12 :  0.044 0.711 0.017 0.169 0.023 0.022 0.015 
145  BAFF410    (0)   12 :  0.008 0.233 0.015 0.621 0.043 0.063 0.017 
146  BAFF477    (0)    7 :  0.016 0.184 0.024 0.007 0.603 0.086 0.080 
147  BAFF411    (0)   12 :  0.016 0.065 0.090 0.099 0.085 0.030 0.616 
148  BAFF486    (7)    7 :  0.006 0.010 0.056 0.006 0.869 0.044 0.008 
149  BAFF412    (7)   12 :  0.090 0.022 0.019 0.762 0.030 0.028 0.050 
150  BAFF258    (0)    1 :  0.430 0.022 0.073 0.028 0.189 0.025 0.234 
151  BAFF392    (0)    2 :  0.929 0.008 0.030 0.006 0.006 0.016 0.005 
152  BAFF217    (0)    3 :  0.012 0.065 0.049 0.018 0.104 0.737 0.015 
153  BAFF016    (0)    4 :  0.010 0.033 0.133 0.033 0.067 0.719 0.005 
154  BAFF246    (0)    4 :  0.043 0.020 0.047 0.021 0.071 0.788 0.010 
155  BAFF381    (0)   13 :  0.025 0.386 0.022 0.037 0.470 0.049 0.011 
156  BAFF078    (0)    6 :  0.026 0.399 0.481 0.060 0.015 0.011 0.007 
157  BAFF481    (0)    6 :  0.051 0.187 0.044 0.051 0.536 0.101 0.030 
158  BAFF436    (0)    7 :  0.464 0.077 0.056 0.055 0.078 0.168 0.101 
159  BAFF191    (0)    8 :  0.134 0.044 0.014 0.021 0.053 0.723 0.011 
160  BAFF382    (0)    9 :  0.088 0.046 0.062 0.087 0.663 0.046 0.008 
161  BAFF178    (0)   10 :  0.645 0.021 0.010 0.068 0.017 0.229 0.010 
162  BAFF159    (7)   11 :  0.016 0.021 0.019 0.027 0.591 0.313 0.013 
163  BAFF365    (7)   11 :  0.016 0.483 0.048 0.018 0.167 0.074 0.194 
164  BAFF007    (0)   12 :  0.048 0.217 0.235 0.027 0.299 0.093 0.082 
165  BAFF304    (7)   12 :  0.013 0.649 0.161 0.082 0.069 0.015 0.011 
166  BAFF487    (0)    7 :  0.138 0.015 0.158 0.037 0.539 0.082 0.030 
167  BAFF415    (0)   12 :  0.039 0.233 0.024 0.556 0.050 0.025 0.073 
168  BAFF488    (0)    7 :  0.014 0.072 0.021 0.014 0.119 0.085 0.675 
169  BAFF417    (0)   12 :  0.038 0.436 0.031 0.369 0.089 0.020 0.017 
170  BAFF489    (0)    7 :  0.064 0.263 0.135 0.039 0.459 0.031 0.009 
171  BAFF426    (0)   12 :  0.020 0.017 0.008 0.910 0.015 0.012 0.017 
172  BAFF490    (7)    7 :  0.064 0.023 0.278 0.012 0.466 0.134 0.022 
173  BAFF491    (0)    7 :  0.230 0.030 0.140 0.010 0.496 0.049 0.045 
174  BAFF492    (0)    7 :  0.022 0.022 0.053 0.019 0.802 0.073 0.009 
175  BAFF493    (0)    7 :  0.136 0.041 0.032 0.044 0.184 0.037 0.526 
176  BAFF506    (0)    7 :  0.107 0.022 0.109 0.022 0.529 0.064 0.147 
177  BAFF393    (0)    2 :  0.014 0.073 0.564 0.009 0.265 0.047 0.027 
178  BAFF218    (0)    3 :  0.090 0.087 0.033 0.028 0.275 0.423 0.065 
179  BAFF254    (0)    4 :  0.020 0.103 0.669 0.012 0.135 0.013 0.048 
180  BAFF385    (0)   13 :  0.280 0.061 0.154 0.086 0.338 0.042 0.040 
181  BAFF076    (0)    6 :  0.938 0.008 0.013 0.011 0.010 0.009 0.010 
182  BAFF482    (0)    6 :  0.094 0.088 0.027 0.059 0.698 0.026 0.009 
183  BAFF437    (0)    7 :  0.029 0.728 0.008 0.012 0.168 0.031 0.024 
184  BAFF192    (0)    8 :  0.448 0.085 0.241 0.015 0.057 0.134 0.020 
185  BAFF383    (0)    9 :  0.026 0.079 0.008 0.011 0.024 0.009 0.843 
186  BAFF180    (0)   10 :  0.271 0.013 0.014 0.128 0.047 0.517 0.009 
187  BAFF048    (7)   12 :  0.040 0.046 0.787 0.010 0.064 0.015 0.038 
188  BAFF306    (0)   12 :  0.056 0.662 0.033 0.034 0.120 0.084 0.012 
189  BAFF394    (0)    2 :  0.047 0.165 0.095 0.022 0.058 0.570 0.043 
190  BAFF219    (0)    3 :  0.028 0.267 0.016 0.014 0.456 0.210 0.009 
191  BAFF388    (0)    4 :  0.268 0.013 0.019 0.415 0.056 0.026 0.204 
192  BAFF386    (7)   13 :  0.702 0.080 0.062 0.020 0.083 0.029 0.023 
193  BAFF084    (0)    6 :  0.010 0.014 0.862 0.009 0.074 0.021 0.010 
194  BAFF483    (0)    6 :  0.333 0.192 0.017 0.146 0.114 0.161 0.037 
195  BAFF438   (15)    7 :  0.077 0.391 0.262 0.054 0.161 0.037 0.018 
196  BAFF193    (0)    8 :  0.080 0.025 0.044 0.021 0.373 0.040 0.418 
197  BAFF183    (0)   10 :  0.027 0.087 0.152 0.083 0.309 0.223 0.120 
198  BAFF153    (0)   12 :  0.012 0.917 0.028 0.015 0.012 0.009 0.008 
199  BAFF307    (0)   12 :  0.025 0.552 0.219 0.024 0.140 0.029 0.012 
200  BAFF397    (0)    2 :  0.005 0.231 0.023 0.011 0.643 0.078 0.009 
201  BAFF220    (0)    3 :  0.899 0.008 0.045 0.012 0.021 0.007 0.009 
202  BAFF095    (0)    6 :  0.879 0.015 0.011 0.016 0.017 0.021 0.041 
203  BAFF494    (0)    6 :  0.600 0.014 0.045 0.029 0.260 0.044 0.007 
204  BAFF439    (0)    7 :  0.014 0.236 0.023 0.388 0.184 0.145 0.011 
205  BAFF182    (0)   10 :  0.565 0.083 0.096 0.148 0.028 0.048 0.031 
206  BAFF054    (0)   12 :  0.009 0.018 0.009 0.943 0.009 0.006 0.007 
207  BAFF308    (0)   12 :  0.019 0.797 0.037 0.016 0.102 0.011 0.018 
208  BAFF266    (0)    1 :  0.023 0.028 0.153 0.041 0.552 0.050 0.152 
209  BAFF398    (7)    2 :  0.947 0.007 0.007 0.006 0.016 0.006 0.012 
210  BAFF221    (0)    3 :  0.089 0.082 0.215 0.096 0.014 0.012 0.493 
211  BAFF090    (0)    6 :  0.071 0.104 0.400 0.230 0.150 0.024 0.021 
212  BAFF495    (0)    6 :  0.009 0.009 0.008 0.009 0.036 0.921 0.008 
213  BAFF459    (0)    7 :  0.014 0.050 0.055 0.015 0.190 0.668 0.008 
214  BAFF197    (0)    8 :  0.021 0.502 0.013 0.073 0.230 0.143 0.017 
215  BAFF188    (0)   10 :  0.019 0.776 0.057 0.064 0.048 0.018 0.019 
216  BAFF051    (0)   12 :  0.054 0.042 0.017 0.386 0.435 0.042 0.024 
217  BAFF309    (0)   12 :  0.093 0.040 0.063 0.015 0.732 0.044 0.012 
218  BAFF269    (0)    1 :  0.040 0.426 0.016 0.011 0.222 0.181 0.105 
219  BAFF077    (0)    6 :  0.006 0.008 0.041 0.012 0.161 0.760 0.012 
220  BAFF496    (0)    6 :  0.009 0.009 0.007 0.010 0.035 0.918 0.012 
221  BAFF443    (0)    7 :  0.047 0.154 0.034 0.107 0.543 0.034 0.081 
222  BAFF198    (0)    8 :  0.283 0.039 0.036 0.068 0.165 0.398 0.011 
223  BAFF053    (0)   12 :  0.010 0.836 0.026 0.040 0.036 0.031 0.022 
224  BAFF310    (0)   12 :  0.011 0.088 0.014 0.823 0.035 0.021 0.009 
225  BAFF282    (0)    1 :  0.044 0.025 0.017 0.016 0.020 0.026 0.852 
226  BAFF497    (0)    6 :  0.014 0.026 0.015 0.015 0.344 0.574 0.011 
227  BAFF466    (0)    7 :  0.048 0.078 0.271 0.038 0.504 0.046 0.015 
228  BAFF200    (7)    8 :  0.531 0.051 0.085 0.056 0.187 0.076 0.015 
229  BAFF240    (0)   10 :  0.067 0.050 0.749 0.011 0.080 0.028 0.015 
230  BAFF055    (0)   12 :  0.029 0.165 0.012 0.740 0.020 0.011 0.022 
231  BAFF311    (7)   12 :  0.906 0.023 0.016 0.007 0.009 0.015 0.024 


Estimated Allele Frequencies in each cluster
First column gives estimated ancestral frequencies


Locus 1 : btern01 
9 alleles
0.0% missing data
   1   (0.141) 0.139 0.162 0.164 0.036 0.133 0.196 0.113 
   2   (0.017) 0.004 0.004 0.004 0.003 0.014 0.004 0.025 
   3   (0.167) 0.134 0.200 0.134 0.096 0.217 0.220 0.073 
   4   (0.214) 0.186 0.192 0.246 0.178 0.211 0.237 0.208 
   5   (0.287) 0.159 0.348 0.366 0.330 0.346 0.166 0.422 
   6   (0.070) 0.044 0.059 0.024 0.327 0.031 0.085 0.034 
   7   (0.051) 0.270 0.018 0.039 0.021 0.018 0.014 0.085 
   8   (0.017) 0.003 0.007 0.003 0.002 0.006 0.005 0.033 
   9   (0.035) 0.059 0.009 0.020 0.006 0.025 0.074 0.007 

Locus 2 : bt28 
5 alleles
0.0% missing data
   1   (0.664) 0.584 0.734 0.658 0.719 0.649 0.706 0.773 
   2   (0.153) 0.172 0.153 0.061 0.103 0.130 0.152 0.162 
   3   (0.145) 0.237 0.100 0.268 0.171 0.169 0.082 0.044 
   4   (0.027) 0.005 0.010 0.011 0.005 0.049 0.058 0.007 
   5   (0.012) 0.002 0.003 0.002 0.002 0.003 0.002 0.014 

Locus 3 : b96 
8 alleles
0.9% missing data
   1   (0.330) 0.346 0.455 0.205 0.321 0.324 0.291 0.352 
   2   (0.482) 0.527 0.348 0.589 0.524 0.581 0.635 0.463 
   3   (0.045) 0.029 0.052 0.099 0.040 0.031 0.013 0.011 
   4   (0.016) 0.003 0.003 0.070 0.003 0.008 0.003 0.004 
   5   (0.050) 0.047 0.054 0.012 0.029 0.031 0.027 0.025 
   6   (0.027) 0.037 0.012 0.006 0.005 0.006 0.005 0.082 
   7   (0.037) 0.008 0.071 0.016 0.007 0.016 0.025 0.060 
   8   (0.013) 0.003 0.003 0.002 0.071 0.003 0.002 0.003 

Locus 4 : bt30 
12 alleles
0.9% missing data
   1   (0.111) 0.180 0.064 0.052 0.116 0.127 0.043 0.251 
   2   (0.283) 0.267 0.295 0.267 0.283 0.338 0.317 0.287 
   3   (0.070) 0.027 0.037 0.088 0.028 0.197 0.118 0.017 
   4   (0.184) 0.222 0.222 0.220 0.238 0.148 0.192 0.120 
   5   (0.014) 0.015 0.004 0.003 0.003 0.008 0.004 0.003 
   6   (0.102) 0.209 0.070 0.039 0.057 0.070 0.147 0.099 
   7   (0.031) 0.010 0.045 0.011 0.023 0.020 0.014 0.021 
   8   (0.053) 0.011 0.074 0.054 0.058 0.031 0.015 0.042 
   9   (0.112) 0.042 0.153 0.261 0.186 0.051 0.133 0.092 
  10   (0.013) 0.002 0.003 0.002 0.002 0.003 0.002 0.061 
  11   (0.017) 0.013 0.032 0.003 0.004 0.005 0.005 0.004 
  12   (0.010) 0.002 0.003 0.002 0.002 0.003 0.010 0.002 

Locus 5 : btms0081 
3 alleles
0.9% missing data
   1   (0.498) 0.637 0.405 0.598 0.311 0.574 0.444 0.584 
   2   (0.353) 0.267 0.424 0.333 0.462 0.340 0.388 0.228 
   3   (0.150) 0.096 0.171 0.069 0.227 0.085 0.168 0.188 

Locus 6 : btms0066 
24 alleles
0.0% missing data
   1   (0.258) 0.343 0.293 0.214 0.369 0.301 0.180 0.386 
   2   (0.014) 0.003 0.003 0.004 0.002 0.004 0.005 0.065 
   3   (0.034) 0.018 0.107 0.016 0.009 0.038 0.009 0.006 
   4   (0.155) 0.192 0.113 0.070 0.129 0.255 0.368 0.062 
   5   (0.094) 0.042 0.201 0.043 0.112 0.140 0.100 0.030 
   6   (0.056) 0.185 0.051 0.092 0.019 0.021 0.052 0.012 
   7   (0.021) 0.047 0.004 0.005 0.003 0.008 0.004 0.016 
   8   (0.055) 0.017 0.031 0.034 0.032 0.045 0.082 0.076 
   9   (0.018) 0.007 0.018 0.249 0.004 0.005 0.004 0.003 
  10   (0.026) 0.006 0.006 0.046 0.004 0.024 0.008 0.134 
  11   (0.021) 0.008 0.005 0.004 0.012 0.005 0.005 0.138 
  12   (0.037) 0.007 0.030 0.011 0.017 0.049 0.116 0.008 
  13   (0.026) 0.023 0.018 0.030 0.016 0.012 0.005 0.006 
  14   (0.019) 0.004 0.005 0.062 0.039 0.005 0.003 0.004 
  15   (0.022) 0.004 0.023 0.005 0.003 0.033 0.014 0.006 
  16   (0.031) 0.022 0.015 0.063 0.093 0.009 0.007 0.007 
  17   (0.023) 0.006 0.023 0.021 0.053 0.012 0.004 0.016 
  18   (0.012) 0.002 0.002 0.002 0.030 0.002 0.002 0.002 
  19   (0.011) 0.002 0.033 0.002 0.002 0.002 0.002 0.002 
  20   (0.022) 0.023 0.006 0.007 0.014 0.008 0.022 0.007 
  21   (0.018) 0.025 0.004 0.011 0.003 0.007 0.003 0.005 
  22   (0.010) 0.009 0.002 0.004 0.002 0.004 0.002 0.002 
  23   (0.009) 0.002 0.003 0.001 0.028 0.002 0.001 0.002 
  24   (0.011) 0.002 0.003 0.004 0.002 0.008 0.002 0.004 

Locus 7 : btms0083 
31 alleles
3.0% missing data
   1   (0.010) 0.002 0.003 0.003 0.002 0.002 0.002 0.203 
   2   (0.024) 0.005 0.029 0.015 0.004 0.010 0.004 0.097 
   3   (0.030) 0.071 0.011 0.097 0.008 0.017 0.009 0.006 
   4   (0.040) 0.035 0.021 0.033 0.011 0.056 0.016 0.053 
   5   (0.191) 0.349 0.228 0.193 0.260 0.204 0.159 0.212 
   6   (0.019) 0.019 0.007 0.020 0.005 0.023 0.008 0.006 
   7   (0.067) 0.023 0.099 0.070 0.163 0.081 0.040 0.023 
   8   (0.037) 0.009 0.136 0.013 0.012 0.044 0.012 0.017 
   9   (0.034) 0.047 0.035 0.009 0.007 0.036 0.041 0.008 
  10   (0.026) 0.107 0.015 0.006 0.026 0.010 0.013 0.008 
  11   (0.051) 0.015 0.039 0.309 0.009 0.074 0.124 0.014 
  12   (0.017) 0.006 0.004 0.003 0.004 0.011 0.010 0.036 
  13   (0.048) 0.020 0.077 0.027 0.073 0.032 0.105 0.010 
  14   (0.034) 0.009 0.022 0.017 0.006 0.137 0.047 0.007 
  15   (0.032) 0.024 0.013 0.009 0.007 0.019 0.055 0.023 
  16   (0.031) 0.075 0.008 0.013 0.006 0.032 0.009 0.034 
  17   (0.035) 0.012 0.020 0.011 0.006 0.012 0.186 0.079 
  18   (0.056) 0.043 0.039 0.028 0.113 0.051 0.027 0.038 
  19   (0.020) 0.004 0.006 0.005 0.105 0.014 0.004 0.011 
  20   (0.028) 0.007 0.086 0.007 0.052 0.014 0.007 0.005 
  21   (0.010) 0.002 0.002 0.002 0.001 0.002 0.002 0.030 
  22   (0.012) 0.002 0.003 0.003 0.002 0.003 0.003 0.028 
  23   (0.016) 0.004 0.010 0.003 0.002 0.009 0.008 0.018 
  24   (0.010) 0.002 0.002 0.002 0.013 0.003 0.002 0.003 
  25   (0.032) 0.079 0.030 0.009 0.007 0.042 0.007 0.007 
  26   (0.016) 0.005 0.005 0.006 0.003 0.014 0.058 0.003 
  27   (0.026) 0.008 0.026 0.009 0.054 0.015 0.031 0.005 
  28   (0.016) 0.006 0.004 0.070 0.003 0.009 0.006 0.005 
  29   (0.009) 0.003 0.002 0.004 0.002 0.016 0.003 0.004 
  30   (0.014) 0.003 0.010 0.002 0.033 0.003 0.002 0.003 
  31   (0.009) 0.002 0.006 0.002 0.001 0.004 0.003 0.003 

Locus 8 : b126 
16 alleles
0.0% missing data
   1   (0.043) 0.063 0.036 0.009 0.012 0.020 0.030 0.040 
   2   (0.051) 0.014 0.063 0.012 0.008 0.035 0.065 0.122 
   3   (0.315) 0.271 0.358 0.520 0.397 0.372 0.366 0.225 
   4   (0.029) 0.013 0.009 0.006 0.006 0.042 0.063 0.008 
   5   (0.075) 0.127 0.036 0.050 0.058 0.123 0.070 0.026 
   6   (0.065) 0.016 0.143 0.021 0.151 0.104 0.034 0.017 
   7   (0.103) 0.174 0.125 0.222 0.133 0.071 0.092 0.021 
   8   (0.029) 0.007 0.013 0.007 0.072 0.016 0.042 0.007 
   9   (0.012) 0.039 0.003 0.002 0.002 0.003 0.002 0.002 
  10   (0.041) 0.106 0.016 0.010 0.054 0.014 0.026 0.025 
  11   (0.093) 0.034 0.091 0.113 0.025 0.111 0.055 0.369 
  12   (0.029) 0.006 0.031 0.006 0.027 0.026 0.007 0.028 
  13   (0.066) 0.086 0.035 0.013 0.046 0.042 0.085 0.100 
  14   (0.017) 0.008 0.007 0.003 0.004 0.011 0.055 0.004 
  15   (0.014) 0.008 0.028 0.002 0.002 0.003 0.003 0.003 
  16   (0.017) 0.028 0.005 0.004 0.003 0.008 0.005 0.003 

Locus 9 : btms0062 
34 alleles
0.0% missing data
   1   (0.029) 0.033 0.009 0.061 0.009 0.034 0.009 0.074 
   2   (0.049) 0.038 0.021 0.022 0.014 0.034 0.180 0.104 
   3   (0.080) 0.031 0.222 0.099 0.057 0.090 0.045 0.103 
   4   (0.104) 0.213 0.047 0.160 0.207 0.152 0.062 0.056 
   5   (0.055) 0.045 0.072 0.109 0.014 0.138 0.018 0.021 
   6   (0.025) 0.012 0.032 0.018 0.005 0.021 0.027 0.007 
   7   (0.011) 0.003 0.006 0.002 0.002 0.016 0.003 0.002 
   8   (0.023) 0.005 0.055 0.004 0.004 0.040 0.018 0.006 
   9   (0.038) 0.026 0.013 0.077 0.015 0.035 0.109 0.019 
  10   (0.055) 0.072 0.030 0.015 0.065 0.066 0.051 0.043 
  11   (0.070) 0.152 0.058 0.193 0.043 0.059 0.054 0.025 
  12   (0.042) 0.078 0.038 0.010 0.030 0.017 0.196 0.009 
  13   (0.044) 0.123 0.062 0.018 0.017 0.024 0.023 0.026 
  14   (0.038) 0.011 0.037 0.011 0.260 0.050 0.033 0.011 
  15   (0.016) 0.004 0.102 0.004 0.004 0.005 0.005 0.003 
  16   (0.018) 0.003 0.017 0.053 0.011 0.005 0.003 0.004 
  17   (0.019) 0.012 0.004 0.003 0.003 0.006 0.004 0.147 
  18   (0.011) 0.032 0.003 0.003 0.002 0.003 0.005 0.002 
  19   (0.044) 0.016 0.017 0.009 0.088 0.037 0.055 0.079 
  20   (0.013) 0.002 0.003 0.002 0.002 0.003 0.002 0.031 
  21   (0.029) 0.019 0.012 0.008 0.005 0.039 0.029 0.057 
  22   (0.017) 0.003 0.020 0.003 0.003 0.005 0.003 0.093 
  23   (0.012) 0.003 0.003 0.002 0.002 0.006 0.002 0.025 
  24   (0.020) 0.004 0.006 0.004 0.008 0.037 0.024 0.005 
  25   (0.011) 0.003 0.002 0.002 0.002 0.014 0.003 0.009 
  26   (0.030) 0.026 0.017 0.042 0.056 0.031 0.016 0.015 
  27   (0.018) 0.012 0.038 0.029 0.006 0.005 0.003 0.003 
  28   (0.012) 0.002 0.023 0.002 0.002 0.003 0.002 0.002 
  29   (0.012) 0.002 0.003 0.022 0.002 0.005 0.004 0.005 
  30   (0.013) 0.002 0.003 0.002 0.030 0.003 0.002 0.002 
  31   (0.011) 0.002 0.013 0.002 0.002 0.010 0.002 0.002 
  32   (0.010) 0.007 0.003 0.005 0.002 0.003 0.003 0.002 
  33   (0.012) 0.002 0.007 0.002 0.002 0.005 0.004 0.003 
  34   (0.011) 0.002 0.004 0.002 0.026 0.003 0.002 0.002 

Locus 10 : btern02 
25 alleles
4.8% missing data
   1   (0.101) 0.078 0.136 0.199 0.056 0.069 0.180 0.128 
   2   (0.012) 0.002 0.003 0.002 0.002 0.003 0.002 0.015 
   3   (0.085) 0.132 0.089 0.064 0.024 0.128 0.123 0.029 
   4   (0.050) 0.153 0.031 0.010 0.095 0.035 0.061 0.015 
   5   (0.026) 0.023 0.012 0.033 0.006 0.039 0.007 0.015 
   6   (0.043) 0.028 0.023 0.151 0.018 0.092 0.023 0.018 
   7   (0.030) 0.028 0.027 0.005 0.133 0.015 0.012 0.006 
   8   (0.039) 0.013 0.036 0.026 0.007 0.034 0.020 0.096 
   9   (0.073) 0.107 0.192 0.045 0.048 0.046 0.020 0.084 
  10   (0.027) 0.010 0.009 0.010 0.005 0.096 0.077 0.006 
  11   (0.060) 0.021 0.120 0.023 0.065 0.066 0.085 0.019 
  12   (0.036) 0.012 0.019 0.017 0.007 0.024 0.055 0.128 
  13   (0.050) 0.071 0.026 0.012 0.055 0.037 0.042 0.051 
  14   (0.052) 0.037 0.028 0.016 0.127 0.025 0.050 0.154 
  15   (0.009) 0.002 0.002 0.121 0.001 0.002 0.002 0.002 
  16   (0.044) 0.013 0.025 0.012 0.047 0.076 0.035 0.051 
  17   (0.028) 0.018 0.009 0.018 0.060 0.038 0.014 0.007 
  18   (0.044) 0.020 0.023 0.016 0.164 0.040 0.100 0.011 
  19   (0.040) 0.082 0.074 0.061 0.010 0.028 0.018 0.008 
  20   (0.042) 0.079 0.033 0.009 0.009 0.043 0.026 0.052 
  21   (0.022) 0.005 0.013 0.007 0.008 0.023 0.007 0.055 
  22   (0.013) 0.003 0.004 0.002 0.006 0.005 0.003 0.020 
  23   (0.032) 0.035 0.047 0.013 0.006 0.015 0.027 0.021 
  24   (0.028) 0.014 0.014 0.124 0.036 0.016 0.006 0.006 
  25   (0.012) 0.015 0.003 0.002 0.004 0.006 0.006 0.003 

Locus 11 : btms0086 
3 alleles
0.0% missing data
   1   (0.843) 0.765 0.911 0.960 0.927 0.809 0.845 0.789 
   2   (0.135) 0.231 0.052 0.036 0.065 0.183 0.151 0.191 
   3   (0.022) 0.004 0.037 0.004 0.008 0.008 0.004 0.020 

Locus 12 : bl13 
3 alleles
0.0% missing data
   1   (0.069) 0.032 0.027 0.021 0.319 0.038 0.025 0.205 
   2   (0.828) 0.848 0.858 0.757 0.626 0.890 0.886 0.775 
   3   (0.103) 0.120 0.115 0.222 0.056 0.072 0.089 0.021 

Locus 13 : btms0059 
9 alleles
0.0% missing data
   1   (0.345) 0.332 0.518 0.485 0.296 0.322 0.235 0.357 
   2   (0.102) 0.034 0.064 0.182 0.018 0.138 0.295 0.124 
   3   (0.063) 0.031 0.055 0.031 0.111 0.028 0.030 0.117 
   4   (0.056) 0.092 0.041 0.015 0.020 0.041 0.027 0.045 
   5   (0.082) 0.035 0.081 0.056 0.041 0.143 0.059 0.036 
   6   (0.302) 0.457 0.217 0.212 0.506 0.285 0.305 0.307 
   7   (0.016) 0.003 0.004 0.005 0.003 0.010 0.039 0.003 
   8   (0.024) 0.013 0.016 0.009 0.004 0.028 0.006 0.006 
   9   (0.011) 0.002 0.003 0.004 0.003 0.005 0.004 0.004 

Values of parameters used in structure:
DATAFILE=/Users/johnmola/Desktop/rpbbfeb27/rpbbstructure/project_data,	OUTFILE=/Users/johnmola/Desktop/rpbbfeb27/rpbbstructure/rpbb20k100k/Results/rpbb20k100k_run_66,	NUMINDS=231,	NUMLOCI=13,	MISSING=-9,	LABEL=1,	POPDATA=1,	POPFLAG=0,	PHENOTYPE=0,	EXTRACOLS=0,	MAXPOPS=7,	BURNIN=20000,	NUMREPS=100000,	USEPOPINFO=0,	INFERALPHA=1,	INFERLAMBDA=0,	POPSPECIFICLAMBDA=0,	POPALPHAS=0,	COMPUTEPROB=1,	NOADMIX=0,	ADMBURNIN=2500,	UPDATEFREQ=1,	PRINTLIKES=0,	INTERMEDSAVE=0,	PRINTKLD=0,	PRINTNET=0,	PRINTLAMBDA=0,	ANCESTDIST=0,	NUMBOXES=1000,	ANCESTPINT=0.90000,	GENSBACK=2,	MIGRPRIOR=0.05000,	PRINTQHAT=0,	PRINTQSUM=0,	ALPHA=1.0000,	FREQSCORR=1,	FPRIORMEAN=0.0100,	FPRIORSD=0.0500,	ONEFST=0,	LAMBDA=1.0000,	UNIFPRIORALPHA=1,	ALPHAMAX=10.0000,	ALPHAPRIORA=1.0000,	ALPHAPRIORB=2.0000,	ALPHAPROPSD=0.0250,	STARTATPOPINFO=0,	RANDOMIZE=1,	LINKAGE=0,	METROFREQ=10,	REPORTHITRATE=0,	MARKOVPHASE=-1,	PHASED=0,	PLOIDY=2,	PHASEINFO=0	LOCPRIOR=0, 	LOCPRIORINIT=1.000000, 	LOCDATA=0, 	LOCISPOP=0, 	LOCPRIORSTEP=0.100000, 	MAXLOCPRIOR=20.000000, 	SEED=1677521230,	
[STRAT parameters]:    NUMSIMSTATS=1000,	PHENOTYPECOL=-9,	POOLFREQ=10,	LOCUSxONLY=0,	EMERROR=0.00100,	MISSINGPHENO=-9,	