

----------------------------------------------------
STRUCTURE by Pritchard, Stephens and Donnelly (2000)
     and Falush, Stephens and Pritchard (2003)
       Code by Pritchard, Falush and Hubisz
             Version 2.3.4 (Jul 2012)
----------------------------------------------------



Command line arguments:   bin/structure -m "/Users/johnmola/Desktop/rpbbfeb27/rpbbstructure/rpbb20k100k/mainparams" -e "/Users/johnmola/Desktop/rpbbfeb27/rpbbstructure/rpbb20k100k/extraparams" 
Input File:    /Users/johnmola/Desktop/rpbbfeb27/rpbbstructure/project_data

Run parameters:
   231 individuals
   13 loci
   10 populations assumed
   20000 Burn-in period
   100000 Reps


--------------------------------------------
Proportion of membership of each pre-defined
 population in each of the 10 clusters

Given    Inferred Clusters                                                        Number of
 Pop       1      2      3      4      5      6      7      8      9     10      Individuals

  1:     0.040  0.036  0.013  0.033  0.079  0.031  0.038  0.689  0.014  0.028       21
  2:     0.119  0.172  0.085  0.109  0.033  0.173  0.095  0.017  0.013  0.184        7
  3:     0.180  0.151  0.078  0.063  0.124  0.141  0.087  0.057  0.022  0.098        7
  4:     0.174  0.076  0.049  0.154  0.060  0.093  0.123  0.047  0.049  0.174        8
  5:     0.182  0.099  0.009  0.173  0.026  0.099  0.136  0.040  0.021  0.215        4
  6:     0.160  0.119  0.049  0.064  0.097  0.114  0.107  0.028  0.074  0.188       35
  7:     0.150  0.155  0.033  0.096  0.071  0.171  0.138  0.058  0.028  0.100       40
  8:     0.097  0.086  0.061  0.076  0.150  0.102  0.101  0.035  0.073  0.220       19
  9:     0.105  0.147  0.036  0.091  0.135  0.115  0.099  0.204  0.022  0.046        4
 10:     0.074  0.074  0.095  0.063  0.048  0.136  0.162  0.019  0.121  0.208       11
 11:     0.129  0.027  0.543  0.031  0.015  0.043  0.055  0.125  0.012  0.019        8
 12:     0.049  0.076  0.043  0.226  0.029  0.071  0.099  0.027  0.290  0.089       60
 13:     0.053  0.102  0.015  0.065  0.400  0.117  0.125  0.031  0.016  0.076        7
--------------------------------------------

Allele-freq. divergence among pops (Net nucleotide distance),
computed using point estimates of P.

      1       2       3       4       5       6       7       8       9      10      
 1      -    0.0260  0.0552  0.0229  0.0498  0.0187  0.0201  0.0393  0.0450  0.0208  
 2   0.0260     -    0.0637  0.0279  0.0517  0.0080  0.0182  0.0372  0.0404  0.0135  
 3   0.0552  0.0637     -    0.0624  0.0964  0.0530  0.0565  0.0873  0.0820  0.0651  
 4   0.0229  0.0279  0.0624     -    0.0566  0.0184  0.0149  0.0378  0.0347  0.0209  
 5   0.0498  0.0517  0.0964  0.0566     -    0.0409  0.0427  0.0760  0.0619  0.0509  
 6   0.0187  0.0080  0.0530  0.0184  0.0409     -    0.0037  0.0346  0.0310  0.0143  
 7   0.0201  0.0182  0.0565  0.0149  0.0427  0.0037     -    0.0365  0.0302  0.0182  
 8   0.0393  0.0372  0.0873  0.0378  0.0760  0.0346  0.0365     -    0.0507  0.0357  
 9   0.0450  0.0404  0.0820  0.0347  0.0619  0.0310  0.0302  0.0507     -    0.0342  
10   0.0208  0.0135  0.0651  0.0209  0.0509  0.0143  0.0182  0.0357  0.0342     -    

Average distances (expected heterozygosity) between individuals in same cluster:
cluster  1  : 0.6817 
cluster  2  : 0.6862 
cluster  3  : 0.6018 
cluster  4  : 0.6756 
cluster  5  : 0.6095 
cluster  6  : 0.6806 
cluster  7  : 0.6668 
cluster  8  : 0.6816 
cluster  9  : 0.6736 
cluster 10  : 0.7004 

--------------------------------------------
Estimated Ln Prob of Data   = -10025.1
Mean value of ln likelihood = -9136.6
Variance of ln likelihood   = 1777.0
Mean value of alpha         = 0.0508

Mean value of Fst_1         = 0.0838
Mean value of Fst_2         = 0.1103
Mean value of Fst_3         = 0.2513
Mean value of Fst_4         = 0.0790
Mean value of Fst_5         = 0.1706
Mean value of Fst_6         = 0.1100
Mean value of Fst_7         = 0.0993
Mean value of Fst_8         = 0.1059
Mean value of Fst_9         = 0.1087
Mean value of Fst_10         = 0.0747


Inferred ancestry of individuals:
        Label (%Miss) Pop:  Inferred clusters
  1  BAFF014    (0)    1 :  0.027 0.010 0.009 0.013 0.016 0.010 0.012 0.883 0.005 0.016 
  2  BAFF379    (0)    2 :  0.091 0.159 0.043 0.282 0.043 0.139 0.142 0.013 0.011 0.078 
  3  BAFF212    (0)    3 :  0.068 0.143 0.012 0.057 0.038 0.172 0.112 0.016 0.045 0.338 
  4  BAFF018    (0)    4 :  0.016 0.095 0.036 0.401 0.006 0.195 0.207 0.007 0.017 0.019 
  5  BAFF247    (0)    4 :  0.100 0.154 0.008 0.370 0.010 0.151 0.138 0.008 0.013 0.049 
  6  BAFF024    (0)    5 :  0.347 0.029 0.008 0.036 0.029 0.025 0.035 0.017 0.040 0.435 
  7  BAFF088    (0)    6 :  0.029 0.185 0.026 0.036 0.011 0.046 0.043 0.012 0.026 0.588 
  8  BAFF429    (0)    6 :  0.293 0.059 0.032 0.115 0.152 0.069 0.093 0.016 0.013 0.156 
  9  BAFF087    (7)    7 :  0.006 0.535 0.006 0.006 0.007 0.008 0.006 0.007 0.006 0.414 
 10  BAFF225    (0)    7 :  0.043 0.147 0.008 0.042 0.091 0.101 0.116 0.031 0.013 0.408 
 11  BAFF195    (0)    8 :  0.134 0.101 0.406 0.101 0.042 0.058 0.048 0.038 0.016 0.055 
 12  BAFF238    (0)    9 :  0.058 0.094 0.021 0.049 0.344 0.087 0.107 0.086 0.026 0.126 
 13  BAFF019    (0)   10 :  0.029 0.023 0.020 0.018 0.008 0.039 0.047 0.025 0.752 0.040 
 14  BAFF175    (0)   10 :  0.058 0.148 0.028 0.182 0.082 0.197 0.168 0.010 0.036 0.093 
 15  BAFF156    (0)   11 :  0.005 0.006 0.948 0.006 0.005 0.007 0.008 0.004 0.006 0.005 
 16  BAFF301    (0)   11 :  0.034 0.015 0.008 0.015 0.031 0.021 0.021 0.804 0.020 0.031 
 17  BAFF141    (0)   12 :  0.007 0.065 0.006 0.471 0.005 0.133 0.228 0.072 0.004 0.008 
 18  BAFF302    (0)   12 :  0.677 0.072 0.021 0.046 0.026 0.044 0.041 0.018 0.034 0.021 
 19  BAFF290    (0)    1 :  0.015 0.049 0.006 0.061 0.111 0.045 0.043 0.639 0.011 0.020 
 20  BAFF498    (0)    6 :  0.118 0.145 0.049 0.065 0.024 0.211 0.103 0.162 0.050 0.072 
 21  BAFF455    (0)    7 :  0.014 0.349 0.020 0.019 0.056 0.293 0.105 0.020 0.017 0.107 
 22  BAFF203    (7)    8 :  0.027 0.216 0.012 0.047 0.023 0.186 0.048 0.010 0.013 0.417 
 23  BAFF056    (0)   12 :  0.013 0.019 0.005 0.017 0.022 0.020 0.032 0.014 0.849 0.010 
 24  BAFF327    (0)   12 :  0.024 0.109 0.018 0.682 0.010 0.011 0.013 0.033 0.058 0.042 
 25  BAFF255    (0)    1 :  0.012 0.013 0.005 0.013 0.016 0.016 0.012 0.895 0.007 0.010 
 26  BAFF256    (0)    1 :  0.005 0.009 0.004 0.006 0.013 0.007 0.007 0.930 0.010 0.009 
 27  BAFF257    (0)    1 :  0.005 0.007 0.004 0.006 0.008 0.007 0.006 0.947 0.005 0.006 
 28  BAFF260    (0)    1 :  0.008 0.019 0.004 0.007 0.013 0.009 0.007 0.918 0.007 0.009 
 29  BAFF259    (0)    1 :  0.007 0.007 0.006 0.008 0.009 0.008 0.008 0.927 0.013 0.008 
 30  BAFF261    (0)    1 :  0.008 0.012 0.007 0.010 0.008 0.013 0.012 0.915 0.008 0.007 
 31  BAFF274    (0)    1 :  0.035 0.029 0.010 0.021 0.013 0.032 0.034 0.783 0.013 0.030 
 32  BAFF262    (0)    1 :  0.014 0.020 0.008 0.017 0.006 0.015 0.011 0.880 0.007 0.022 
 33  BAFF294    (0)    1 :  0.014 0.029 0.007 0.008 0.006 0.008 0.008 0.880 0.008 0.031 
 34  BAFF292    (0)    1 :  0.027 0.031 0.014 0.032 0.529 0.015 0.021 0.311 0.009 0.011 
 35  BAFF296    (0)    1 :  0.014 0.037 0.011 0.021 0.542 0.013 0.013 0.327 0.014 0.007 
 36  BAFF295    (0)    1 :  0.012 0.036 0.007 0.035 0.178 0.032 0.050 0.612 0.011 0.026 
 37  BAFF298    (0)    1 :  0.028 0.012 0.006 0.018 0.007 0.016 0.026 0.852 0.022 0.014 
 38  BAFF299    (0)    1 :  0.008 0.008 0.018 0.008 0.006 0.006 0.005 0.896 0.032 0.013 
 39  BAFF375    (0)   13 :  0.006 0.007 0.004 0.007 0.945 0.007 0.006 0.006 0.006 0.006 
 40  BAFF376    (0)   13 :  0.033 0.040 0.006 0.013 0.814 0.022 0.016 0.009 0.019 0.028 
 41  BAFF377    (0)   13 :  0.011 0.007 0.005 0.006 0.937 0.007 0.007 0.008 0.006 0.006 
 42  BAFF022    (0)    5 :  0.220 0.054 0.013 0.250 0.017 0.056 0.137 0.086 0.008 0.159 
 43  BAFF021    (0)    5 :  0.133 0.062 0.007 0.331 0.014 0.054 0.178 0.034 0.013 0.174 
 44  BAFF499    (0)    6 :  0.058 0.018 0.016 0.023 0.026 0.119 0.127 0.006 0.595 0.011 
 45  BAFF204    (0)    8 :  0.136 0.127 0.010 0.179 0.022 0.275 0.171 0.008 0.041 0.031 
 46  BAFF068    (0)   12 :  0.020 0.018 0.008 0.024 0.012 0.021 0.025 0.057 0.808 0.008 
 47  BAFF336    (0)   12 :  0.026 0.039 0.074 0.069 0.008 0.073 0.165 0.011 0.473 0.061 
 48  BAFF447    (0)    7 :  0.267 0.127 0.018 0.098 0.017 0.296 0.145 0.006 0.013 0.015 
 49  BAFF457    (0)    7 :  0.309 0.073 0.028 0.112 0.055 0.270 0.113 0.023 0.008 0.010 
 50  BAFF448    (0)    7 :  0.028 0.540 0.020 0.077 0.027 0.191 0.042 0.039 0.006 0.029 
 51  BAFF465    (0)    7 :  0.012 0.538 0.010 0.025 0.010 0.275 0.017 0.012 0.008 0.094 
 52  BAFF194    (0)    8 :  0.761 0.022 0.013 0.027 0.035 0.029 0.029 0.019 0.010 0.055 
 53  BAFF199    (0)    8 :  0.164 0.059 0.030 0.067 0.019 0.253 0.358 0.014 0.012 0.023 
 54  BAFF500    (0)    6 :  0.188 0.185 0.007 0.060 0.029 0.123 0.115 0.151 0.079 0.062 
 55  BAFF206    (0)    8 :  0.032 0.079 0.009 0.265 0.150 0.046 0.091 0.020 0.047 0.261 
 56  BAFF069    (0)   12 :  0.012 0.015 0.017 0.016 0.014 0.015 0.025 0.009 0.825 0.052 
 57  BAFF330    (0)   12 :  0.014 0.069 0.044 0.046 0.014 0.074 0.067 0.014 0.022 0.636 
 58  BAFF239    (0)   10 :  0.006 0.011 0.114 0.020 0.009 0.297 0.407 0.013 0.107 0.016 
 59  BAFF241    (0)   10 :  0.008 0.011 0.090 0.009 0.010 0.298 0.402 0.019 0.145 0.008 
 60  BAFF157    (0)   11 :  0.007 0.005 0.953 0.005 0.005 0.006 0.005 0.004 0.005 0.004 
 61  BAFF161    (0)   11 :  0.005 0.005 0.959 0.004 0.004 0.005 0.005 0.004 0.005 0.004 
 62  BAFF160    (0)   11 :  0.006 0.005 0.953 0.006 0.005 0.006 0.005 0.004 0.005 0.005 
 63  BAFF008    (0)   12 :  0.020 0.342 0.013 0.049 0.019 0.104 0.056 0.029 0.145 0.224 
 64  BAFF013    (0)   12 :  0.018 0.245 0.011 0.028 0.014 0.036 0.072 0.010 0.013 0.555 
 65  BAFF407    (0)   12 :  0.010 0.011 0.011 0.020 0.010 0.012 0.018 0.010 0.865 0.034 
 66  BAFF503    (0)    6 :  0.034 0.045 0.054 0.016 0.020 0.043 0.013 0.006 0.697 0.073 
 67  BAFF449    (0)    7 :  0.014 0.068 0.008 0.160 0.007 0.048 0.095 0.010 0.016 0.575 
 68  BAFF207    (0)    8 :  0.026 0.058 0.004 0.019 0.037 0.039 0.045 0.011 0.278 0.483 
 69  BAFF070    (0)   12 :  0.010 0.014 0.008 0.033 0.011 0.017 0.020 0.008 0.864 0.015 
 70  BAFF335    (0)   12 :  0.015 0.125 0.010 0.777 0.005 0.012 0.019 0.008 0.017 0.011 
 71  BAFF507    (0)    6 :  0.782 0.028 0.021 0.018 0.061 0.023 0.019 0.024 0.007 0.018 
 72  BAFF450    (0)    7 :  0.042 0.094 0.092 0.060 0.313 0.123 0.109 0.082 0.034 0.051 
 73  BAFF209    (7)    8 :  0.044 0.039 0.084 0.074 0.158 0.084 0.078 0.020 0.018 0.399 
 74  BAFF072    (0)   12 :  0.011 0.025 0.159 0.079 0.017 0.204 0.456 0.010 0.024 0.015 
 75  BAFF339    (0)   12 :  0.034 0.055 0.008 0.100 0.217 0.113 0.098 0.011 0.331 0.033 
 76  BAFF508    (0)    6 :  0.017 0.087 0.337 0.084 0.037 0.226 0.128 0.054 0.016 0.014 
 77  BAFF451    (0)    7 :  0.367 0.098 0.011 0.105 0.020 0.193 0.123 0.009 0.022 0.054 
 78  BAFF210    (0)    8 :  0.034 0.079 0.005 0.030 0.145 0.067 0.045 0.067 0.371 0.157 
 79  BAFF139    (0)   12 :  0.284 0.045 0.038 0.155 0.035 0.094 0.144 0.038 0.011 0.156 
 80  BAFF341    (0)   12 :  0.019 0.134 0.066 0.075 0.073 0.210 0.340 0.015 0.011 0.058 
 81  BAFF509    (0)    6 :  0.027 0.054 0.006 0.041 0.017 0.041 0.024 0.057 0.027 0.705 
 82  BAFF453    (0)    7 :  0.027 0.031 0.009 0.053 0.568 0.048 0.066 0.009 0.085 0.104 
 83  BAFF389    (0)    8 :  0.014 0.013 0.345 0.011 0.553 0.018 0.009 0.010 0.005 0.021 
 84  BAFF163    (0)   12 :  0.005 0.009 0.007 0.005 0.020 0.009 0.005 0.003 0.927 0.010 
 85  BAFF344    (7)   12 :  0.029 0.074 0.040 0.413 0.062 0.044 0.070 0.009 0.206 0.053 
 86  BAFF510    (0)    6 :  0.525 0.110 0.047 0.056 0.017 0.028 0.026 0.010 0.027 0.154 
 87  BAFF456    (0)    7 :  0.453 0.049 0.011 0.090 0.044 0.194 0.079 0.016 0.030 0.034 
 88  BAFF390    (0)    8 :  0.016 0.005 0.012 0.006 0.922 0.006 0.007 0.005 0.004 0.016 
 89  BAFF142    (0)   12 :  0.011 0.023 0.019 0.212 0.008 0.144 0.334 0.216 0.023 0.011 
 90  BAFF363    (7)   12 :  0.009 0.009 0.017 0.022 0.006 0.009 0.011 0.007 0.900 0.011 
 91  BAFF517    (0)    6 :  0.397 0.063 0.013 0.136 0.240 0.054 0.032 0.007 0.036 0.021 
 92  BAFF458    (0)    7 :  0.167 0.118 0.010 0.042 0.016 0.180 0.266 0.043 0.030 0.129 
 93  BAFF391    (0)    8 :  0.053 0.114 0.009 0.142 0.046 0.049 0.116 0.103 0.344 0.025 
 94  BAFF149    (0)   12 :  0.016 0.104 0.026 0.517 0.088 0.075 0.120 0.009 0.022 0.023 
 95  BAFF366    (7)   12 :  0.120 0.081 0.027 0.466 0.025 0.062 0.175 0.009 0.017 0.019 
 96  BAFF512    (0)    6 :  0.072 0.196 0.015 0.081 0.062 0.291 0.095 0.102 0.040 0.045 
 97  BAFF460    (0)    7 :  0.064 0.139 0.011 0.497 0.018 0.149 0.084 0.014 0.011 0.011 
 98  BAFF138    (0)   12 :  0.015 0.103 0.016 0.718 0.012 0.029 0.064 0.016 0.016 0.011 
 99  BAFF374    (0)   12 :  0.014 0.043 0.050 0.027 0.013 0.012 0.011 0.029 0.159 0.643 
100  BAFF015    (0)    1 :  0.018 0.010 0.006 0.010 0.008 0.014 0.017 0.896 0.008 0.011 
101  BAFF380    (0)    2 :  0.209 0.046 0.213 0.069 0.016 0.066 0.057 0.010 0.035 0.280 
102  BAFF216    (0)    3 :  0.540 0.083 0.012 0.038 0.069 0.062 0.077 0.033 0.027 0.060 
103  BAFF017    (0)    4 :  0.496 0.063 0.015 0.030 0.231 0.040 0.047 0.015 0.019 0.045 
104  BAFF245    (0)    4 :  0.073 0.123 0.008 0.198 0.052 0.080 0.164 0.115 0.029 0.158 
105  BAFF378    (7)   13 :  0.146 0.167 0.016 0.090 0.026 0.207 0.176 0.148 0.011 0.015 
106  BAFF023    (0)    5 :  0.030 0.253 0.009 0.074 0.045 0.260 0.193 0.022 0.022 0.091 
107  BAFF079    (0)    6 :  0.231 0.055 0.025 0.104 0.052 0.033 0.066 0.039 0.043 0.351 
108  BAFF435    (0)    6 :  0.030 0.102 0.011 0.046 0.012 0.345 0.395 0.007 0.014 0.038 
109  BAFF174    (7)    7 :  0.025 0.016 0.013 0.018 0.781 0.029 0.038 0.007 0.028 0.047 
110  BAFF226    (0)    7 :  0.306 0.092 0.020 0.149 0.031 0.207 0.160 0.011 0.010 0.013 
111  BAFF190    (0)    8 :  0.017 0.135 0.025 0.040 0.012 0.201 0.215 0.015 0.067 0.273 
112  BAFF243    (0)    9 :  0.321 0.107 0.079 0.110 0.115 0.069 0.108 0.059 0.006 0.027 
113  BAFF177    (0)   10 :  0.030 0.054 0.027 0.036 0.050 0.027 0.025 0.025 0.007 0.719 
114  BAFF364    (7)   11 :  0.035 0.087 0.479 0.032 0.036 0.147 0.102 0.010 0.025 0.048 
115  BAFF305    (0)   12 :  0.018 0.117 0.008 0.759 0.024 0.012 0.011 0.019 0.016 0.017 
116  BAFF513    (0)    6 :  0.111 0.168 0.013 0.026 0.051 0.091 0.042 0.045 0.018 0.435 
117  BAFF462    (0)    7 :  0.031 0.099 0.017 0.016 0.007 0.148 0.194 0.368 0.028 0.092 
118  BAFF143    (0)   12 :  0.032 0.166 0.048 0.450 0.017 0.066 0.084 0.008 0.075 0.055 
119  BAFF403    (0)   12 :  0.008 0.008 0.009 0.008 0.007 0.008 0.008 0.007 0.928 0.010 
120  BAFF514    (0)    6 :  0.028 0.105 0.009 0.021 0.012 0.071 0.097 0.007 0.086 0.564 
121  BAFF463    (0)    7 :  0.004 0.551 0.007 0.006 0.005 0.314 0.005 0.005 0.004 0.100 
122  BAFF137    (0)   12 :  0.018 0.061 0.008 0.322 0.007 0.095 0.179 0.009 0.008 0.295 
123  BAFF404    (0)   12 :  0.012 0.011 0.018 0.009 0.009 0.010 0.011 0.013 0.899 0.009 
124  BAFF515    (0)    6 :  0.155 0.190 0.018 0.185 0.050 0.117 0.035 0.021 0.048 0.179 
125  BAFF144    (0)   12 :  0.052 0.099 0.149 0.102 0.017 0.125 0.226 0.010 0.084 0.136 
126  BAFF405    (7)   12 :  0.025 0.108 0.032 0.652 0.008 0.036 0.056 0.021 0.016 0.044 
127  BAFF518    (0)    6 :  0.034 0.088 0.015 0.212 0.019 0.115 0.189 0.009 0.286 0.033 
128  BAFF467    (0)    7 :  0.299 0.123 0.010 0.067 0.038 0.173 0.194 0.014 0.024 0.059 
129  BAFF145    (0)   12 :  0.028 0.075 0.369 0.149 0.019 0.094 0.130 0.070 0.012 0.054 
130  BAFF406    (0)   12 :  0.025 0.028 0.318 0.066 0.010 0.032 0.062 0.008 0.297 0.155 
131  BAFF519    (0)    6 :  0.041 0.084 0.012 0.072 0.451 0.119 0.074 0.010 0.012 0.125 
132  BAFF471    (0)    7 :  0.147 0.142 0.018 0.273 0.025 0.131 0.091 0.057 0.019 0.096 
133  BAFF136    (0)   12 :  0.009 0.019 0.007 0.107 0.049 0.011 0.010 0.005 0.719 0.066 
134  BAFF520    (7)    6 :  0.132 0.112 0.010 0.050 0.033 0.170 0.287 0.024 0.045 0.137 
135  BAFF472    (0)    7 :  0.039 0.139 0.091 0.043 0.045 0.213 0.231 0.021 0.014 0.163 
136  BAFF165    (0)   12 :  0.110 0.110 0.008 0.371 0.014 0.111 0.168 0.052 0.035 0.021 
137  BAFF408    (0)   12 :  0.020 0.077 0.040 0.343 0.018 0.138 0.241 0.030 0.067 0.026 
138  BAFF522    (0)    6 :  0.040 0.193 0.015 0.063 0.021 0.085 0.050 0.033 0.065 0.435 
139  BAFF475    (0)    7 :  0.336 0.043 0.013 0.047 0.029 0.066 0.142 0.007 0.028 0.289 
140  BAFF140    (0)   12 :  0.066 0.103 0.046 0.482 0.024 0.031 0.026 0.014 0.023 0.185 
141  BAFF409    (0)   12 :  0.012 0.047 0.010 0.015 0.022 0.025 0.014 0.075 0.756 0.024 
142  BAFF523    (0)    6 :  0.065 0.191 0.047 0.038 0.018 0.206 0.156 0.014 0.008 0.258 
143  BAFF476    (0)    7 :  0.299 0.104 0.245 0.093 0.042 0.093 0.066 0.007 0.032 0.018 
144  BAFF147    (0)   12 :  0.040 0.063 0.011 0.316 0.009 0.088 0.179 0.017 0.127 0.151 
145  BAFF410    (0)   12 :  0.176 0.037 0.008 0.237 0.013 0.016 0.031 0.012 0.441 0.029 
146  BAFF477    (0)    7 :  0.314 0.129 0.010 0.145 0.020 0.165 0.121 0.073 0.006 0.017 
147  BAFF411    (0)   12 :  0.012 0.076 0.051 0.082 0.372 0.042 0.036 0.223 0.095 0.010 
148  BAFF486    (7)    7 :  0.035 0.153 0.007 0.055 0.016 0.403 0.310 0.007 0.006 0.006 
149  BAFF412    (7)   12 :  0.027 0.063 0.022 0.023 0.013 0.031 0.022 0.039 0.622 0.139 
150  BAFF258    (0)    1 :  0.052 0.189 0.051 0.032 0.016 0.198 0.125 0.163 0.030 0.146 
151  BAFF392    (0)    2 :  0.006 0.194 0.054 0.006 0.018 0.192 0.032 0.005 0.006 0.487 
152  BAFF217    (0)    3 :  0.055 0.052 0.027 0.082 0.514 0.084 0.126 0.010 0.018 0.031 
153  BAFF016    (0)    4 :  0.494 0.010 0.039 0.076 0.015 0.008 0.014 0.005 0.029 0.310 
154  BAFF246    (0)    4 :  0.170 0.061 0.038 0.026 0.145 0.038 0.056 0.009 0.016 0.440 
155  BAFF381    (0)   13 :  0.103 0.122 0.010 0.230 0.035 0.239 0.186 0.010 0.031 0.033 
156  BAFF078    (0)    6 :  0.007 0.009 0.231 0.023 0.022 0.202 0.467 0.005 0.020 0.014 
157  BAFF481    (0)    6 :  0.046 0.144 0.009 0.116 0.107 0.240 0.228 0.019 0.029 0.062 
158  BAFF436    (0)    7 :  0.294 0.117 0.044 0.048 0.051 0.091 0.063 0.059 0.047 0.186 
159  BAFF191    (0)    8 :  0.050 0.046 0.010 0.033 0.357 0.036 0.049 0.008 0.017 0.392 
160  BAFF382    (0)    9 :  0.024 0.332 0.038 0.075 0.068 0.241 0.152 0.006 0.045 0.018 
161  BAFF178    (0)   10 :  0.034 0.072 0.006 0.017 0.046 0.015 0.017 0.008 0.035 0.751 
162  BAFF159    (7)   11 :  0.862 0.024 0.019 0.015 0.005 0.022 0.015 0.008 0.014 0.016 
163  BAFF365    (7)   11 :  0.080 0.066 0.027 0.169 0.027 0.132 0.283 0.163 0.014 0.040 
164  BAFF007    (0)   12 :  0.141 0.133 0.049 0.150 0.064 0.173 0.182 0.037 0.020 0.052 
165  BAFF304    (7)   12 :  0.027 0.063 0.048 0.287 0.011 0.134 0.354 0.010 0.046 0.022 
166  BAFF487    (0)    7 :  0.104 0.238 0.068 0.069 0.059 0.200 0.136 0.018 0.026 0.082 
167  BAFF415    (0)   12 :  0.056 0.048 0.018 0.110 0.010 0.045 0.050 0.064 0.576 0.023 
168  BAFF488    (0)    7 :  0.140 0.028 0.012 0.045 0.045 0.037 0.062 0.580 0.015 0.036 
169  BAFF417    (0)   12 :  0.019 0.086 0.013 0.348 0.021 0.046 0.076 0.012 0.314 0.064 
170  BAFF489    (0)    7 :  0.095 0.118 0.043 0.181 0.011 0.215 0.243 0.007 0.040 0.048 
171  BAFF426    (0)   12 :  0.012 0.027 0.007 0.016 0.011 0.055 0.051 0.017 0.787 0.016 
172  BAFF490    (7)    7 :  0.253 0.059 0.070 0.046 0.010 0.267 0.142 0.022 0.010 0.122 
173  BAFF491    (0)    7 :  0.024 0.251 0.030 0.062 0.029 0.278 0.178 0.038 0.008 0.103 
174  BAFF492    (0)    7 :  0.021 0.111 0.008 0.040 0.026 0.339 0.405 0.007 0.010 0.033 
175  BAFF493    (0)    7 :  0.037 0.112 0.013 0.036 0.018 0.107 0.118 0.456 0.033 0.071 
176  BAFF506    (0)    7 :  0.109 0.109 0.012 0.046 0.040 0.149 0.280 0.126 0.016 0.113 
177  BAFF393    (0)    2 :  0.070 0.089 0.159 0.127 0.021 0.281 0.194 0.020 0.011 0.027 
178  BAFF218    (0)    3 :  0.142 0.186 0.016 0.109 0.195 0.155 0.075 0.035 0.025 0.062 
179  BAFF254    (0)    4 :  0.014 0.054 0.240 0.116 0.010 0.185 0.309 0.036 0.012 0.025 
180  BAFF385    (0)   13 :  0.027 0.174 0.024 0.045 0.026 0.185 0.379 0.018 0.024 0.099 
181  BAFF076    (0)    6 :  0.007 0.519 0.014 0.009 0.013 0.011 0.009 0.007 0.011 0.399 
182  BAFF482    (0)    6 :  0.150 0.223 0.013 0.221 0.015 0.155 0.091 0.009 0.076 0.047 
183  BAFF437    (0)    7 :  0.225 0.110 0.005 0.411 0.010 0.078 0.105 0.026 0.010 0.021 
184  BAFF192    (0)    8 :  0.027 0.082 0.117 0.045 0.034 0.056 0.087 0.014 0.011 0.527 
185  BAFF383    (0)    9 :  0.017 0.056 0.005 0.129 0.014 0.062 0.028 0.665 0.011 0.013 
186  BAFF180    (0)   10 :  0.065 0.069 0.009 0.018 0.236 0.056 0.049 0.008 0.106 0.384 
187  BAFF048    (7)   12 :  0.275 0.028 0.361 0.074 0.005 0.047 0.030 0.069 0.013 0.097 
188  BAFF306    (0)   12 :  0.029 0.136 0.014 0.567 0.057 0.052 0.051 0.010 0.026 0.059 
189  BAFF394    (0)    2 :  0.157 0.031 0.110 0.102 0.107 0.070 0.095 0.050 0.012 0.267 
190  BAFF219    (0)    3 :  0.431 0.084 0.011 0.129 0.038 0.126 0.141 0.007 0.012 0.022 
191  BAFF388    (0)    4 :  0.030 0.052 0.010 0.017 0.013 0.043 0.047 0.184 0.256 0.349 
192  BAFF386    (7)   13 :  0.043 0.200 0.041 0.065 0.020 0.149 0.102 0.016 0.018 0.346 
193  BAFF084    (0)    6 :  0.043 0.043 0.440 0.056 0.013 0.228 0.134 0.012 0.010 0.021 
194  BAFF483    (0)    6 :  0.033 0.056 0.008 0.053 0.031 0.027 0.052 0.028 0.064 0.648 
195  BAFF438   (15)    7 :  0.021 0.083 0.091 0.133 0.021 0.281 0.291 0.016 0.024 0.039 
196  BAFF193    (0)    8 :  0.027 0.171 0.013 0.040 0.051 0.236 0.139 0.263 0.016 0.045 
197  BAFF183    (0)   10 :  0.482 0.027 0.027 0.027 0.031 0.120 0.193 0.049 0.016 0.028 
198  BAFF153    (0)   12 :  0.014 0.117 0.010 0.714 0.006 0.037 0.065 0.007 0.014 0.016 
199  BAFF307    (0)   12 :  0.021 0.118 0.076 0.495 0.018 0.117 0.088 0.010 0.024 0.033 
200  BAFF397    (0)    2 :  0.296 0.148 0.013 0.171 0.020 0.194 0.133 0.007 0.010 0.007 
201  BAFF220    (0)    3 :  0.017 0.467 0.046 0.007 0.005 0.252 0.024 0.008 0.012 0.160 
202  BAFF095    (0)    6 :  0.015 0.097 0.007 0.016 0.017 0.026 0.017 0.040 0.012 0.753 
203  BAFF494    (0)    6 :  0.051 0.500 0.027 0.049 0.022 0.201 0.030 0.006 0.035 0.079 
204  BAFF439    (0)    7 :  0.027 0.052 0.010 0.078 0.132 0.158 0.238 0.008 0.227 0.071 
205  BAFF182    (0)   10 :  0.052 0.282 0.065 0.037 0.024 0.159 0.063 0.030 0.101 0.187 
206  BAFF054    (0)   12 :  0.006 0.009 0.009 0.010 0.007 0.009 0.012 0.006 0.925 0.008 
207  BAFF308    (0)   12 :  0.033 0.102 0.017 0.377 0.010 0.149 0.259 0.013 0.015 0.025 
208  BAFF266    (0)    1 :  0.238 0.114 0.077 0.089 0.010 0.113 0.166 0.124 0.043 0.026 
209  BAFF398    (7)    2 :  0.006 0.537 0.005 0.007 0.004 0.267 0.014 0.013 0.005 0.142 
210  BAFF221    (0)    3 :  0.008 0.042 0.420 0.015 0.008 0.133 0.056 0.290 0.013 0.016 
211  BAFF090    (0)    6 :  0.029 0.062 0.093 0.092 0.017 0.213 0.415 0.014 0.039 0.026 
212  BAFF495    (0)    6 :  0.121 0.019 0.008 0.024 0.736 0.018 0.017 0.007 0.014 0.037 
213  BAFF459    (0)    7 :  0.654 0.018 0.084 0.042 0.035 0.044 0.044 0.007 0.012 0.060 
214  BAFF197    (0)    8 :  0.172 0.078 0.013 0.243 0.109 0.107 0.161 0.012 0.068 0.036 
215  BAFF188    (0)   10 :  0.021 0.070 0.068 0.302 0.020 0.199 0.271 0.012 0.021 0.017 
216  BAFF051    (0)   12 :  0.108 0.119 0.013 0.076 0.025 0.098 0.116 0.022 0.388 0.035 
217  BAFF309    (0)   12 :  0.030 0.235 0.015 0.130 0.021 0.362 0.159 0.009 0.013 0.025 
218  BAFF269    (0)    1 :  0.202 0.061 0.009 0.242 0.111 0.048 0.199 0.025 0.009 0.095 
219  BAFF077    (0)    6 :  0.886 0.006 0.045 0.009 0.018 0.007 0.006 0.007 0.011 0.006 
220  BAFF496    (0)    6 :  0.011 0.009 0.004 0.012 0.910 0.012 0.011 0.013 0.008 0.009 
221  BAFF443    (0)    7 :  0.180 0.139 0.010 0.133 0.027 0.147 0.170 0.047 0.109 0.039 
222  BAFF198    (0)    8 :  0.086 0.163 0.017 0.037 0.116 0.122 0.111 0.008 0.027 0.314 
223  BAFF053    (0)   12 :  0.013 0.069 0.011 0.379 0.047 0.156 0.260 0.017 0.039 0.010 
224  BAFF310    (0)   12 :  0.011 0.062 0.019 0.154 0.008 0.031 0.057 0.008 0.633 0.017 
225  BAFF282    (0)    1 :  0.097 0.045 0.012 0.032 0.029 0.018 0.024 0.660 0.015 0.067 
226  BAFF497    (0)    6 :  0.796 0.017 0.009 0.020 0.047 0.024 0.050 0.010 0.015 0.012 
227  BAFF466    (0)    7 :  0.152 0.165 0.127 0.179 0.021 0.151 0.128 0.014 0.034 0.030 
228  BAFF200    (7)    8 :  0.017 0.053 0.020 0.036 0.012 0.062 0.117 0.011 0.018 0.653 
229  BAFF240    (0)   10 :  0.028 0.044 0.596 0.026 0.011 0.088 0.141 0.014 0.010 0.042 
230  BAFF055    (0)   12 :  0.015 0.032 0.009 0.096 0.008 0.029 0.046 0.016 0.719 0.031 
231  BAFF311    (7)   12 :  0.011 0.081 0.016 0.024 0.005 0.160 0.013 0.022 0.007 0.660 


Estimated Allele Frequencies in each cluster
First column gives estimated ancestral frequencies


Locus 1 : btern01 
9 alleles
0.0% missing data
   1   (0.138) 0.182 0.099 0.074 0.208 0.161 0.108 0.106 0.124 0.036 0.187 
   2   (0.017) 0.011 0.008 0.003 0.005 0.003 0.006 0.007 0.026 0.004 0.005 
   3   (0.162) 0.241 0.227 0.168 0.195 0.201 0.201 0.165 0.060 0.091 0.089 
   4   (0.211) 0.116 0.213 0.274 0.175 0.341 0.188 0.209 0.195 0.160 0.231 
   5   (0.283) 0.327 0.182 0.385 0.331 0.097 0.282 0.370 0.455 0.356 0.187 
   6   (0.078) 0.061 0.034 0.024 0.050 0.047 0.069 0.089 0.033 0.325 0.090 
   7   (0.054) 0.015 0.190 0.059 0.017 0.011 0.123 0.023 0.084 0.019 0.157 
   8   (0.016) 0.006 0.004 0.002 0.006 0.037 0.003 0.006 0.014 0.003 0.004 
   9   (0.040) 0.040 0.043 0.010 0.013 0.101 0.020 0.025 0.007 0.007 0.051 

Locus 2 : bt28 
5 alleles
0.0% missing data
   1   (0.666) 0.640 0.605 0.657 0.764 0.763 0.650 0.654 0.766 0.707 0.646 
   2   (0.153) 0.135 0.111 0.049 0.102 0.165 0.117 0.157 0.178 0.096 0.210 
   3   (0.145) 0.089 0.271 0.281 0.120 0.064 0.221 0.174 0.038 0.190 0.134 
   4   (0.025) 0.132 0.011 0.012 0.011 0.006 0.010 0.013 0.005 0.004 0.006 
   5   (0.012) 0.004 0.003 0.002 0.003 0.002 0.002 0.003 0.013 0.002 0.003 

Locus 3 : b96 
8 alleles
0.9% missing data
   1   (0.334) 0.338 0.305 0.204 0.419 0.186 0.286 0.335 0.369 0.313 0.458 
   2   (0.476) 0.554 0.556 0.584 0.359 0.772 0.605 0.568 0.412 0.504 0.430 
   3   (0.045) 0.020 0.043 0.052 0.091 0.011 0.035 0.026 0.011 0.051 0.021 
   4   (0.015) 0.006 0.004 0.124 0.004 0.002 0.004 0.005 0.003 0.003 0.003 
   5   (0.052) 0.047 0.057 0.010 0.056 0.011 0.029 0.021 0.028 0.036 0.032 
   6   (0.025) 0.006 0.010 0.004 0.016 0.004 0.014 0.006 0.100 0.005 0.037 
   7   (0.038) 0.026 0.020 0.020 0.051 0.011 0.024 0.036 0.075 0.007 0.013 
   8   (0.014) 0.003 0.004 0.002 0.003 0.002 0.003 0.003 0.003 0.081 0.005 

Locus 4 : bt30 
12 alleles
0.9% missing data
   1   (0.116) 0.087 0.189 0.029 0.080 0.024 0.141 0.123 0.288 0.103 0.111 
   2   (0.284) 0.233 0.312 0.134 0.295 0.429 0.324 0.373 0.281 0.295 0.268 
   3   (0.074) 0.131 0.087 0.049 0.055 0.074 0.134 0.110 0.017 0.025 0.038 
   4   (0.188) 0.304 0.146 0.143 0.199 0.126 0.165 0.202 0.101 0.244 0.230 
   5   (0.015) 0.004 0.006 0.002 0.004 0.003 0.005 0.005 0.003 0.003 0.020 
   6   (0.101) 0.133 0.139 0.028 0.068 0.061 0.104 0.049 0.115 0.044 0.228 
   7   (0.033) 0.015 0.014 0.015 0.024 0.012 0.044 0.048 0.022 0.011 0.014 
   8   (0.053) 0.026 0.024 0.089 0.068 0.010 0.027 0.029 0.047 0.071 0.015 
   9   (0.095) 0.057 0.071 0.505 0.185 0.242 0.044 0.045 0.047 0.197 0.037 
  10   (0.013) 0.003 0.003 0.002 0.003 0.003 0.002 0.003 0.074 0.002 0.003 
  11   (0.015) 0.004 0.006 0.002 0.015 0.003 0.006 0.009 0.003 0.003 0.034 
  12   (0.012) 0.003 0.003 0.002 0.004 0.012 0.003 0.004 0.002 0.002 0.003 

Locus 5 : btms0081 
3 alleles
0.9% missing data
   1   (0.499) 0.606 0.658 0.754 0.417 0.234 0.532 0.469 0.599 0.308 0.547 
   2   (0.350) 0.304 0.266 0.196 0.457 0.533 0.321 0.339 0.207 0.512 0.296 
   3   (0.151) 0.090 0.076 0.050 0.126 0.233 0.147 0.192 0.194 0.181 0.157 

Locus 6 : btms0066 
24 alleles
0.0% missing data
   1   (0.260) 0.164 0.355 0.095 0.328 0.227 0.335 0.323 0.385 0.402 0.276 
   2   (0.016) 0.004 0.005 0.003 0.004 0.036 0.004 0.004 0.056 0.003 0.004 
   3   (0.031) 0.012 0.037 0.008 0.138 0.010 0.024 0.025 0.005 0.009 0.018 
   4   (0.155) 0.310 0.135 0.033 0.115 0.415 0.159 0.160 0.054 0.131 0.244 
   5   (0.102) 0.100 0.087 0.026 0.189 0.058 0.121 0.158 0.025 0.087 0.098 
   6   (0.050) 0.019 0.134 0.184 0.030 0.032 0.096 0.038 0.010 0.012 0.127 
   7   (0.015) 0.003 0.057 0.002 0.004 0.003 0.005 0.005 0.015 0.002 0.026 
   8   (0.062) 0.111 0.024 0.027 0.030 0.042 0.025 0.036 0.084 0.038 0.037 
   9   (0.020) 0.005 0.006 0.365 0.007 0.004 0.022 0.043 0.003 0.004 0.009 
  10   (0.024) 0.015 0.012 0.024 0.009 0.005 0.029 0.017 0.159 0.004 0.007 
  11   (0.023) 0.009 0.009 0.004 0.007 0.022 0.007 0.006 0.149 0.016 0.007 
  12   (0.036) 0.147 0.014 0.008 0.023 0.103 0.022 0.024 0.007 0.014 0.009 
  13   (0.024) 0.006 0.036 0.014 0.013 0.005 0.034 0.027 0.005 0.012 0.007 
  14   (0.020) 0.005 0.005 0.086 0.006 0.003 0.005 0.009 0.003 0.049 0.006 
  15   (0.017) 0.029 0.009 0.003 0.020 0.007 0.017 0.019 0.003 0.003 0.005 
  16   (0.031) 0.023 0.014 0.044 0.015 0.008 0.013 0.010 0.007 0.109 0.032 
  17   (0.022) 0.005 0.013 0.051 0.011 0.004 0.049 0.055 0.009 0.015 0.005 
  18   (0.010) 0.002 0.002 0.001 0.002 0.001 0.002 0.002 0.002 0.036 0.002 
  19   (0.014) 0.003 0.006 0.002 0.027 0.002 0.006 0.009 0.002 0.003 0.008 
  20   (0.018) 0.009 0.006 0.006 0.006 0.007 0.005 0.007 0.005 0.007 0.050 
  21   (0.019) 0.005 0.022 0.007 0.006 0.003 0.009 0.009 0.005 0.004 0.015 
  22   (0.010) 0.003 0.005 0.002 0.003 0.002 0.005 0.004 0.002 0.002 0.006 
  23   (0.011) 0.002 0.002 0.001 0.003 0.002 0.002 0.003 0.002 0.035 0.002 
  24   (0.009) 0.006 0.004 0.003 0.003 0.001 0.003 0.004 0.003 0.002 0.002 

Locus 7 : btms0083 
31 alleles
3.0% missing data
   1   (0.014) 0.003 0.004 0.010 0.004 0.002 0.008 0.004 0.249 0.002 0.003 
   2   (0.022) 0.006 0.009 0.007 0.029 0.003 0.014 0.026 0.113 0.004 0.005 
   3   (0.037) 0.021 0.051 0.144 0.015 0.007 0.039 0.018 0.007 0.011 0.041 
   4   (0.043) 0.019 0.056 0.028 0.026 0.011 0.049 0.039 0.062 0.011 0.024 
   5   (0.196) 0.155 0.330 0.092 0.222 0.160 0.221 0.237 0.233 0.273 0.313 
   6   (0.019) 0.027 0.012 0.007 0.007 0.004 0.013 0.015 0.005 0.004 0.023 
   7   (0.060) 0.036 0.035 0.050 0.061 0.016 0.153 0.218 0.016 0.113 0.027 
   8   (0.043) 0.044 0.033 0.009 0.106 0.011 0.041 0.060 0.018 0.016 0.017 
   9   (0.033) 0.039 0.026 0.005 0.035 0.028 0.034 0.021 0.007 0.007 0.055 
  10   (0.023) 0.006 0.016 0.004 0.017 0.005 0.007 0.008 0.006 0.011 0.144 
  11   (0.058) 0.108 0.037 0.475 0.043 0.067 0.058 0.057 0.015 0.011 0.049 
  12   (0.019) 0.008 0.009 0.003 0.005 0.008 0.009 0.009 0.039 0.004 0.007 
  13   (0.056) 0.098 0.034 0.019 0.087 0.037 0.030 0.035 0.011 0.064 0.075 
  14   (0.036) 0.143 0.034 0.007 0.030 0.009 0.066 0.050 0.007 0.007 0.010 
  15   (0.029) 0.072 0.016 0.008 0.016 0.028 0.012 0.010 0.016 0.006 0.026 
  16   (0.022) 0.011 0.044 0.011 0.009 0.008 0.053 0.020 0.028 0.005 0.041 
  17   (0.027) 0.009 0.012 0.012 0.013 0.429 0.011 0.010 0.032 0.005 0.023 
  18   (0.051) 0.031 0.036 0.011 0.035 0.025 0.036 0.061 0.039 0.128 0.042 
  19   (0.017) 0.007 0.007 0.003 0.007 0.009 0.006 0.007 0.006 0.129 0.004 
  20   (0.024) 0.008 0.020 0.004 0.119 0.004 0.008 0.009 0.004 0.058 0.008 
  21   (0.012) 0.003 0.003 0.001 0.003 0.002 0.002 0.003 0.036 0.002 0.003 
  22   (0.014) 0.003 0.004 0.003 0.004 0.027 0.003 0.003 0.012 0.003 0.003 
  23   (0.018) 0.012 0.006 0.003 0.010 0.011 0.006 0.010 0.014 0.003 0.007 
  24   (0.010) 0.002 0.002 0.001 0.003 0.002 0.002 0.003 0.003 0.015 0.002 
  25   (0.027) 0.008 0.123 0.004 0.040 0.006 0.068 0.015 0.005 0.006 0.016 
  26   (0.016) 0.091 0.005 0.005 0.007 0.011 0.004 0.004 0.003 0.003 0.005 
  27   (0.024) 0.009 0.012 0.007 0.022 0.053 0.016 0.017 0.004 0.055 0.010 
  28   (0.012) 0.004 0.009 0.058 0.006 0.009 0.016 0.014 0.003 0.002 0.005 
  29   (0.011) 0.007 0.009 0.003 0.004 0.003 0.008 0.007 0.004 0.002 0.003 
  30   (0.016) 0.004 0.004 0.002 0.008 0.002 0.004 0.006 0.003 0.039 0.005 
  31   (0.009) 0.005 0.003 0.001 0.005 0.003 0.002 0.005 0.002 0.001 0.003 

Locus 8 : b126 
16 alleles
0.0% missing data
   1   (0.040) 0.041 0.031 0.007 0.026 0.008 0.031 0.018 0.044 0.014 0.066 
   2   (0.053) 0.041 0.026 0.010 0.047 0.072 0.029 0.042 0.143 0.009 0.032 
   3   (0.313) 0.264 0.295 0.638 0.278 0.518 0.439 0.494 0.158 0.369 0.262 
   4   (0.030) 0.083 0.027 0.006 0.014 0.035 0.020 0.017 0.007 0.007 0.011 
   5   (0.071) 0.038 0.108 0.019 0.040 0.045 0.110 0.104 0.021 0.036 0.152 
   6   (0.066) 0.105 0.062 0.011 0.173 0.016 0.051 0.076 0.014 0.160 0.020 
   7   (0.110) 0.109 0.132 0.207 0.175 0.039 0.058 0.066 0.021 0.149 0.206 
   8   (0.032) 0.052 0.011 0.007 0.017 0.011 0.010 0.009 0.007 0.087 0.014 
   9   (0.012) 0.003 0.039 0.001 0.003 0.002 0.002 0.003 0.002 0.002 0.023 
  10   (0.039) 0.017 0.045 0.012 0.014 0.015 0.042 0.020 0.027 0.055 0.086 
  11   (0.091) 0.146 0.068 0.061 0.115 0.032 0.073 0.070 0.429 0.021 0.038 
  12   (0.030) 0.011 0.013 0.004 0.034 0.005 0.021 0.029 0.026 0.033 0.007 
  13   (0.060) 0.031 0.101 0.008 0.039 0.170 0.084 0.028 0.091 0.049 0.027 
  14   (0.024) 0.049 0.007 0.004 0.008 0.026 0.006 0.008 0.005 0.005 0.027 
  15   (0.016) 0.004 0.005 0.002 0.014 0.003 0.006 0.009 0.003 0.003 0.022 
  16   (0.013) 0.008 0.029 0.004 0.004 0.002 0.020 0.005 0.002 0.002 0.008 

Locus 9 : btms0062 
34 alleles
0.0% missing data
   1   (0.033) 0.039 0.023 0.036 0.014 0.007 0.023 0.026 0.090 0.008 0.033 
   2   (0.047) 0.040 0.035 0.025 0.022 0.260 0.032 0.036 0.105 0.012 0.068 
   3   (0.078) 0.045 0.075 0.030 0.242 0.068 0.092 0.130 0.078 0.053 0.059 
   4   (0.110) 0.159 0.203 0.218 0.057 0.026 0.083 0.064 0.053 0.215 0.197 
   5   (0.057) 0.030 0.069 0.057 0.084 0.012 0.115 0.126 0.017 0.013 0.054 
   6   (0.028) 0.015 0.033 0.013 0.040 0.019 0.021 0.019 0.007 0.006 0.009 
   7   (0.015) 0.005 0.009 0.002 0.009 0.003 0.009 0.008 0.003 0.003 0.005 
   8   (0.024) 0.046 0.020 0.003 0.045 0.010 0.023 0.026 0.006 0.005 0.008 
   9   (0.043) 0.137 0.019 0.045 0.020 0.017 0.029 0.034 0.021 0.019 0.062 
  10   (0.045) 0.050 0.037 0.008 0.025 0.011 0.058 0.063 0.039 0.051 0.103 
  11   (0.064) 0.081 0.159 0.349 0.037 0.020 0.140 0.067 0.015 0.038 0.054 
  12   (0.040) 0.017 0.028 0.010 0.038 0.352 0.028 0.020 0.008 0.030 0.086 
  13   (0.047) 0.049 0.094 0.014 0.060 0.010 0.057 0.022 0.027 0.018 0.079 
  14   (0.038) 0.074 0.026 0.008 0.055 0.010 0.021 0.022 0.009 0.299 0.011 
  15   (0.018) 0.007 0.015 0.003 0.071 0.004 0.025 0.040 0.003 0.004 0.008 
  16   (0.017) 0.004 0.005 0.084 0.012 0.003 0.013 0.020 0.003 0.006 0.004 
  17   (0.019) 0.005 0.007 0.003 0.005 0.016 0.006 0.005 0.167 0.003 0.013 
  18   (0.013) 0.003 0.007 0.003 0.004 0.003 0.014 0.004 0.002 0.002 0.029 
  19   (0.042) 0.041 0.017 0.006 0.017 0.066 0.016 0.025 0.089 0.106 0.026 
  20   (0.010) 0.002 0.002 0.001 0.002 0.001 0.002 0.002 0.038 0.001 0.002 
  21   (0.031) 0.045 0.034 0.006 0.019 0.038 0.028 0.014 0.042 0.006 0.011 
  22   (0.015) 0.004 0.004 0.002 0.014 0.002 0.008 0.015 0.115 0.003 0.003 
  23   (0.014) 0.003 0.005 0.002 0.004 0.003 0.006 0.005 0.027 0.002 0.003 
  24   (0.018) 0.039 0.009 0.004 0.010 0.007 0.023 0.012 0.004 0.008 0.007 
  25   (0.012) 0.008 0.007 0.002 0.004 0.002 0.007 0.007 0.007 0.003 0.003 
  26   (0.026) 0.020 0.020 0.023 0.011 0.006 0.069 0.104 0.007 0.013 0.022 
  27   (0.019) 0.005 0.008 0.020 0.012 0.003 0.024 0.054 0.003 0.005 0.014 
  28   (0.010) 0.002 0.005 0.001 0.029 0.001 0.002 0.002 0.002 0.002 0.002 
  29   (0.013) 0.003 0.005 0.014 0.005 0.007 0.008 0.007 0.004 0.002 0.003 
  30   (0.011) 0.002 0.002 0.001 0.002 0.002 0.002 0.002 0.002 0.035 0.002 
  31   (0.013) 0.005 0.006 0.002 0.014 0.002 0.008 0.006 0.002 0.002 0.003 
  32   (0.012) 0.003 0.004 0.004 0.003 0.002 0.003 0.004 0.002 0.002 0.010 
  33   (0.011) 0.005 0.003 0.001 0.005 0.003 0.002 0.005 0.002 0.002 0.003 
  34   (0.009) 0.002 0.003 0.002 0.007 0.001 0.002 0.004 0.002 0.024 0.002 

Locus 10 : btern02 
25 alleles
4.8% missing data
   1   (0.100) 0.205 0.061 0.293 0.181 0.124 0.072 0.085 0.141 0.030 0.091 
   2   (0.005) 0.002 0.001 0.001 0.001 0.001 0.001 0.001 0.016 0.001 0.001 
   3   (0.077) 0.082 0.074 0.030 0.105 0.125 0.088 0.100 0.024 0.022 0.180 
   4   (0.054) 0.043 0.133 0.009 0.026 0.071 0.071 0.031 0.015 0.102 0.097 
   5   (0.026) 0.016 0.047 0.035 0.017 0.017 0.025 0.014 0.010 0.007 0.012 
   6   (0.045) 0.036 0.043 0.079 0.037 0.018 0.074 0.117 0.016 0.019 0.027 
   7   (0.031) 0.011 0.014 0.005 0.018 0.010 0.014 0.016 0.006 0.154 0.044 
   8   (0.035) 0.024 0.022 0.013 0.040 0.012 0.029 0.030 0.116 0.006 0.014 
   9   (0.072) 0.040 0.105 0.032 0.179 0.038 0.090 0.126 0.058 0.030 0.086 
  10   (0.032) 0.025 0.040 0.006 0.018 0.142 0.057 0.048 0.006 0.006 0.015 
  11   (0.061) 0.079 0.046 0.015 0.098 0.085 0.058 0.070 0.016 0.064 0.037 
  12   (0.037) 0.019 0.018 0.017 0.018 0.118 0.018 0.020 0.143 0.007 0.011 
  13   (0.046) 0.070 0.057 0.011 0.023 0.017 0.046 0.022 0.058 0.058 0.044 
  14   (0.053) 0.063 0.027 0.021 0.022 0.029 0.036 0.036 0.184 0.123 0.047 
  15   (0.009) 0.002 0.002 0.231 0.002 0.001 0.002 0.002 0.001 0.001 0.002 
  16   (0.046) 0.089 0.034 0.012 0.025 0.017 0.037 0.033 0.047 0.051 0.018 
  17   (0.027) 0.017 0.036 0.022 0.018 0.008 0.028 0.016 0.006 0.060 0.012 
  18   (0.049) 0.055 0.029 0.011 0.032 0.048 0.029 0.033 0.011 0.167 0.087 
  19   (0.039) 0.014 0.042 0.047 0.034 0.020 0.086 0.101 0.007 0.009 0.053 
  20   (0.038) 0.044 0.099 0.006 0.033 0.013 0.071 0.024 0.046 0.008 0.026 
  21   (0.027) 0.019 0.015 0.005 0.015 0.039 0.013 0.015 0.034 0.011 0.008 
  22   (0.014) 0.004 0.005 0.002 0.005 0.018 0.003 0.005 0.011 0.008 0.003 
  23   (0.030) 0.026 0.021 0.011 0.030 0.017 0.013 0.025 0.019 0.006 0.050 
  24   (0.033) 0.012 0.016 0.087 0.019 0.007 0.031 0.026 0.007 0.047 0.024 
  25   (0.013) 0.004 0.013 0.002 0.004 0.004 0.006 0.005 0.002 0.004 0.012 

Locus 11 : btms0086 
3 alleles
0.0% missing data
   1   (0.839) 0.889 0.712 0.974 0.884 0.793 0.851 0.892 0.778 0.922 0.829 
   2   (0.140) 0.106 0.278 0.024 0.075 0.202 0.138 0.088 0.207 0.072 0.166 
   3   (0.021) 0.005 0.009 0.003 0.042 0.005 0.011 0.019 0.015 0.006 0.005 

Locus 12 : bl13 
3 alleles
0.0% missing data
   1   (0.073) 0.027 0.034 0.017 0.028 0.022 0.037 0.038 0.244 0.342 0.067 
   2   (0.830) 0.882 0.908 0.666 0.841 0.957 0.875 0.897 0.737 0.596 0.777 
   3   (0.097) 0.091 0.058 0.317 0.131 0.021 0.088 0.065 0.018 0.062 0.156 

Locus 13 : btms0059 
9 alleles
0.0% missing data
   1   (0.347) 0.328 0.309 0.484 0.540 0.154 0.361 0.394 0.356 0.286 0.369 
   2   (0.105) 0.313 0.050 0.270 0.070 0.277 0.066 0.072 0.111 0.018 0.076 
   3   (0.063) 0.028 0.030 0.021 0.053 0.022 0.028 0.045 0.134 0.120 0.052 
   4   (0.054) 0.027 0.073 0.009 0.030 0.018 0.034 0.036 0.043 0.019 0.095 
   5   (0.082) 0.066 0.067 0.031 0.087 0.052 0.096 0.098 0.034 0.048 0.047 
   6   (0.301) 0.173 0.446 0.171 0.198 0.455 0.385 0.321 0.311 0.500 0.345 
   7   (0.016) 0.038 0.008 0.008 0.006 0.017 0.006 0.006 0.003 0.003 0.005 
   8   (0.023) 0.016 0.015 0.005 0.014 0.004 0.019 0.022 0.005 0.004 0.009 
   9   (0.010) 0.011 0.002 0.002 0.003 0.002 0.004 0.005 0.003 0.002 0.002 

Values of parameters used in structure:
