

----------------------------------------------------
STRUCTURE by Pritchard, Stephens and Donnelly (2000)
     and Falush, Stephens and Pritchard (2003)
       Code by Pritchard, Falush and Hubisz
             Version 2.3.4 (Jul 2012)
----------------------------------------------------



Command line arguments:   bin/structure -m "/Users/johnmola/Desktop/rpbbfeb27/rpbbstructure/rpbb20k100k/mainparams" -e "/Users/johnmola/Desktop/rpbbfeb27/rpbbstructure/rpbb20k100k/extraparams" 
Input File:    /Users/johnmola/Desktop/rpbbfeb27/rpbbstructure/project_data

Run parameters:
   231 individuals
   13 loci
   6 populations assumed
   20000 Burn-in period
   100000 Reps


--------------------------------------------
Proportion of membership of each pre-defined
 population in each of the 6 clusters

Given    Inferred Clusters                            Number of
 Pop       1      2      3      4      5      6      Individuals

  1:     0.830  0.016  0.040  0.040  0.039  0.035       21
  2:     0.023  0.018  0.212  0.333  0.145  0.269        7
  3:     0.108  0.045  0.118  0.286  0.382  0.061        7
  4:     0.058  0.065  0.263  0.088  0.273  0.254        8
  5:     0.089  0.037  0.368  0.141  0.279  0.086        4
  6:     0.049  0.120  0.110  0.298  0.262  0.160       35
  7:     0.092  0.050  0.204  0.235  0.271  0.149       40
  8:     0.068  0.114  0.149  0.223  0.316  0.130       19
  9:     0.273  0.046  0.144  0.068  0.358  0.111        4
 10:     0.045  0.291  0.147  0.288  0.113  0.116       11
 11:     0.144  0.016  0.092  0.025  0.095  0.628        8
 12:     0.045  0.347  0.321  0.109  0.059  0.119       60
 13:     0.071  0.037  0.159  0.183  0.469  0.080        7
--------------------------------------------

Allele-freq. divergence among pops (Net nucleotide distance),
computed using point estimates of P.

      1       2       3       4       5       6      
 1      -    0.0356  0.0248  0.0273  0.0289  0.0302  
 2   0.0356     -    0.0246  0.0307  0.0300  0.0334  
 3   0.0248  0.0246     -    0.0222  0.0160  0.0161  
 4   0.0273  0.0307  0.0222     -    0.0204  0.0229  
 5   0.0289  0.0300  0.0160  0.0204     -    0.0155  
 6   0.0302  0.0334  0.0161  0.0229  0.0155     -    

Average distances (expected heterozygosity) between individuals in same cluster:
cluster  1  : 0.6874 
cluster  2  : 0.6799 
cluster  3  : 0.6786 
cluster  4  : 0.6916 
cluster  5  : 0.6823 
cluster  6  : 0.6755 

--------------------------------------------
Estimated Ln Prob of Data   = -10025.0
Mean value of ln likelihood = -9532.3
Variance of ln likelihood   = 985.5
Mean value of alpha         = 0.0545

Mean value of Fst_1         = 0.0707
Mean value of Fst_2         = 0.0823
Mean value of Fst_3         = 0.0464
Mean value of Fst_4         = 0.0562
Mean value of Fst_5         = 0.0569
Mean value of Fst_6         = 0.0785


Inferred ancestry of individuals:
        Label (%Miss) Pop:  Inferred clusters
  1  BAFF014    (0)    1 :  0.945 0.006 0.010 0.012 0.015 0.012 
  2  BAFF379    (0)    2 :  0.015 0.013 0.492 0.059 0.116 0.305 
  3  BAFF212    (0)    3 :  0.031 0.072 0.089 0.586 0.124 0.097 
  4  BAFF018    (0)    4 :  0.010 0.021 0.528 0.032 0.019 0.391 
  5  BAFF247    (0)    4 :  0.009 0.014 0.757 0.052 0.098 0.069 
  6  BAFF024    (0)    5 :  0.026 0.056 0.028 0.299 0.478 0.113 
  7  BAFF088    (0)    6 :  0.012 0.038 0.052 0.821 0.029 0.048 
  8  BAFF429    (0)    6 :  0.020 0.020 0.123 0.258 0.509 0.071 
  9  BAFF087    (7)    7 :  0.010 0.007 0.007 0.963 0.007 0.007 
 10  BAFF225    (0)    7 :  0.049 0.019 0.058 0.480 0.352 0.042 
 11  BAFF195    (0)    8 :  0.041 0.013 0.098 0.094 0.104 0.651 
 12  BAFF238    (0)    9 :  0.124 0.038 0.073 0.044 0.682 0.038 
 13  BAFF019    (0)   10 :  0.024 0.857 0.022 0.057 0.016 0.024 
 14  BAFF175    (0)   10 :  0.014 0.113 0.371 0.245 0.210 0.046 
 15  BAFF156    (0)   11 :  0.005 0.008 0.013 0.006 0.006 0.962 
 16  BAFF301    (0)   11 :  0.889 0.022 0.017 0.023 0.032 0.017 
 17  BAFF141    (0)   12 :  0.158 0.010 0.755 0.009 0.009 0.059 
 18  BAFF302    (0)   12 :  0.028 0.068 0.120 0.028 0.475 0.282 
 19  BAFF290    (0)    1 :  0.871 0.013 0.062 0.019 0.023 0.011 
 20  BAFF498    (0)    6 :  0.284 0.072 0.073 0.098 0.170 0.303 
 21  BAFF455    (0)    7 :  0.026 0.037 0.066 0.741 0.103 0.028 
 22  BAFF203    (7)    8 :  0.009 0.012 0.042 0.877 0.040 0.021 
 23  BAFF056    (0)   12 :  0.021 0.896 0.035 0.011 0.028 0.010 
 24  BAFF327    (0)   12 :  0.071 0.216 0.563 0.040 0.026 0.084 
 25  BAFF255    (0)    1 :  0.954 0.007 0.011 0.009 0.011 0.008 
 26  BAFF256    (0)    1 :  0.957 0.012 0.007 0.010 0.009 0.006 
 27  BAFF257    (0)    1 :  0.968 0.005 0.007 0.008 0.007 0.005 
 28  BAFF260    (0)    1 :  0.954 0.007 0.008 0.014 0.011 0.006 
 29  BAFF259    (0)    1 :  0.948 0.016 0.008 0.009 0.008 0.009 
 30  BAFF261    (0)    1 :  0.955 0.008 0.011 0.010 0.008 0.008 
 31  BAFF274    (0)    1 :  0.881 0.014 0.028 0.027 0.029 0.022 
 32  BAFF262    (0)    1 :  0.924 0.010 0.019 0.028 0.010 0.010 
 33  BAFF294    (0)    1 :  0.940 0.008 0.008 0.029 0.008 0.008 
 34  BAFF292    (0)    1 :  0.866 0.010 0.018 0.009 0.082 0.016 
 35  BAFF296    (0)    1 :  0.898 0.014 0.015 0.008 0.050 0.016 
 36  BAFF295    (0)    1 :  0.893 0.013 0.034 0.020 0.029 0.010 
 37  BAFF298    (0)    1 :  0.915 0.019 0.018 0.012 0.018 0.018 
 38  BAFF299    (0)    1 :  0.943 0.024 0.006 0.011 0.007 0.009 
 39  BAFF375    (0)   13 :  0.026 0.011 0.013 0.014 0.926 0.010 
 40  BAFF376    (0)   13 :  0.023 0.031 0.026 0.066 0.838 0.016 
 41  BAFF377    (0)   13 :  0.027 0.009 0.011 0.010 0.930 0.013 
 42  BAFF022    (0)    5 :  0.185 0.013 0.479 0.034 0.234 0.055 
 43  BAFF021    (0)    5 :  0.100 0.021 0.667 0.060 0.131 0.021 
 44  BAFF499    (0)    6 :  0.009 0.847 0.042 0.016 0.062 0.023 
 45  BAFF204    (0)    8 :  0.011 0.045 0.317 0.037 0.454 0.136 
 46  BAFF068    (0)   12 :  0.072 0.865 0.025 0.009 0.014 0.014 
 47  BAFF336    (0)   12 :  0.016 0.547 0.107 0.049 0.020 0.261 
 48  BAFF447    (0)    7 :  0.010 0.016 0.220 0.042 0.549 0.164 
 49  BAFF457    (0)    7 :  0.032 0.011 0.182 0.014 0.606 0.155 
 50  BAFF448    (0)    7 :  0.094 0.009 0.129 0.595 0.081 0.093 
 51  BAFF465    (0)    7 :  0.015 0.012 0.026 0.910 0.019 0.018 
 52  BAFF194    (0)    8 :  0.036 0.014 0.040 0.075 0.648 0.186 
 53  BAFF199    (0)    8 :  0.020 0.023 0.352 0.027 0.236 0.341 
 54  BAFF500    (0)    6 :  0.396 0.136 0.047 0.166 0.222 0.033 
 55  BAFF206    (0)    8 :  0.053 0.060 0.498 0.178 0.190 0.022 
 56  BAFF069    (0)   12 :  0.010 0.923 0.016 0.015 0.016 0.019 
 57  BAFF330    (0)   12 :  0.018 0.026 0.051 0.723 0.029 0.153 
 58  BAFF239    (0)   10 :  0.062 0.669 0.193 0.027 0.017 0.032 
 59  BAFF241    (0)   10 :  0.072 0.860 0.031 0.010 0.012 0.015 
 60  BAFF157    (0)   11 :  0.005 0.007 0.008 0.007 0.009 0.963 
 61  BAFF161    (0)   11 :  0.005 0.007 0.007 0.007 0.007 0.967 
 62  BAFF160    (0)   11 :  0.005 0.006 0.008 0.010 0.008 0.962 
 63  BAFF008    (0)   12 :  0.053 0.137 0.056 0.678 0.053 0.022 
 64  BAFF013    (0)   12 :  0.013 0.015 0.080 0.836 0.027 0.030 
 65  BAFF407    (0)   12 :  0.010 0.929 0.018 0.015 0.011 0.017 
 66  BAFF503    (0)    6 :  0.007 0.784 0.010 0.126 0.019 0.053 
 67  BAFF449    (0)    7 :  0.012 0.036 0.372 0.552 0.014 0.014 
 68  BAFF207    (0)    8 :  0.014 0.708 0.026 0.059 0.183 0.010 
 69  BAFF070    (0)   12 :  0.010 0.933 0.020 0.014 0.014 0.009 
 70  BAFF335    (0)   12 :  0.012 0.059 0.803 0.017 0.011 0.098 
 71  BAFF507    (0)    6 :  0.051 0.009 0.022 0.017 0.573 0.328 
 72  BAFF450    (0)    7 :  0.195 0.058 0.114 0.057 0.256 0.319 
 73  BAFF209    (7)    8 :  0.042 0.034 0.146 0.225 0.489 0.063 
 74  BAFF072    (0)   12 :  0.010 0.062 0.589 0.024 0.013 0.302 
 75  BAFF339    (0)   12 :  0.017 0.515 0.132 0.019 0.265 0.052 
 76  BAFF508    (0)    6 :  0.060 0.018 0.128 0.030 0.083 0.682 
 77  BAFF451    (0)    7 :  0.012 0.026 0.331 0.086 0.510 0.035 
 78  BAFF210    (0)    8 :  0.092 0.496 0.026 0.160 0.205 0.021 
 79  BAFF139    (0)   12 :  0.074 0.016 0.307 0.038 0.431 0.133 
 80  BAFF341    (0)   12 :  0.027 0.036 0.322 0.059 0.244 0.311 
 81  BAFF509    (0)    6 :  0.049 0.044 0.051 0.796 0.049 0.011 
 82  BAFF453    (0)    7 :  0.011 0.188 0.064 0.143 0.569 0.026 
 83  BAFF389    (0)    8 :  0.065 0.008 0.017 0.021 0.606 0.284 
 84  BAFF163    (0)   12 :  0.004 0.968 0.005 0.009 0.006 0.007 
 85  BAFF344    (7)   12 :  0.010 0.367 0.460 0.036 0.063 0.064 
 86  BAFF510    (0)    6 :  0.013 0.034 0.082 0.239 0.270 0.363 
 87  BAFF456    (0)    7 :  0.022 0.038 0.199 0.014 0.684 0.043 
 88  BAFF390    (0)    8 :  0.008 0.008 0.008 0.015 0.946 0.016 
 89  BAFF142    (0)   12 :  0.309 0.081 0.525 0.012 0.015 0.058 
 90  BAFF363    (7)   12 :  0.007 0.933 0.018 0.012 0.009 0.022 
 91  BAFF517    (0)    6 :  0.009 0.034 0.174 0.032 0.600 0.150 
 92  BAFF458    (0)    7 :  0.101 0.075 0.158 0.300 0.166 0.200 
 93  BAFF391    (0)    8 :  0.245 0.353 0.299 0.032 0.033 0.038 
 94  BAFF149    (0)   12 :  0.013 0.046 0.783 0.013 0.048 0.098 
 95  BAFF366    (7)   12 :  0.012 0.033 0.735 0.008 0.154 0.058 
 96  BAFF512    (0)    6 :  0.261 0.047 0.106 0.261 0.189 0.136 
 97  BAFF460    (0)    7 :  0.015 0.017 0.806 0.012 0.085 0.065 
 98  BAFF138    (0)   12 :  0.021 0.059 0.801 0.008 0.014 0.096 
 99  BAFF374    (0)   12 :  0.040 0.274 0.016 0.608 0.019 0.043 
100  BAFF015    (0)    1 :  0.945 0.012 0.012 0.013 0.010 0.008 
101  BAFF380    (0)    2 :  0.015 0.047 0.057 0.285 0.034 0.562 
102  BAFF216    (0)    3 :  0.063 0.036 0.059 0.248 0.548 0.047 
103  BAFF017    (0)    4 :  0.031 0.033 0.009 0.012 0.643 0.272 
104  BAFF245    (0)    4 :  0.161 0.039 0.402 0.122 0.249 0.026 
105  BAFF378    (7)   13 :  0.327 0.017 0.194 0.046 0.257 0.159 
106  BAFF023    (0)    5 :  0.044 0.056 0.299 0.172 0.272 0.156 
107  BAFF079    (0)    6 :  0.047 0.045 0.123 0.171 0.541 0.073 
108  BAFF435    (0)    6 :  0.012 0.035 0.240 0.058 0.335 0.320 
109  BAFF174    (7)    7 :  0.009 0.049 0.032 0.104 0.781 0.026 
110  BAFF226    (0)    7 :  0.019 0.011 0.350 0.016 0.459 0.145 
111  BAFF190    (0)    8 :  0.021 0.095 0.127 0.645 0.028 0.084 
112  BAFF243    (0)    9 :  0.078 0.008 0.128 0.031 0.528 0.227 
113  BAFF177    (0)   10 :  0.030 0.010 0.045 0.783 0.104 0.026 
114  BAFF364    (7)   11 :  0.016 0.024 0.050 0.104 0.046 0.761 
115  BAFF305    (0)   12 :  0.026 0.075 0.743 0.021 0.038 0.097 
116  BAFF513    (0)    6 :  0.066 0.020 0.024 0.794 0.064 0.032 
117  BAFF462    (0)    7 :  0.610 0.090 0.022 0.178 0.033 0.066 
118  BAFF143    (0)   12 :  0.008 0.109 0.612 0.047 0.095 0.129 
119  BAFF403    (0)   12 :  0.008 0.957 0.008 0.009 0.008 0.010 
120  BAFF514    (0)    6 :  0.009 0.342 0.027 0.574 0.026 0.023 
121  BAFF463    (0)    7 :  0.007 0.005 0.006 0.967 0.007 0.007 
122  BAFF137    (0)   12 :  0.012 0.015 0.684 0.258 0.015 0.016 
123  BAFF404    (0)   12 :  0.014 0.934 0.011 0.010 0.010 0.021 
124  BAFF515    (0)    6 :  0.025 0.039 0.113 0.578 0.144 0.099 
125  BAFF144    (0)   12 :  0.017 0.092 0.120 0.270 0.044 0.457 
126  BAFF405    (7)   12 :  0.045 0.060 0.461 0.088 0.017 0.330 
127  BAFF518    (0)    6 :  0.016 0.632 0.265 0.015 0.041 0.032 
128  BAFF467    (0)    7 :  0.031 0.045 0.174 0.253 0.394 0.104 
129  BAFF145    (0)   12 :  0.056 0.014 0.390 0.032 0.049 0.458 
130  BAFF406    (0)   12 :  0.009 0.317 0.081 0.056 0.023 0.514 
131  BAFF519    (0)    6 :  0.016 0.016 0.137 0.082 0.695 0.053 
132  BAFF471    (0)    7 :  0.088 0.037 0.367 0.279 0.105 0.125 
133  BAFF136    (0)   12 :  0.006 0.819 0.079 0.047 0.035 0.013 
134  BAFF520    (7)    6 :  0.053 0.140 0.115 0.167 0.383 0.143 
135  BAFF472    (0)    7 :  0.045 0.052 0.114 0.339 0.169 0.280 
136  BAFF165    (0)   12 :  0.055 0.072 0.729 0.020 0.110 0.014 
137  BAFF408    (0)   12 :  0.033 0.087 0.708 0.019 0.023 0.131 
138  BAFF522    (0)    6 :  0.028 0.042 0.034 0.840 0.025 0.030 
139  BAFF475    (0)    7 :  0.010 0.051 0.117 0.062 0.629 0.131 
140  BAFF140    (0)   12 :  0.022 0.066 0.355 0.282 0.076 0.199 
141  BAFF409    (0)   12 :  0.116 0.791 0.015 0.054 0.013 0.011 
142  BAFF523    (0)    6 :  0.017 0.010 0.027 0.752 0.040 0.155 
143  BAFF476    (0)    7 :  0.012 0.030 0.084 0.016 0.396 0.462 
144  BAFF147    (0)   12 :  0.017 0.288 0.543 0.092 0.023 0.037 
145  BAFF410    (0)   12 :  0.019 0.770 0.121 0.011 0.054 0.025 
146  BAFF477    (0)    7 :  0.127 0.008 0.437 0.023 0.345 0.059 
147  BAFF411    (0)   12 :  0.674 0.099 0.085 0.016 0.048 0.078 
148  BAFF486    (7)    7 :  0.010 0.007 0.274 0.009 0.399 0.300 
149  BAFF412    (7)   12 :  0.058 0.768 0.024 0.094 0.029 0.027 
150  BAFF258    (0)    1 :  0.358 0.027 0.032 0.457 0.034 0.092 
151  BAFF392    (0)    2 :  0.006 0.006 0.007 0.957 0.011 0.013 
152  BAFF217    (0)    3 :  0.014 0.021 0.087 0.015 0.818 0.045 
153  BAFF016    (0)    4 :  0.005 0.033 0.027 0.010 0.520 0.405 
154  BAFF246    (0)    4 :  0.011 0.024 0.022 0.057 0.604 0.281 
155  BAFF381    (0)   13 :  0.011 0.041 0.650 0.033 0.220 0.045 
156  BAFF078    (0)    6 :  0.007 0.081 0.483 0.025 0.014 0.390 
157  BAFF481    (0)    6 :  0.041 0.069 0.426 0.103 0.260 0.100 
158  BAFF436    (0)    7 :  0.113 0.072 0.038 0.533 0.127 0.118 
159  BAFF191    (0)    8 :  0.012 0.022 0.036 0.125 0.791 0.015 
160  BAFF382    (0)    9 :  0.010 0.123 0.311 0.178 0.207 0.172 
161  BAFF178    (0)   10 :  0.011 0.073 0.016 0.784 0.099 0.017 
162  BAFF159    (7)   11 :  0.028 0.037 0.110 0.020 0.462 0.343 
163  BAFF365    (7)   11 :  0.197 0.021 0.526 0.019 0.185 0.052 
164  BAFF007    (0)   12 :  0.094 0.029 0.379 0.053 0.124 0.320 
165  BAFF304    (7)   12 :  0.012 0.084 0.706 0.015 0.019 0.165 
166  BAFF487    (0)    7 :  0.037 0.043 0.076 0.321 0.160 0.364 
167  BAFF415    (0)   12 :  0.083 0.590 0.219 0.043 0.037 0.029 
168  BAFF488    (0)    7 :  0.733 0.015 0.076 0.019 0.128 0.029 
169  BAFF417    (0)   12 :  0.018 0.406 0.437 0.047 0.027 0.066 
170  BAFF489    (0)    7 :  0.010 0.038 0.544 0.080 0.119 0.209 
171  BAFF426    (0)   12 :  0.017 0.925 0.016 0.020 0.014 0.009 
172  BAFF490    (7)    7 :  0.027 0.014 0.079 0.097 0.250 0.534 
173  BAFF491    (0)    7 :  0.061 0.011 0.134 0.373 0.193 0.229 
174  BAFF492    (0)    7 :  0.011 0.028 0.243 0.057 0.407 0.255 
175  BAFF493    (0)    7 :  0.632 0.040 0.049 0.158 0.054 0.066 
176  BAFF506    (0)    7 :  0.253 0.034 0.058 0.267 0.157 0.231 
177  BAFF393    (0)    2 :  0.036 0.012 0.183 0.024 0.084 0.661 
178  BAFF218    (0)    3 :  0.069 0.025 0.119 0.093 0.649 0.046 
179  BAFF254    (0)    4 :  0.034 0.014 0.339 0.023 0.021 0.568 
180  BAFF385    (0)   13 :  0.062 0.125 0.160 0.325 0.074 0.253 
181  BAFF076    (0)    6 :  0.013 0.012 0.009 0.943 0.009 0.013 
182  BAFF482    (0)    6 :  0.012 0.103 0.359 0.196 0.184 0.145 
183  BAFF437    (0)    7 :  0.027 0.013 0.741 0.032 0.177 0.010 
184  BAFF192    (0)    8 :  0.022 0.017 0.099 0.464 0.088 0.310 
185  BAFF383    (0)    9 :  0.878 0.013 0.064 0.021 0.015 0.009 
186  BAFF180    (0)   10 :  0.009 0.179 0.018 0.449 0.319 0.026 
187  BAFF048    (7)   12 :  0.072 0.017 0.050 0.121 0.030 0.709 
188  BAFF306    (0)   12 :  0.011 0.043 0.671 0.070 0.084 0.121 
189  BAFF394    (0)    2 :  0.052 0.023 0.120 0.059 0.502 0.243 
190  BAFF219    (0)    3 :  0.009 0.015 0.409 0.031 0.512 0.024 
191  BAFF388    (0)    4 :  0.201 0.339 0.017 0.393 0.029 0.021 
192  BAFF386    (7)   13 :  0.023 0.022 0.060 0.788 0.040 0.067 
193  BAFF084    (0)    6 :  0.013 0.011 0.064 0.016 0.050 0.846 
194  BAFF483    (0)    6 :  0.037 0.128 0.183 0.456 0.163 0.033 
195  BAFF438   (15)    7 :  0.018 0.054 0.501 0.088 0.057 0.282 
196  BAFF193    (0)    8 :  0.551 0.023 0.067 0.161 0.131 0.067 
197  BAFF183    (0)   10 :  0.195 0.128 0.072 0.047 0.324 0.234 
198  BAFF153    (0)   12 :  0.008 0.040 0.834 0.015 0.010 0.094 
199  BAFF307    (0)   12 :  0.012 0.031 0.545 0.031 0.036 0.345 
200  BAFF397    (0)    2 :  0.011 0.015 0.620 0.006 0.257 0.091 
201  BAFF220    (0)    3 :  0.009 0.012 0.011 0.936 0.011 0.022 
202  BAFF095    (0)    6 :  0.047 0.013 0.014 0.900 0.014 0.012 
203  BAFF494    (0)    6 :  0.007 0.031 0.041 0.751 0.070 0.100 
204  BAFF439    (0)    7 :  0.012 0.469 0.250 0.020 0.213 0.037 
205  BAFF182    (0)   10 :  0.027 0.172 0.047 0.636 0.037 0.080 
206  BAFF054    (0)   12 :  0.007 0.955 0.013 0.009 0.007 0.009 
207  BAFF308    (0)   12 :  0.018 0.021 0.861 0.025 0.017 0.058 
208  BAFF266    (0)    1 :  0.275 0.086 0.111 0.048 0.097 0.383 
209  BAFF398    (7)    2 :  0.027 0.006 0.008 0.942 0.008 0.008 
210  BAFF221    (0)    3 :  0.557 0.136 0.052 0.096 0.014 0.144 
211  BAFF090    (0)    6 :  0.034 0.306 0.157 0.103 0.059 0.340 
212  BAFF495    (0)    6 :  0.011 0.012 0.014 0.012 0.927 0.024 
213  BAFF459    (0)    7 :  0.009 0.014 0.044 0.016 0.778 0.139 
214  BAFF197    (0)    8 :  0.014 0.097 0.535 0.021 0.315 0.018 
215  BAFF188    (0)   10 :  0.036 0.134 0.685 0.026 0.050 0.069 
216  BAFF051    (0)   12 :  0.040 0.575 0.117 0.104 0.123 0.041 
217  BAFF309    (0)   12 :  0.019 0.024 0.271 0.270 0.206 0.211 
218  BAFF269    (0)    1 :  0.170 0.013 0.393 0.047 0.334 0.043 
219  BAFF077    (0)    6 :  0.011 0.011 0.009 0.006 0.586 0.376 
220  BAFF496    (0)    6 :  0.014 0.010 0.013 0.012 0.941 0.010 
221  BAFF443    (0)    7 :  0.131 0.165 0.369 0.097 0.147 0.092 
222  BAFF198    (0)    8 :  0.014 0.088 0.051 0.327 0.440 0.079 
223  BAFF053    (0)   12 :  0.023 0.067 0.788 0.011 0.059 0.052 
224  BAFF310    (0)   12 :  0.008 0.836 0.103 0.011 0.011 0.030 
225  BAFF282    (0)    1 :  0.876 0.016 0.023 0.036 0.021 0.028 
226  BAFF497    (0)    6 :  0.013 0.017 0.074 0.016 0.835 0.046 
227  BAFF466    (0)    7 :  0.017 0.043 0.239 0.084 0.170 0.447 
228  BAFF200    (7)    8 :  0.015 0.055 0.054 0.692 0.071 0.112 
229  BAFF240    (0)   10 :  0.013 0.011 0.116 0.102 0.053 0.704 
230  BAFF055    (0)   12 :  0.020 0.813 0.107 0.031 0.013 0.016 
231  BAFF311    (7)   12 :  0.024 0.007 0.013 0.929 0.014 0.013 


Estimated Allele Frequencies in each cluster
First column gives estimated ancestral frequencies


Locus 1 : btern01 
9 alleles
0.0% missing data
   1   (0.142) 0.113 0.046 0.158 0.151 0.170 0.155 
   2   (0.017) 0.029 0.004 0.005 0.005 0.005 0.006 
   3   (0.161) 0.075 0.103 0.219 0.129 0.222 0.182 
   4   (0.214) 0.209 0.174 0.206 0.198 0.220 0.226 
   5   (0.291) 0.414 0.334 0.335 0.185 0.232 0.349 
   6   (0.073) 0.037 0.308 0.044 0.052 0.063 0.033 
   7   (0.052) 0.086 0.021 0.016 0.222 0.015 0.026 
   8   (0.016) 0.031 0.002 0.006 0.003 0.006 0.003 
   9   (0.034) 0.007 0.007 0.010 0.054 0.066 0.019 

Locus 2 : bt28 
5 alleles
0.0% missing data
   1   (0.667) 0.762 0.712 0.719 0.596 0.694 0.663 
   2   (0.149) 0.165 0.108 0.130 0.176 0.154 0.070 
   3   (0.148) 0.051 0.174 0.134 0.220 0.097 0.209 
   4   (0.025) 0.009 0.005 0.014 0.005 0.053 0.056 
   5   (0.012) 0.014 0.002 0.003 0.002 0.002 0.002 

Locus 3 : b96 
8 alleles
0.9% missing data
   1   (0.328) 0.347 0.333 0.427 0.347 0.295 0.245 
   2   (0.482) 0.475 0.509 0.406 0.528 0.625 0.579 
   3   (0.046) 0.014 0.041 0.049 0.035 0.015 0.069 
   4   (0.015) 0.004 0.003 0.004 0.003 0.003 0.052 
   5   (0.051) 0.026 0.038 0.043 0.042 0.028 0.026 
   6   (0.026) 0.075 0.006 0.010 0.032 0.005 0.006 
   7   (0.038) 0.057 0.009 0.057 0.009 0.027 0.020 
   8   (0.013) 0.003 0.063 0.003 0.003 0.002 0.002 

Locus 4 : bt30 
12 alleles
0.9% missing data
   1   (0.111) 0.251 0.122 0.073 0.169 0.057 0.063 
   2   (0.275) 0.279 0.275 0.325 0.283 0.332 0.250 
   3   (0.073) 0.024 0.035 0.083 0.040 0.141 0.134 
   4   (0.188) 0.129 0.236 0.196 0.211 0.181 0.203 
   5   (0.013) 0.003 0.003 0.004 0.018 0.003 0.003 
   6   (0.102) 0.095 0.057 0.060 0.188 0.124 0.076 
   7   (0.032) 0.022 0.028 0.040 0.011 0.018 0.008 
   8   (0.052) 0.042 0.058 0.064 0.013 0.021 0.046 
   9   (0.114) 0.094 0.179 0.130 0.044 0.105 0.210 
  10   (0.012) 0.055 0.002 0.002 0.002 0.002 0.002 
  11   (0.017) 0.004 0.004 0.021 0.019 0.005 0.003 
  12   (0.012) 0.002 0.002 0.003 0.002 0.010 0.002 

Locus 5 : btms0081 
3 alleles
0.9% missing data
   1   (0.497) 0.589 0.316 0.444 0.608 0.466 0.627 
   2   (0.349) 0.230 0.455 0.413 0.285 0.393 0.297 
   3   (0.154) 0.181 0.230 0.143 0.107 0.142 0.077 

Locus 6 : btms0066 
24 alleles
0.0% missing data
   1   (0.263) 0.386 0.356 0.310 0.328 0.201 0.229 
   2   (0.017) 0.060 0.003 0.004 0.003 0.005 0.005 
   3   (0.031) 0.006 0.011 0.094 0.019 0.013 0.030 
   4   (0.151) 0.072 0.151 0.118 0.223 0.330 0.143 
   5   (0.087) 0.033 0.110 0.199 0.043 0.124 0.064 
   6   (0.056) 0.014 0.023 0.041 0.163 0.039 0.074 
   7   (0.020) 0.016 0.003 0.005 0.040 0.004 0.005 
   8   (0.053) 0.072 0.030 0.033 0.017 0.068 0.063 
   9   (0.023) 0.004 0.007 0.026 0.008 0.005 0.156 
  10   (0.027) 0.127 0.005 0.009 0.007 0.014 0.038 
  11   (0.019) 0.128 0.011 0.004 0.007 0.004 0.005 
  12   (0.035) 0.009 0.017 0.033 0.007 0.111 0.029 
  13   (0.028) 0.007 0.016 0.020 0.022 0.007 0.020 
  14   (0.022) 0.005 0.037 0.006 0.006 0.004 0.042 
  15   (0.019) 0.007 0.003 0.025 0.004 0.027 0.009 
  16   (0.031) 0.007 0.084 0.011 0.028 0.007 0.037 
  17   (0.023) 0.019 0.057 0.018 0.007 0.006 0.011 
  18   (0.010) 0.002 0.027 0.002 0.002 0.002 0.002 
  19   (0.014) 0.003 0.004 0.024 0.005 0.002 0.004 
  20   (0.021) 0.007 0.011 0.005 0.024 0.016 0.014 
  21   (0.016) 0.007 0.003 0.004 0.022 0.003 0.009 
  22   (0.010) 0.002 0.002 0.002 0.009 0.002 0.003 
  23   (0.011) 0.002 0.026 0.003 0.002 0.002 0.002 
  24   (0.012) 0.006 0.003 0.003 0.003 0.003 0.007 

Locus 7 : btms0083 
31 alleles
3.0% missing data
   1   (0.014) 0.186 0.003 0.003 0.003 0.002 0.003 
   2   (0.024) 0.089 0.004 0.029 0.005 0.005 0.013 
   3   (0.030) 0.006 0.009 0.014 0.060 0.009 0.073 
   4   (0.040) 0.051 0.012 0.032 0.039 0.021 0.039 
   5   (0.193) 0.217 0.258 0.229 0.336 0.156 0.177 
   6   (0.022) 0.008 0.006 0.007 0.027 0.010 0.018 
   7   (0.062) 0.024 0.159 0.097 0.022 0.057 0.068 
   8   (0.035) 0.018 0.016 0.123 0.011 0.027 0.015 
   9   (0.034) 0.008 0.007 0.032 0.053 0.042 0.013 
  10   (0.025) 0.008 0.021 0.012 0.097 0.009 0.006 
  11   (0.052) 0.016 0.010 0.056 0.019 0.124 0.227 
  12   (0.016) 0.038 0.004 0.004 0.006 0.010 0.003 
  13   (0.050) 0.011 0.074 0.064 0.021 0.081 0.056 
  14   (0.035) 0.009 0.007 0.051 0.014 0.097 0.041 
  15   (0.031) 0.022 0.007 0.011 0.024 0.038 0.036 
  16   (0.023) 0.041 0.005 0.008 0.069 0.009 0.014 
  17   (0.038) 0.075 0.007 0.018 0.014 0.148 0.016 
  18   (0.054) 0.045 0.113 0.034 0.047 0.027 0.034 
  19   (0.020) 0.012 0.099 0.008 0.005 0.005 0.005 
  20   (0.027) 0.005 0.056 0.063 0.008 0.009 0.014 
  21   (0.009) 0.028 0.001 0.002 0.002 0.002 0.002 
  22   (0.010) 0.026 0.002 0.002 0.002 0.002 0.002 
  23   (0.015) 0.019 0.002 0.010 0.003 0.010 0.004 
  24   (0.012) 0.003 0.013 0.003 0.002 0.002 0.002 
  25   (0.031) 0.007 0.007 0.035 0.075 0.013 0.015 
  26   (0.017) 0.003 0.003 0.006 0.005 0.040 0.033 
  27   (0.030) 0.006 0.055 0.023 0.011 0.024 0.011 
  28   (0.016) 0.005 0.003 0.007 0.008 0.007 0.044 
  29   (0.014) 0.007 0.003 0.005 0.006 0.006 0.009 
  30   (0.011) 0.002 0.033 0.006 0.003 0.002 0.002 
  31   (0.010) 0.004 0.002 0.006 0.002 0.005 0.002 

Locus 8 : b126 
16 alleles
0.0% missing data
   1   (0.042) 0.039 0.012 0.028 0.060 0.027 0.013 
   2   (0.045) 0.115 0.008 0.054 0.014 0.066 0.016 
   3   (0.313) 0.242 0.399 0.371 0.287 0.379 0.437 
   4   (0.031) 0.012 0.008 0.016 0.017 0.056 0.028 
   5   (0.074) 0.033 0.064 0.046 0.135 0.075 0.071 
   6   (0.065) 0.019 0.152 0.145 0.021 0.049 0.050 
   7   (0.103) 0.022 0.129 0.110 0.165 0.074 0.194 
   8   (0.028) 0.008 0.067 0.012 0.008 0.028 0.025 
   9   (0.013) 0.002 0.002 0.003 0.032 0.002 0.002 
  10   (0.042) 0.025 0.047 0.014 0.092 0.026 0.011 
  11   (0.095) 0.353 0.029 0.094 0.043 0.071 0.108 
  12   (0.032) 0.027 0.028 0.034 0.008 0.011 0.010 
  13   (0.067) 0.093 0.045 0.042 0.071 0.080 0.018 
  14   (0.019) 0.004 0.004 0.007 0.010 0.045 0.010 
  15   (0.014) 0.003 0.003 0.018 0.013 0.003 0.003 
  16   (0.017) 0.003 0.003 0.006 0.024 0.007 0.003 

Locus 9 : btms0062 
34 alleles
0.0% missing data
   1   (0.033) 0.073 0.009 0.011 0.043 0.013 0.045 
   2   (0.050) 0.099 0.015 0.024 0.037 0.130 0.055 
   3   (0.080) 0.103 0.066 0.196 0.039 0.058 0.093 
   4   (0.102) 0.062 0.188 0.066 0.202 0.085 0.168 
   5   (0.054) 0.025 0.017 0.102 0.059 0.049 0.096 
   6   (0.025) 0.008 0.005 0.030 0.012 0.028 0.022 
   7   (0.011) 0.003 0.002 0.012 0.004 0.005 0.004 
   8   (0.022) 0.006 0.004 0.060 0.005 0.031 0.007 
   9   (0.039) 0.019 0.016 0.018 0.031 0.072 0.099 
  10   (0.057) 0.049 0.062 0.037 0.067 0.060 0.027 
  11   (0.068) 0.027 0.048 0.055 0.139 0.054 0.147 
  12   (0.042) 0.010 0.039 0.028 0.075 0.147 0.012 
  13   (0.047) 0.027 0.020 0.045 0.108 0.026 0.026 
  14   (0.041) 0.013 0.240 0.038 0.014 0.044 0.019 
  15   (0.018) 0.004 0.007 0.079 0.007 0.007 0.007 
  16   (0.021) 0.005 0.015 0.017 0.004 0.004 0.032 
  17   (0.015) 0.134 0.003 0.003 0.010 0.003 0.004 
  18   (0.014) 0.003 0.002 0.004 0.026 0.006 0.003 
  19   (0.041) 0.076 0.087 0.019 0.018 0.049 0.013 
  20   (0.010) 0.028 0.001 0.002 0.002 0.002 0.002 
  21   (0.032) 0.056 0.006 0.017 0.026 0.031 0.019 
  22   (0.016) 0.084 0.004 0.017 0.003 0.003 0.003 
  23   (0.012) 0.024 0.002 0.003 0.003 0.003 0.002 
  24   (0.018) 0.004 0.008 0.011 0.005 0.039 0.009 
  25   (0.012) 0.013 0.003 0.004 0.004 0.006 0.004 
  26   (0.031) 0.020 0.063 0.017 0.025 0.019 0.031 
  27   (0.018) 0.004 0.008 0.033 0.011 0.003 0.019 
  28   (0.011) 0.002 0.003 0.018 0.002 0.002 0.004 
  29   (0.012) 0.005 0.002 0.004 0.003 0.005 0.015 
  30   (0.009) 0.002 0.027 0.002 0.002 0.002 0.002 
  31   (0.011) 0.002 0.002 0.016 0.002 0.004 0.003 
  32   (0.011) 0.002 0.002 0.003 0.007 0.003 0.006 
  33   (0.009) 0.004 0.001 0.005 0.002 0.004 0.002 
  34   (0.008) 0.002 0.023 0.003 0.002 0.001 0.002 

Locus 10 : btern02 
25 alleles
4.8% missing data
   1   (0.100) 0.127 0.067 0.105 0.086 0.142 0.184 
   2   (0.010) 0.014 0.002 0.002 0.002 0.002 0.002 
   3   (0.080) 0.028 0.024 0.117 0.120 0.120 0.090 
   4   (0.052) 0.017 0.088 0.031 0.139 0.050 0.014 
   5   (0.029) 0.017 0.007 0.020 0.029 0.016 0.029 
   6   (0.049) 0.027 0.024 0.049 0.041 0.037 0.114 
   7   (0.029) 0.006 0.122 0.024 0.027 0.013 0.006 
   8   (0.038) 0.091 0.008 0.036 0.017 0.022 0.029 
   9   (0.072) 0.082 0.058 0.151 0.100 0.026 0.045 
  10   (0.030) 0.009 0.007 0.033 0.017 0.093 0.031 
  11   (0.057) 0.021 0.072 0.104 0.023 0.087 0.039 
  12   (0.035) 0.123 0.007 0.019 0.012 0.047 0.020 
  13   (0.048) 0.050 0.048 0.026 0.067 0.047 0.014 
  14   (0.049) 0.143 0.119 0.021 0.037 0.041 0.029 
  15   (0.013) 0.002 0.002 0.003 0.002 0.002 0.085 
  16   (0.047) 0.057 0.048 0.038 0.020 0.044 0.040 
  17   (0.027) 0.007 0.054 0.013 0.026 0.015 0.032 
  18   (0.045) 0.013 0.163 0.023 0.022 0.076 0.041 
  19   (0.040) 0.008 0.012 0.070 0.075 0.019 0.044 
  20   (0.042) 0.055 0.009 0.034 0.065 0.042 0.011 
  21   (0.025) 0.052 0.009 0.022 0.006 0.010 0.010 
  22   (0.012) 0.019 0.006 0.005 0.003 0.003 0.003 
  23   (0.031) 0.023 0.006 0.035 0.030 0.031 0.012 
  24   (0.031) 0.007 0.036 0.019 0.019 0.009 0.074 
  25   (0.011) 0.003 0.004 0.003 0.014 0.006 0.003 

Locus 11 : btms0086 
3 alleles
0.0% missing data
   1   (0.838) 0.787 0.919 0.889 0.769 0.837 0.927 
   2   (0.139) 0.194 0.071 0.080 0.226 0.159 0.067 
   3   (0.023) 0.019 0.010 0.031 0.004 0.004 0.006 

Locus 12 : bl13 
3 alleles
0.0% missing data
   1   (0.071) 0.192 0.287 0.027 0.041 0.028 0.022 
   2   (0.827) 0.787 0.654 0.872 0.847 0.889 0.784 
   3   (0.102) 0.021 0.059 0.100 0.112 0.083 0.195 

Locus 13 : btms0059 
9 alleles
0.0% missing data
   1   (0.348) 0.367 0.304 0.469 0.332 0.274 0.408 
   2   (0.101) 0.126 0.019 0.074 0.046 0.253 0.216 
   3   (0.066) 0.108 0.102 0.054 0.035 0.025 0.033 
   4   (0.055) 0.045 0.020 0.037 0.089 0.029 0.022 
   5   (0.078) 0.036 0.051 0.105 0.039 0.085 0.073 
   6   (0.302) 0.302 0.494 0.231 0.438 0.291 0.209 
   7   (0.014) 0.003 0.002 0.004 0.003 0.027 0.022 
   8   (0.024) 0.008 0.004 0.022 0.015 0.011 0.012 
   9   (0.011) 0.005 0.003 0.003 0.002 0.005 0.005 

Values of parameters used in structure:
DATAFILE=/Users/johnmola/Desktop/rpbbfeb27/rpbbstructure/project_data,	OUTFILE=/Users/johnmola/Desktop/rpbbfeb27/rpbbstructure/rpbb20k100k/Results/rpbb20k100k_run_52,	NUMINDS=231,	NUMLOCI=13,	MISSING=-9,	LABEL=1,	POPDATA=1,	POPFLAG=0,	PHENOTYPE=0,	EXTRACOLS=0,	MAXPOPS=6,	BURNIN=20000,	NUMREPS=100000,	USEPOPINFO=0,	INFERALPHA=1,	INFERLAMBDA=0,	POPSPECIFICLAMBDA=0,	POPALPHAS=0,	COMPUTEPROB=1,	NOADMIX=0,	ADMBURNIN=2500,	UPDATEFREQ=1,	PRINTLIKES=0,	INTERMEDSAVE=0,	PRINTKLD=0,	PRINTNET=0,	PRINTLAMBDA=0,	ANCESTDIST=0,	NUMBOXES=1000,	ANCESTPINT=0.90000,	GENSBACK=2,	MIGRPRIOR=0.05000,	PRINTQHAT=0,	PRINTQSUM=0,	ALPHA=1.0000,	FREQSCORR=1,	FPRIORMEAN=0.0100,	FPRIORSD=0.0500,	ONEFST=0,	LAMBDA=1.0000,	UNIFPRIORALPHA=1,	ALPHAMAX=10.0000,	ALPHAPRIORA=1.0000,	ALPHAPRIORB=2.0000,	ALPHAPROPSD=0.0250,	STARTATPOPINFO=0,	RANDOMIZE=1,	LINKAGE=0,	METROFREQ=10,	REPORTHITRATE=0,	MARKOVPHASE=-1,	PHASED=0,	PLOIDY=2,	PHASEINFO=0	LOCPRIOR=0, 	LOCPRIORINIT=1.000000, 	LOCDATA=0, 	LOCISPOP=0, 	LOCPRIORSTEP=0.100000, 	MAXLOCPRIOR=20.000000, 	SEED=1677520130,	
[STRAT parameters]:    NUMSIMSTATS=1000,	PHENOTYPECOL=-9,	POOLFREQ=10,	LOCUSxONLY=0,	EMERROR=0.00100,	MISSINGPHENO=-9,	