

----------------------------------------------------
STRUCTURE by Pritchard, Stephens and Donnelly (2000)
     and Falush, Stephens and Pritchard (2003)
       Code by Pritchard, Falush and Hubisz
             Version 2.3.4 (Jul 2012)
----------------------------------------------------



Command line arguments:   bin/structure -m "/Users/johnmola/Desktop/rpbbfeb27/rpbbstructure/rpbb20k100k/mainparams" -e "/Users/johnmola/Desktop/rpbbfeb27/rpbbstructure/rpbb20k100k/extraparams" 
Input File:    /Users/johnmola/Desktop/rpbbfeb27/rpbbstructure/project_data

Run parameters:
   231 individuals
   13 loci
   7 populations assumed
   20000 Burn-in period
   100000 Reps


--------------------------------------------
Proportion of membership of each pre-defined
 population in each of the 7 clusters

Given    Inferred Clusters                                   Number of
 Pop       1      2      3      4      5      6      7      Individuals

  1:     0.792  0.018  0.038  0.057  0.041  0.041  0.014       21
  2:     0.021  0.227  0.306  0.209  0.104  0.120  0.014        7
  3:     0.090  0.065  0.213  0.218  0.081  0.300  0.033        7
  4:     0.056  0.146  0.076  0.169  0.173  0.315  0.066        8
  5:     0.061  0.018  0.084  0.244  0.371  0.198  0.025        4
  6:     0.036  0.108  0.249  0.205  0.066  0.234  0.103       35
  7:     0.075  0.066  0.185  0.339  0.124  0.170  0.042       40
  8:     0.053  0.082  0.198  0.164  0.120  0.274  0.108       19
  9:     0.245  0.031  0.037  0.266  0.073  0.315  0.032        4
 10:     0.035  0.138  0.252  0.060  0.156  0.118  0.241       11
 11:     0.141  0.598  0.016  0.090  0.066  0.076  0.014        8
 12:     0.042  0.097  0.090  0.091  0.324  0.042  0.314       60
 13:     0.041  0.037  0.155  0.251  0.084  0.406  0.026        7
--------------------------------------------

Allele-freq. divergence among pops (Net nucleotide distance),
computed using point estimates of P.

      1       2       3       4       5       6       7      
 1      -    0.0442  0.0339  0.0267  0.0302  0.0370  0.0408  
 2   0.0442     -    0.0370  0.0263  0.0291  0.0323  0.0435  
 3   0.0339  0.0370     -    0.0199  0.0320  0.0303  0.0390  
 4   0.0267  0.0263  0.0199     -    0.0205  0.0175  0.0325  
 5   0.0302  0.0291  0.0320  0.0205     -    0.0281  0.0316  
 6   0.0370  0.0323  0.0303  0.0175  0.0281     -    0.0391  
 7   0.0408  0.0435  0.0390  0.0325  0.0316  0.0391     -    

Average distances (expected heterozygosity) between individuals in same cluster:
cluster  1  : 0.6864 
cluster  2  : 0.6499 
cluster  3  : 0.6855 
cluster  4  : 0.6800 
cluster  5  : 0.6742 
cluster  6  : 0.6758 
cluster  7  : 0.6748 

--------------------------------------------
Estimated Ln Prob of Data   = -9938.0
Mean value of ln likelihood = -9403.6
Variance of ln likelihood   = 1068.9
Mean value of alpha         = 0.0535

Mean value of Fst_1         = 0.0794
Mean value of Fst_2         = 0.1219
Mean value of Fst_3         = 0.0752
Mean value of Fst_4         = 0.0501
Mean value of Fst_5         = 0.0526
Mean value of Fst_6         = 0.0732
Mean value of Fst_7         = 0.0954


Inferred ancestry of individuals:
        Label (%Miss) Pop:  Inferred clusters
  1  BAFF014    (0)    1 :  0.933 0.009 0.010 0.014 0.011 0.018 0.006 
  2  BAFF379    (0)    2 :  0.016 0.144 0.049 0.480 0.232 0.068 0.013 
  3  BAFF212    (0)    3 :  0.024 0.036 0.270 0.537 0.033 0.038 0.062 
  4  BAFF018    (0)    4 :  0.009 0.248 0.024 0.346 0.341 0.013 0.019 
  5  BAFF247    (0)    4 :  0.008 0.022 0.044 0.493 0.398 0.024 0.012 
  6  BAFF024    (0)    5 :  0.020 0.016 0.228 0.040 0.032 0.617 0.047 
  7  BAFF088    (0)    6 :  0.010 0.032 0.800 0.069 0.035 0.019 0.034 
  8  BAFF429    (0)    6 :  0.019 0.057 0.156 0.147 0.139 0.469 0.012 
  9  BAFF087    (7)    7 :  0.008 0.006 0.958 0.009 0.006 0.006 0.006 
 10  BAFF225    (0)    7 :  0.035 0.011 0.383 0.356 0.021 0.177 0.016 
 11  BAFF195    (0)    8 :  0.047 0.584 0.091 0.071 0.086 0.107 0.013 
 12  BAFF238    (0)    9 :  0.100 0.027 0.043 0.130 0.047 0.610 0.044 
 13  BAFF019    (0)   10 :  0.024 0.033 0.061 0.024 0.023 0.014 0.821 
 14  BAFF175    (0)   10 :  0.014 0.037 0.204 0.099 0.385 0.186 0.076 
 15  BAFF156    (0)   11 :  0.005 0.967 0.005 0.005 0.008 0.005 0.006 
 16  BAFF301    (0)   11 :  0.857 0.015 0.019 0.025 0.018 0.044 0.022 
 17  BAFF141    (0)   12 :  0.178 0.023 0.010 0.096 0.681 0.006 0.006 
 18  BAFF302    (0)   12 :  0.027 0.018 0.028 0.355 0.041 0.476 0.054 
 19  BAFF290    (0)    1 :  0.836 0.008 0.016 0.039 0.066 0.024 0.013 
 20  BAFF498    (0)    6 :  0.212 0.082 0.052 0.449 0.024 0.116 0.065 
 21  BAFF455    (0)    7 :  0.024 0.024 0.778 0.040 0.046 0.057 0.031 
 22  BAFF203    (7)    8 :  0.008 0.014 0.858 0.050 0.038 0.020 0.012 
 23  BAFF056    (0)   12 :  0.019 0.006 0.009 0.154 0.016 0.015 0.781 
 24  BAFF327    (0)   12 :  0.069 0.036 0.034 0.017 0.702 0.020 0.122 
 25  BAFF255    (0)    1 :  0.943 0.006 0.008 0.015 0.011 0.010 0.007 
 26  BAFF256    (0)    1 :  0.950 0.006 0.011 0.008 0.007 0.008 0.012 
 27  BAFF257    (0)    1 :  0.962 0.005 0.008 0.007 0.007 0.006 0.006 
 28  BAFF260    (0)    1 :  0.944 0.005 0.016 0.009 0.007 0.012 0.007 
 29  BAFF259    (0)    1 :  0.943 0.009 0.008 0.008 0.008 0.009 0.014 
 30  BAFF261    (0)    1 :  0.945 0.008 0.008 0.014 0.011 0.007 0.007 
 31  BAFF274    (0)    1 :  0.844 0.013 0.028 0.057 0.022 0.022 0.014 
 32  BAFF262    (0)    1 :  0.904 0.009 0.034 0.009 0.026 0.010 0.008 
 33  BAFF294    (0)    1 :  0.931 0.007 0.029 0.008 0.009 0.009 0.008 
 34  BAFF292    (0)    1 :  0.769 0.012 0.008 0.012 0.018 0.171 0.010 
 35  BAFF296    (0)    1 :  0.801 0.014 0.008 0.021 0.013 0.129 0.014 
 36  BAFF295    (0)    1 :  0.855 0.009 0.022 0.017 0.048 0.037 0.012 
 37  BAFF298    (0)    1 :  0.893 0.013 0.013 0.024 0.018 0.021 0.019 
 38  BAFF299    (0)    1 :  0.931 0.010 0.013 0.006 0.007 0.007 0.028 
 39  BAFF375    (0)   13 :  0.016 0.008 0.015 0.015 0.010 0.925 0.010 
 40  BAFF376    (0)   13 :  0.018 0.009 0.060 0.028 0.017 0.840 0.028 
 41  BAFF377    (0)   13 :  0.016 0.008 0.010 0.012 0.009 0.937 0.008 
 42  BAFF022    (0)    5 :  0.152 0.033 0.029 0.063 0.591 0.121 0.011 
 43  BAFF021    (0)    5 :  0.052 0.010 0.035 0.020 0.835 0.034 0.014 
 44  BAFF499    (0)    6 :  0.009 0.030 0.014 0.031 0.040 0.055 0.820 
 45  BAFF204    (0)    8 :  0.009 0.017 0.026 0.743 0.086 0.080 0.040 
 46  BAFF068    (0)   12 :  0.080 0.011 0.007 0.038 0.026 0.012 0.826 
 47  BAFF336    (0)   12 :  0.015 0.296 0.027 0.087 0.045 0.015 0.517 
 48  BAFF447    (0)    7 :  0.008 0.031 0.023 0.789 0.027 0.109 0.013 
 49  BAFF457    (0)    7 :  0.036 0.049 0.013 0.495 0.056 0.341 0.009 
 50  BAFF448    (0)    7 :  0.067 0.031 0.365 0.461 0.042 0.026 0.007 
 51  BAFF465    (0)    7 :  0.015 0.015 0.879 0.048 0.020 0.012 0.011 
 52  BAFF194    (0)    8 :  0.037 0.026 0.055 0.066 0.038 0.764 0.013 
 53  BAFF199    (0)    8 :  0.019 0.250 0.019 0.429 0.131 0.130 0.021 
 54  BAFF500    (0)    6 :  0.199 0.009 0.081 0.530 0.011 0.098 0.073 
 55  BAFF206    (0)    8 :  0.061 0.018 0.081 0.024 0.634 0.122 0.059 
 56  BAFF069    (0)   12 :  0.009 0.022 0.014 0.013 0.013 0.013 0.916 
 57  BAFF330    (0)   12 :  0.018 0.222 0.620 0.046 0.052 0.017 0.025 
 58  BAFF239    (0)   10 :  0.044 0.149 0.023 0.043 0.213 0.010 0.518 
 59  BAFF241    (0)   10 :  0.061 0.112 0.012 0.042 0.035 0.011 0.726 
 60  BAFF157    (0)   11 :  0.005 0.961 0.006 0.006 0.006 0.009 0.006 
 61  BAFF161    (0)   11 :  0.004 0.967 0.006 0.006 0.005 0.006 0.006 
 62  BAFF160    (0)   11 :  0.005 0.960 0.008 0.007 0.008 0.007 0.006 
 63  BAFF008    (0)   12 :  0.038 0.017 0.551 0.178 0.039 0.018 0.159 
 64  BAFF013    (0)   12 :  0.011 0.027 0.836 0.022 0.069 0.021 0.014 
 65  BAFF407    (0)   12 :  0.010 0.021 0.013 0.013 0.021 0.010 0.912 
 66  BAFF503    (0)    6 :  0.006 0.069 0.076 0.026 0.010 0.011 0.801 
 67  BAFF449    (0)    7 :  0.012 0.010 0.317 0.017 0.606 0.013 0.026 
 68  BAFF207    (0)    8 :  0.013 0.006 0.054 0.050 0.027 0.115 0.734 
 69  BAFF070    (0)   12 :  0.009 0.010 0.016 0.013 0.029 0.013 0.911 
 70  BAFF335    (0)   12 :  0.009 0.014 0.011 0.012 0.924 0.009 0.021 
 71  BAFF507    (0)    6 :  0.042 0.019 0.013 0.098 0.012 0.810 0.008 
 72  BAFF450    (0)    7 :  0.194 0.239 0.038 0.185 0.043 0.251 0.052 
 73  BAFF209    (7)    8 :  0.037 0.061 0.204 0.023 0.149 0.497 0.030 
 74  BAFF072    (0)   12 :  0.012 0.439 0.021 0.040 0.440 0.012 0.035 
 75  BAFF339    (0)   12 :  0.015 0.019 0.014 0.230 0.090 0.217 0.415 
 76  BAFF508    (0)    6 :  0.054 0.820 0.012 0.067 0.023 0.010 0.013 
 77  BAFF451    (0)    7 :  0.013 0.019 0.090 0.323 0.198 0.329 0.028 
 78  BAFF210    (0)    8 :  0.086 0.011 0.105 0.156 0.018 0.141 0.483 
 79  BAFF139    (0)   12 :  0.063 0.043 0.033 0.300 0.238 0.309 0.014 
 80  BAFF341    (0)   12 :  0.020 0.152 0.059 0.564 0.101 0.080 0.024 
 81  BAFF509    (0)    6 :  0.062 0.008 0.702 0.031 0.085 0.071 0.041 
 82  BAFF453    (0)    7 :  0.009 0.018 0.101 0.063 0.081 0.604 0.124 
 83  BAFF389    (0)    8 :  0.035 0.102 0.021 0.009 0.017 0.809 0.007 
 84  BAFF163    (0)   12 :  0.004 0.009 0.013 0.006 0.007 0.007 0.955 
 85  BAFF344    (7)   12 :  0.009 0.046 0.034 0.028 0.605 0.068 0.210 
 86  BAFF510    (0)    6 :  0.011 0.091 0.331 0.117 0.058 0.356 0.036 
 87  BAFF456    (0)    7 :  0.021 0.015 0.012 0.337 0.107 0.462 0.047 
 88  BAFF390    (0)    8 :  0.006 0.007 0.009 0.006 0.006 0.960 0.006 
 89  BAFF142    (0)   12 :  0.344 0.065 0.012 0.090 0.416 0.010 0.063 
 90  BAFF363    (7)   12 :  0.007 0.036 0.012 0.009 0.019 0.008 0.909 
 91  BAFF517    (0)    6 :  0.008 0.016 0.023 0.079 0.101 0.748 0.025 
 92  BAFF458    (0)    7 :  0.051 0.043 0.083 0.712 0.037 0.036 0.039 
 93  BAFF391    (0)    8 :  0.189 0.018 0.031 0.284 0.148 0.030 0.299 
 94  BAFF149    (0)   12 :  0.012 0.040 0.012 0.039 0.835 0.033 0.029 
 95  BAFF366    (7)   12 :  0.008 0.021 0.007 0.022 0.848 0.080 0.015 
 96  BAFF512    (0)    6 :  0.149 0.033 0.074 0.623 0.019 0.069 0.033 
 97  BAFF460    (0)    7 :  0.016 0.020 0.011 0.239 0.660 0.040 0.015 
 98  BAFF138    (0)   12 :  0.019 0.022 0.007 0.013 0.908 0.013 0.018 
 99  BAFF374    (0)   12 :  0.043 0.052 0.576 0.012 0.019 0.020 0.278 
100  BAFF015    (0)    1 :  0.934 0.009 0.010 0.013 0.013 0.010 0.012 
101  BAFF380    (0)    2 :  0.013 0.675 0.161 0.053 0.036 0.028 0.034 
102  BAFF216    (0)    3 :  0.049 0.021 0.136 0.276 0.031 0.456 0.030 
103  BAFF017    (0)    4 :  0.017 0.005 0.007 0.081 0.006 0.862 0.022 
104  BAFF245    (0)    4 :  0.151 0.013 0.122 0.094 0.453 0.130 0.036 
105  BAFF378    (7)   13 :  0.168 0.021 0.014 0.737 0.016 0.034 0.010 
106  BAFF023    (0)    5 :  0.019 0.012 0.042 0.853 0.026 0.022 0.026 
107  BAFF079    (0)    6 :  0.041 0.032 0.137 0.049 0.180 0.518 0.043 
108  BAFF435    (0)    6 :  0.008 0.044 0.021 0.862 0.022 0.021 0.022 
109  BAFF174    (7)    7 :  0.008 0.021 0.073 0.056 0.023 0.775 0.044 
110  BAFF226    (0)    7 :  0.015 0.020 0.010 0.639 0.084 0.225 0.008 
111  BAFF190    (0)    8 :  0.018 0.074 0.607 0.087 0.118 0.012 0.083 
112  BAFF243    (0)    9 :  0.052 0.056 0.025 0.138 0.105 0.616 0.007 
113  BAFF177    (0)   10 :  0.034 0.023 0.723 0.024 0.063 0.123 0.009 
114  BAFF364    (7)   11 :  0.012 0.843 0.049 0.050 0.012 0.017 0.017 
115  BAFF305    (0)   12 :  0.021 0.021 0.014 0.013 0.880 0.033 0.018 
116  BAFF513    (0)    6 :  0.073 0.036 0.664 0.102 0.026 0.078 0.021 
117  BAFF462    (0)    7 :  0.486 0.055 0.180 0.158 0.016 0.014 0.091 
118  BAFF143    (0)   12 :  0.008 0.038 0.047 0.062 0.724 0.061 0.061 
119  BAFF403    (0)   12 :  0.007 0.010 0.009 0.008 0.008 0.008 0.950 
120  BAFF514    (0)    6 :  0.009 0.015 0.600 0.068 0.024 0.025 0.259 
121  BAFF463    (0)    7 :  0.006 0.008 0.961 0.009 0.006 0.006 0.005 
122  BAFF137    (0)   12 :  0.010 0.013 0.100 0.016 0.842 0.011 0.008 
123  BAFF404    (0)   12 :  0.013 0.025 0.009 0.011 0.010 0.010 0.922 
124  BAFF515    (0)    6 :  0.027 0.067 0.370 0.195 0.136 0.167 0.037 
125  BAFF144    (0)   12 :  0.013 0.517 0.193 0.134 0.061 0.022 0.060 
126  BAFF405    (7)   12 :  0.037 0.310 0.049 0.042 0.524 0.013 0.024 
127  BAFF518    (0)    6 :  0.015 0.023 0.012 0.120 0.278 0.025 0.527 
128  BAFF467    (0)    7 :  0.022 0.025 0.102 0.578 0.034 0.198 0.041 
129  BAFF145    (0)   12 :  0.066 0.517 0.025 0.069 0.290 0.021 0.012 
130  BAFF406    (0)   12 :  0.009 0.572 0.046 0.018 0.043 0.026 0.286 
131  BAFF519    (0)    6 :  0.015 0.023 0.070 0.245 0.083 0.549 0.016 
132  BAFF471    (0)    7 :  0.081 0.048 0.181 0.216 0.367 0.076 0.031 
133  BAFF136    (0)   12 :  0.006 0.011 0.053 0.009 0.163 0.052 0.706 
134  BAFF520    (7)    6 :  0.029 0.033 0.081 0.619 0.037 0.133 0.068 
135  BAFF472    (0)    7 :  0.030 0.180 0.326 0.282 0.054 0.089 0.038 
136  BAFF165    (0)   12 :  0.044 0.008 0.020 0.049 0.787 0.039 0.054 
137  BAFF408    (0)   12 :  0.033 0.159 0.019 0.030 0.659 0.018 0.081 
138  BAFF522    (0)    6 :  0.030 0.029 0.799 0.027 0.052 0.028 0.035 
139  BAFF475    (0)    7 :  0.010 0.039 0.059 0.168 0.068 0.600 0.056 
140  BAFF140    (0)   12 :  0.021 0.070 0.274 0.026 0.495 0.085 0.030 
141  BAFF409    (0)   12 :  0.104 0.012 0.059 0.014 0.016 0.014 0.781 
142  BAFF523    (0)    6 :  0.017 0.156 0.617 0.156 0.013 0.032 0.009 
143  BAFF476    (0)    7 :  0.009 0.169 0.011 0.200 0.043 0.535 0.033 
144  BAFF147    (0)   12 :  0.016 0.019 0.048 0.018 0.720 0.022 0.157 
145  BAFF410    (0)   12 :  0.018 0.015 0.009 0.024 0.208 0.071 0.654 
146  BAFF477    (0)    7 :  0.085 0.018 0.014 0.547 0.225 0.103 0.007 
147  BAFF411    (0)   12 :  0.590 0.087 0.013 0.103 0.067 0.034 0.107 
148  BAFF486    (7)    7 :  0.007 0.010 0.005 0.951 0.009 0.010 0.007 
149  BAFF412    (7)   12 :  0.046 0.017 0.084 0.026 0.023 0.021 0.783 
150  BAFF258    (0)    1 :  0.227 0.073 0.438 0.190 0.021 0.022 0.028 
151  BAFF392    (0)    2 :  0.005 0.051 0.911 0.006 0.008 0.013 0.006 
152  BAFF217    (0)    3 :  0.013 0.033 0.012 0.101 0.055 0.769 0.017 
153  BAFF016    (0)    4 :  0.006 0.167 0.012 0.016 0.041 0.725 0.033 
154  BAFF246    (0)    4 :  0.011 0.047 0.070 0.092 0.021 0.735 0.024 
155  BAFF381    (0)   13 :  0.011 0.014 0.023 0.441 0.414 0.062 0.035 
156  BAFF078    (0)    6 :  0.007 0.604 0.021 0.020 0.291 0.010 0.047 
157  BAFF481    (0)    6 :  0.027 0.027 0.041 0.615 0.157 0.089 0.043 
158  BAFF436    (0)    7 :  0.098 0.053 0.515 0.054 0.061 0.170 0.049 
159  BAFF191    (0)    8 :  0.011 0.012 0.137 0.040 0.039 0.738 0.022 
160  BAFF382    (0)    9 :  0.008 0.034 0.056 0.774 0.038 0.024 0.066 
161  BAFF178    (0)   10 :  0.010 0.009 0.728 0.014 0.019 0.155 0.064 
162  BAFF159    (7)   11 :  0.015 0.011 0.017 0.469 0.027 0.430 0.032 
163  BAFF365    (7)   11 :  0.229 0.058 0.016 0.149 0.441 0.088 0.019 
164  BAFF007    (0)   12 :  0.084 0.242 0.054 0.308 0.182 0.102 0.028 
165  BAFF304    (7)   12 :  0.011 0.194 0.013 0.093 0.596 0.016 0.078 
166  BAFF487    (0)    7 :  0.022 0.134 0.098 0.654 0.012 0.048 0.032 
167  BAFF415    (0)   12 :  0.075 0.025 0.034 0.048 0.266 0.024 0.527 
168  BAFF488    (0)    7 :  0.675 0.018 0.015 0.091 0.080 0.108 0.014 
169  BAFF417    (0)   12 :  0.018 0.031 0.035 0.095 0.438 0.020 0.362 
170  BAFF489    (0)    7 :  0.009 0.158 0.058 0.437 0.266 0.034 0.038 
171  BAFF426    (0)   12 :  0.019 0.008 0.023 0.016 0.015 0.011 0.907 
172  BAFF490    (7)    7 :  0.022 0.279 0.083 0.413 0.020 0.171 0.012 
173  BAFF491    (0)    7 :  0.048 0.115 0.186 0.562 0.034 0.045 0.010 
174  BAFF492    (0)    7 :  0.008 0.016 0.017 0.902 0.016 0.025 0.016 
175  BAFF493    (0)    7 :  0.536 0.026 0.139 0.203 0.031 0.025 0.040 
176  BAFF506    (0)    7 :  0.136 0.062 0.093 0.644 0.012 0.035 0.019 
177  BAFF393    (0)    2 :  0.025 0.575 0.013 0.258 0.071 0.048 0.010 
178  BAFF218    (0)    3 :  0.058 0.021 0.075 0.281 0.081 0.461 0.023 
179  BAFF254    (0)    4 :  0.042 0.646 0.020 0.162 0.108 0.010 0.012 
180  BAFF385    (0)   13 :  0.035 0.117 0.276 0.432 0.047 0.021 0.073 
181  BAFF076    (0)    6 :  0.011 0.014 0.936 0.010 0.009 0.009 0.012 
182  BAFF482    (0)    6 :  0.009 0.019 0.064 0.764 0.070 0.022 0.053 
183  BAFF437    (0)    7 :  0.026 0.007 0.029 0.069 0.807 0.051 0.011 
184  BAFF192    (0)    8 :  0.018 0.220 0.523 0.059 0.073 0.091 0.015 
185  BAFF383    (0)    9 :  0.820 0.008 0.026 0.023 0.101 0.009 0.012 
186  BAFF180    (0)   10 :  0.009 0.015 0.328 0.050 0.012 0.440 0.147 
187  BAFF048    (7)   12 :  0.050 0.817 0.056 0.025 0.018 0.023 0.011 
188  BAFF306    (0)   12 :  0.012 0.025 0.049 0.112 0.682 0.089 0.030 
189  BAFF394    (0)    2 :  0.064 0.123 0.058 0.060 0.140 0.532 0.023 
190  BAFF219    (0)    3 :  0.009 0.016 0.028 0.301 0.279 0.353 0.014 
191  BAFF388    (0)    4 :  0.200 0.017 0.308 0.068 0.014 0.022 0.371 
192  BAFF386    (7)   13 :  0.022 0.079 0.690 0.089 0.076 0.026 0.017 
193  BAFF084    (0)    6 :  0.010 0.858 0.010 0.083 0.013 0.018 0.009 
194  BAFF483    (0)    6 :  0.034 0.015 0.386 0.128 0.197 0.112 0.128 
195  BAFF438   (15)    7 :  0.019 0.288 0.076 0.221 0.313 0.032 0.051 
196  BAFF193    (0)    8 :  0.377 0.025 0.072 0.454 0.023 0.030 0.018 
197  BAFF183    (0)   10 :  0.132 0.201 0.028 0.228 0.061 0.262 0.088 
198  BAFF153    (0)   12 :  0.007 0.020 0.011 0.009 0.933 0.007 0.014 
199  BAFF307    (0)   12 :  0.013 0.208 0.026 0.161 0.545 0.022 0.025 
200  BAFF397    (0)    2 :  0.009 0.018 0.005 0.583 0.233 0.143 0.010 
201  BAFF220    (0)    3 :  0.008 0.060 0.888 0.017 0.009 0.008 0.010 
202  BAFF095    (0)    6 :  0.044 0.010 0.886 0.017 0.015 0.015 0.014 
203  BAFF494    (0)    6 :  0.006 0.036 0.531 0.348 0.015 0.036 0.028 
204  BAFF439    (0)    7 :  0.010 0.023 0.016 0.240 0.195 0.078 0.438 
205  BAFF182    (0)   10 :  0.028 0.102 0.582 0.027 0.070 0.049 0.142 
206  BAFF054    (0)   12 :  0.007 0.009 0.008 0.010 0.017 0.007 0.943 
207  BAFF308    (0)   12 :  0.017 0.035 0.018 0.094 0.811 0.011 0.014 
208  BAFF266    (0)    1 :  0.142 0.114 0.019 0.598 0.026 0.054 0.048 
209  BAFF398    (7)    2 :  0.015 0.006 0.942 0.020 0.006 0.005 0.006 
210  BAFF221    (0)    3 :  0.472 0.265 0.084 0.012 0.077 0.013 0.076 
211  BAFF090    (0)    6 :  0.027 0.414 0.077 0.153 0.075 0.023 0.229 
212  BAFF495    (0)    6 :  0.009 0.008 0.009 0.046 0.009 0.909 0.010 
213  BAFF459    (0)    7 :  0.008 0.049 0.014 0.060 0.046 0.809 0.014 
214  BAFF197    (0)    8 :  0.016 0.013 0.019 0.126 0.570 0.174 0.081 
215  BAFF188    (0)   10 :  0.017 0.057 0.018 0.039 0.794 0.023 0.051 
216  BAFF051    (0)   12 :  0.024 0.014 0.052 0.478 0.035 0.031 0.367 
217  BAFF309    (0)   12 :  0.010 0.023 0.047 0.849 0.033 0.025 0.013 
218  BAFF269    (0)    1 :  0.108 0.012 0.033 0.106 0.482 0.248 0.011 
219  BAFF077    (0)    6 :  0.013 0.022 0.006 0.035 0.008 0.903 0.013 
220  BAFF496    (0)    6 :  0.013 0.006 0.010 0.051 0.009 0.901 0.010 
221  BAFF443    (0)    7 :  0.079 0.031 0.044 0.567 0.120 0.042 0.116 
222  BAFF198    (0)    8 :  0.012 0.042 0.290 0.214 0.028 0.345 0.069 
223  BAFF053    (0)   12 :  0.020 0.024 0.010 0.031 0.852 0.023 0.040 
224  BAFF310    (0)   12 :  0.009 0.018 0.008 0.045 0.086 0.016 0.818 
225  BAFF282    (0)    1 :  0.841 0.019 0.048 0.018 0.027 0.032 0.016 
226  BAFF497    (0)    6 :  0.011 0.013 0.014 0.180 0.027 0.740 0.015 
227  BAFF466    (0)    7 :  0.015 0.253 0.042 0.550 0.055 0.050 0.034 
228  BAFF200    (7)    8 :  0.014 0.063 0.557 0.231 0.044 0.042 0.050 
229  BAFF240    (0)   10 :  0.015 0.781 0.063 0.069 0.042 0.021 0.009 
230  BAFF055    (0)   12 :  0.020 0.013 0.031 0.016 0.166 0.011 0.743 
231  BAFF311    (7)   12 :  0.025 0.016 0.886 0.008 0.038 0.019 0.007 


Estimated Allele Frequencies in each cluster
First column gives estimated ancestral frequencies


Locus 1 : btern01 
9 alleles
0.0% missing data
   1   (0.140) 0.116 0.160 0.146 0.122 0.166 0.192 0.036 
   2   (0.017) 0.024 0.004 0.003 0.015 0.004 0.004 0.003 
   3   (0.166) 0.073 0.130 0.131 0.213 0.202 0.231 0.093 
   4   (0.215) 0.207 0.247 0.184 0.233 0.188 0.214 0.184 
   5   (0.288) 0.424 0.366 0.159 0.342 0.347 0.181 0.325 
   6   (0.072) 0.035 0.027 0.047 0.030 0.057 0.081 0.330 
   7   (0.051) 0.084 0.044 0.267 0.017 0.019 0.014 0.019 
   8   (0.016) 0.030 0.003 0.003 0.004 0.008 0.008 0.002 
   9   (0.035) 0.007 0.020 0.059 0.023 0.009 0.075 0.006 

Locus 2 : bt28 
5 alleles
0.0% missing data
   1   (0.666) 0.770 0.665 0.579 0.647 0.740 0.704 0.722 
   2   (0.153) 0.163 0.060 0.178 0.129 0.152 0.151 0.102 
   3   (0.142) 0.045 0.267 0.236 0.184 0.094 0.071 0.169 
   4   (0.027) 0.007 0.007 0.005 0.038 0.011 0.072 0.005 
   5   (0.011) 0.014 0.002 0.002 0.002 0.003 0.002 0.002 

Locus 3 : b96 
8 alleles
0.9% missing data
   1   (0.331) 0.352 0.206 0.354 0.314 0.462 0.287 0.325 
   2   (0.480) 0.460 0.600 0.525 0.592 0.334 0.635 0.521 
   3   (0.046) 0.012 0.092 0.026 0.036 0.055 0.013 0.040 
   4   (0.016) 0.004 0.067 0.003 0.008 0.003 0.003 0.003 
   5   (0.050) 0.026 0.011 0.045 0.029 0.056 0.029 0.029 
   6   (0.026) 0.083 0.006 0.037 0.006 0.013 0.005 0.005 
   7   (0.037) 0.061 0.015 0.008 0.013 0.074 0.027 0.007 
   8   (0.013) 0.003 0.002 0.003 0.003 0.003 0.002 0.071 

Locus 4 : bt30 
12 alleles
0.9% missing data
   1   (0.111) 0.250 0.046 0.179 0.138 0.064 0.042 0.114 
   2   (0.285) 0.288 0.266 0.265 0.356 0.293 0.312 0.277 
   3   (0.068) 0.017 0.084 0.024 0.205 0.036 0.116 0.029 
   4   (0.186) 0.120 0.238 0.223 0.129 0.214 0.201 0.241 
   5   (0.015) 0.004 0.003 0.016 0.008 0.004 0.003 0.003 
   6   (0.098) 0.100 0.037 0.216 0.059 0.072 0.139 0.062 
   7   (0.034) 0.023 0.013 0.010 0.019 0.044 0.015 0.024 
   8   (0.052) 0.043 0.052 0.010 0.028 0.078 0.016 0.057 
   9   (0.112) 0.089 0.255 0.042 0.046 0.157 0.138 0.185 
  10   (0.012) 0.061 0.002 0.002 0.003 0.003 0.002 0.002 
  11   (0.017) 0.004 0.003 0.013 0.005 0.033 0.004 0.004 
  12   (0.011) 0.002 0.002 0.002 0.003 0.003 0.011 0.002 

Locus 5 : btms0081 
3 alleles
0.9% missing data
   1   (0.496) 0.583 0.578 0.634 0.579 0.406 0.457 0.306 
   2   (0.352) 0.227 0.343 0.265 0.332 0.432 0.388 0.457 
   3   (0.152) 0.190 0.078 0.101 0.088 0.162 0.155 0.236 

Locus 6 : btms0066 
24 alleles
0.0% missing data
   1   (0.256) 0.381 0.203 0.341 0.327 0.294 0.170 0.367 
   2   (0.018) 0.063 0.005 0.003 0.005 0.004 0.008 0.003 
   3   (0.035) 0.007 0.016 0.018 0.040 0.108 0.009 0.009 
   4   (0.150) 0.061 0.067 0.195 0.255 0.109 0.360 0.131 
   5   (0.095) 0.033 0.042 0.043 0.137 0.204 0.099 0.117 
   6   (0.054) 0.013 0.093 0.186 0.022 0.050 0.047 0.018 
   7   (0.022) 0.017 0.004 0.046 0.009 0.005 0.004 0.003 
   8   (0.057) 0.077 0.037 0.017 0.039 0.032 0.085 0.032 
   9   (0.020) 0.004 0.253 0.007 0.006 0.015 0.004 0.004 
  10   (0.028) 0.133 0.046 0.006 0.025 0.007 0.009 0.005 
  11   (0.019) 0.139 0.004 0.008 0.005 0.005 0.005 0.012 
  12   (0.036) 0.008 0.009 0.007 0.030 0.032 0.133 0.017 
  13   (0.027) 0.006 0.032 0.021 0.015 0.016 0.005 0.017 
  14   (0.018) 0.004 0.062 0.004 0.005 0.004 0.003 0.039 
  15   (0.021) 0.006 0.004 0.004 0.027 0.026 0.017 0.003 
  16   (0.027) 0.006 0.065 0.021 0.007 0.014 0.006 0.093 
  17   (0.026) 0.018 0.026 0.006 0.014 0.021 0.005 0.051 
  18   (0.010) 0.002 0.002 0.002 0.002 0.002 0.002 0.030 
  19   (0.014) 0.002 0.002 0.003 0.003 0.034 0.002 0.003 
  20   (0.020) 0.007 0.007 0.026 0.008 0.006 0.019 0.013 
  21   (0.015) 0.005 0.011 0.025 0.006 0.004 0.003 0.003 
  22   (0.008) 0.002 0.004 0.009 0.003 0.002 0.002 0.001 
  23   (0.011) 0.002 0.002 0.002 0.002 0.003 0.002 0.029 
  24   (0.012) 0.004 0.004 0.002 0.008 0.003 0.002 0.002 

Locus 7 : btms0083 
31 alleles
3.0% missing data
   1   (0.016) 0.204 0.005 0.003 0.003 0.005 0.003 0.003 
   2   (0.026) 0.098 0.017 0.006 0.010 0.030 0.005 0.005 
   3   (0.028) 0.006 0.097 0.070 0.016 0.010 0.008 0.007 
   4   (0.041) 0.053 0.033 0.034 0.064 0.020 0.011 0.011 
   5   (0.196) 0.213 0.190 0.352 0.220 0.229 0.149 0.258 
   6   (0.021) 0.007 0.022 0.019 0.023 0.006 0.008 0.005 
   7   (0.062) 0.026 0.087 0.022 0.089 0.084 0.033 0.163 
   8   (0.035) 0.018 0.014 0.008 0.036 0.144 0.014 0.012 
   9   (0.034) 0.008 0.008 0.046 0.036 0.035 0.042 0.006 
  10   (0.024) 0.008 0.006 0.116 0.010 0.015 0.008 0.020 
  11   (0.050) 0.015 0.302 0.015 0.066 0.037 0.132 0.009 
  12   (0.020) 0.036 0.004 0.006 0.012 0.005 0.010 0.004 
  13   (0.050) 0.011 0.028 0.022 0.026 0.080 0.101 0.079 
  14   (0.031) 0.007 0.014 0.008 0.125 0.021 0.064 0.006 
  15   (0.028) 0.022 0.008 0.026 0.014 0.012 0.058 0.006 
  16   (0.028) 0.034 0.014 0.073 0.033 0.007 0.007 0.005 
  17   (0.032) 0.073 0.008 0.010 0.011 0.019 0.187 0.006 
  18   (0.052) 0.038 0.023 0.043 0.057 0.038 0.021 0.114 
  19   (0.016) 0.010 0.004 0.003 0.014 0.005 0.003 0.106 
  20   (0.026) 0.005 0.006 0.007 0.012 0.089 0.006 0.051 
  21   (0.013) 0.031 0.002 0.002 0.003 0.003 0.002 0.002 
  22   (0.013) 0.026 0.003 0.002 0.004 0.003 0.004 0.003 
  23   (0.018) 0.019 0.003 0.004 0.008 0.013 0.009 0.003 
  24   (0.008) 0.003 0.001 0.001 0.002 0.002 0.001 0.013 
  25   (0.031) 0.007 0.006 0.073 0.048 0.031 0.006 0.006 
  26   (0.014) 0.003 0.003 0.005 0.005 0.004 0.066 0.002 
  27   (0.028) 0.006 0.011 0.009 0.017 0.026 0.025 0.056 
  28   (0.017) 0.005 0.074 0.006 0.009 0.004 0.005 0.003 
  29   (0.013) 0.004 0.004 0.003 0.019 0.003 0.003 0.002 
  30   (0.015) 0.003 0.003 0.003 0.003 0.011 0.003 0.033 
  31   (0.012) 0.004 0.002 0.002 0.004 0.008 0.005 0.002 

Locus 8 : b126 
16 alleles
0.0% missing data
   1   (0.042) 0.041 0.008 0.061 0.017 0.038 0.031 0.012 
   2   (0.048) 0.125 0.011 0.013 0.032 0.065 0.065 0.008 
   3   (0.316) 0.218 0.534 0.271 0.376 0.347 0.370 0.401 
   4   (0.026) 0.007 0.006 0.011 0.039 0.009 0.067 0.005 
   5   (0.073) 0.025 0.042 0.129 0.144 0.034 0.049 0.061 
   6   (0.063) 0.016 0.019 0.014 0.102 0.144 0.040 0.150 
   7   (0.106) 0.023 0.216 0.181 0.071 0.128 0.088 0.129 
   8   (0.029) 0.007 0.006 0.007 0.013 0.013 0.043 0.074 
   9   (0.013) 0.002 0.002 0.039 0.003 0.003 0.002 0.002 
  10   (0.041) 0.026 0.012 0.105 0.014 0.016 0.025 0.052 
  11   (0.095) 0.372 0.115 0.033 0.106 0.089 0.062 0.025 
  12   (0.032) 0.030 0.006 0.006 0.027 0.031 0.007 0.027 
  13   (0.069) 0.099 0.013 0.086 0.040 0.039 0.085 0.046 
  14   (0.020) 0.004 0.004 0.009 0.007 0.008 0.058 0.005 
  15   (0.014) 0.003 0.002 0.007 0.003 0.029 0.003 0.002 
  16   (0.015) 0.003 0.004 0.028 0.006 0.005 0.005 0.003 

Locus 9 : btms0062 
34 alleles
0.0% missing data
   1   (0.036) 0.076 0.060 0.034 0.038 0.009 0.010 0.009 
   2   (0.050) 0.103 0.019 0.042 0.038 0.022 0.169 0.014 
   3   (0.084) 0.104 0.100 0.030 0.096 0.225 0.041 0.057 
   4   (0.095) 0.054 0.157 0.213 0.149 0.045 0.066 0.203 
   5   (0.054) 0.022 0.104 0.041 0.154 0.071 0.012 0.014 
   6   (0.026) 0.007 0.014 0.010 0.024 0.032 0.028 0.005 
   7   (0.012) 0.002 0.002 0.003 0.017 0.006 0.002 0.002 
   8   (0.027) 0.008 0.005 0.005 0.033 0.057 0.026 0.005 
   9   (0.036) 0.019 0.077 0.028 0.025 0.012 0.114 0.015 
  10   (0.056) 0.044 0.013 0.073 0.067 0.034 0.043 0.069 
  11   (0.069) 0.024 0.196 0.151 0.057 0.056 0.057 0.040 
  12   (0.037) 0.009 0.010 0.081 0.014 0.037 0.187 0.029 
  13   (0.040) 0.026 0.017 0.123 0.018 0.064 0.024 0.016 
  14   (0.038) 0.011 0.011 0.009 0.046 0.037 0.039 0.262 
  15   (0.016) 0.003 0.004 0.004 0.004 0.104 0.004 0.003 
  16   (0.016) 0.004 0.054 0.003 0.005 0.016 0.003 0.011 
  17   (0.019) 0.147 0.003 0.012 0.007 0.004 0.005 0.003 
  18   (0.015) 0.003 0.003 0.031 0.003 0.005 0.006 0.002 
  19   (0.041) 0.078 0.007 0.015 0.037 0.016 0.053 0.089 
  20   (0.008) 0.031 0.001 0.001 0.002 0.002 0.001 0.001 
  21   (0.034) 0.054 0.007 0.017 0.039 0.014 0.036 0.006 
  22   (0.019) 0.096 0.004 0.003 0.005 0.020 0.003 0.004 
  23   (0.013) 0.024 0.002 0.003 0.006 0.003 0.002 0.002 
  24   (0.022) 0.005 0.004 0.005 0.034 0.007 0.028 0.008 
  25   (0.012) 0.008 0.002 0.002 0.016 0.003 0.003 0.002 
  26   (0.031) 0.016 0.047 0.027 0.033 0.012 0.014 0.057 
  27   (0.020) 0.004 0.038 0.012 0.005 0.033 0.004 0.006 
  28   (0.012) 0.002 0.002 0.002 0.002 0.023 0.002 0.002 
  29   (0.010) 0.005 0.023 0.002 0.004 0.002 0.004 0.002 
  30   (0.011) 0.002 0.002 0.002 0.002 0.002 0.002 0.030 
  31   (0.009) 0.002 0.001 0.002 0.009 0.014 0.002 0.002 
  32   (0.009) 0.002 0.005 0.008 0.003 0.003 0.003 0.002 
  33   (0.008) 0.003 0.001 0.002 0.003 0.007 0.004 0.001 
  34   (0.014) 0.003 0.002 0.002 0.004 0.005 0.003 0.027 

Locus 10 : btern02 
25 alleles
4.8% missing data
   1   (0.100) 0.132 0.195 0.082 0.050 0.136 0.192 0.054 
   2   (0.011) 0.016 0.002 0.002 0.002 0.003 0.002 0.002 
   3   (0.081) 0.028 0.060 0.139 0.133 0.087 0.114 0.023 
   4   (0.050) 0.016 0.010 0.156 0.032 0.032 0.058 0.096 
   5   (0.024) 0.015 0.031 0.018 0.043 0.011 0.007 0.006 
   6   (0.044) 0.018 0.145 0.025 0.106 0.021 0.021 0.017 
   7   (0.029) 0.006 0.005 0.030 0.014 0.028 0.009 0.134 
   8   (0.040) 0.096 0.027 0.013 0.035 0.036 0.021 0.007 
   9   (0.074) 0.086 0.053 0.106 0.043 0.189 0.024 0.047 
  10   (0.030) 0.007 0.007 0.009 0.106 0.010 0.070 0.005 
  11   (0.062) 0.019 0.021 0.022 0.063 0.124 0.084 0.069 
  12   (0.039) 0.128 0.016 0.012 0.025 0.020 0.055 0.007 
  13   (0.048) 0.051 0.012 0.072 0.028 0.027 0.049 0.054 
  14   (0.053) 0.156 0.019 0.037 0.021 0.028 0.052 0.126 
  15   (0.011) 0.002 0.120 0.002 0.002 0.002 0.002 0.002 
  16   (0.043) 0.050 0.010 0.012 0.077 0.025 0.041 0.045 
  17   (0.028) 0.007 0.017 0.014 0.045 0.009 0.013 0.059 
  18   (0.043) 0.010 0.016 0.020 0.044 0.024 0.087 0.170 
  19   (0.038) 0.008 0.074 0.081 0.028 0.070 0.015 0.009 
  20   (0.043) 0.051 0.008 0.077 0.041 0.036 0.030 0.009 
  21   (0.025) 0.052 0.007 0.005 0.024 0.013 0.010 0.008 
  22   (0.014) 0.019 0.003 0.003 0.006 0.005 0.004 0.006 
  23   (0.031) 0.022 0.012 0.034 0.011 0.048 0.028 0.006 
  24   (0.026) 0.006 0.129 0.012 0.015 0.013 0.005 0.036 
  25   (0.014) 0.003 0.003 0.015 0.007 0.004 0.006 0.005 

Locus 11 : btms0086 
3 alleles
0.0% missing data
   1   (0.844) 0.789 0.966 0.768 0.793 0.912 0.855 0.927 
   2   (0.133) 0.191 0.030 0.229 0.199 0.051 0.141 0.064 
   3   (0.022) 0.021 0.004 0.004 0.008 0.037 0.004 0.009 

Locus 12 : bl13 
3 alleles
0.0% missing data
   1   (0.069) 0.206 0.023 0.032 0.040 0.027 0.022 0.322 
   2   (0.829) 0.773 0.755 0.850 0.896 0.857 0.885 0.623 
   3   (0.102) 0.021 0.223 0.119 0.065 0.116 0.093 0.055 

Locus 13 : btms0059 
9 alleles
0.0% missing data
   1   (0.344) 0.359 0.478 0.339 0.314 0.523 0.237 0.295 
   2   (0.103) 0.124 0.177 0.034 0.116 0.066 0.315 0.018 
   3   (0.065) 0.117 0.035 0.034 0.029 0.054 0.028 0.111 
   4   (0.056) 0.046 0.015 0.093 0.043 0.041 0.025 0.020 
   5   (0.081) 0.035 0.052 0.034 0.149 0.083 0.056 0.040 
   6   (0.300) 0.305 0.223 0.449 0.308 0.208 0.286 0.507 
   7   (0.015) 0.003 0.004 0.002 0.007 0.004 0.042 0.002 
   8   (0.024) 0.006 0.010 0.012 0.029 0.017 0.007 0.004 
   9   (0.011) 0.004 0.005 0.002 0.005 0.003 0.005 0.003 

Values of parameters used in structure:
DATAFILE=/Users/johnmola/Desktop/rpbbfeb27/rpbbstructure/project_data,	OUTFILE=/Users/johnmola/Desktop/rpbbfeb27/rpbbstructure/rpbb20k100k/Results/rpbb20k100k_run_69,	NUMINDS=231,	NUMLOCI=13,	MISSING=-9,	LABEL=1,	POPDATA=1,	POPFLAG=0,	PHENOTYPE=0,	EXTRACOLS=0,	MAXPOPS=7,	BURNIN=20000,	NUMREPS=100000,	USEPOPINFO=0,	INFERALPHA=1,	INFERLAMBDA=0,	POPSPECIFICLAMBDA=0,	POPALPHAS=0,	COMPUTEPROB=1,	NOADMIX=0,	ADMBURNIN=2500,	UPDATEFREQ=1,	PRINTLIKES=0,	INTERMEDSAVE=0,	PRINTKLD=0,	PRINTNET=0,	PRINTLAMBDA=0,	ANCESTDIST=0,	NUMBOXES=1000,	ANCESTPINT=0.90000,	GENSBACK=2,	MIGRPRIOR=0.05000,	PRINTQHAT=0,	PRINTQSUM=0,	ALPHA=1.0000,	FREQSCORR=1,	FPRIORMEAN=0.0100,	FPRIORSD=0.0500,	ONEFST=0,	LAMBDA=1.0000,	UNIFPRIORALPHA=1,	ALPHAMAX=10.0000,	ALPHAPRIORA=1.0000,	ALPHAPRIORB=2.0000,	ALPHAPROPSD=0.0250,	STARTATPOPINFO=0,	RANDOMIZE=1,	LINKAGE=0,	METROFREQ=10,	REPORTHITRATE=0,	MARKOVPHASE=-1,	PHASED=0,	PLOIDY=2,	PHASEINFO=0	LOCPRIOR=0, 	LOCPRIORINIT=1.000000, 	LOCDATA=0, 	LOCISPOP=0, 	LOCPRIORSTEP=0.100000, 	MAXLOCPRIOR=20.000000, 	SEED=1677521485,	
[STRAT parameters]:    NUMSIMSTATS=1000,	PHENOTYPECOL=-9,	POOLFREQ=10,	LOCUSxONLY=0,	EMERROR=0.00100,	MISSINGPHENO=-9,	