

----------------------------------------------------
STRUCTURE by Pritchard, Stephens and Donnelly (2000)
     and Falush, Stephens and Pritchard (2003)
       Code by Pritchard, Falush and Hubisz
             Version 2.3.4 (Jul 2012)
----------------------------------------------------



Command line arguments:   bin/structure -m "/Users/johnmola/Desktop/rpbbfeb27/rpbbstructure/rpbb20k100k/mainparams" -e "/Users/johnmola/Desktop/rpbbfeb27/rpbbstructure/rpbb20k100k/extraparams" 
Input File:    /Users/johnmola/Desktop/rpbbfeb27/rpbbstructure/project_data

Run parameters:
   231 individuals
   13 loci
   7 populations assumed
   20000 Burn-in period
   100000 Reps


--------------------------------------------
Proportion of membership of each pre-defined
 population in each of the 7 clusters

Given    Inferred Clusters                                   Number of
 Pop       1      2      3      4      5      6      7      Individuals

  1:     0.803  0.030  0.017  0.014  0.058  0.040  0.038       21
  2:     0.019  0.126  0.196  0.015  0.214  0.117  0.313        7
  3:     0.083  0.291  0.079  0.031  0.217  0.083  0.215        7
  4:     0.049  0.337  0.127  0.071  0.166  0.176  0.074        8
  5:     0.058  0.208  0.017  0.024  0.246  0.368  0.078        4
  6:     0.036  0.234  0.107  0.101  0.207  0.064  0.252       35
  7:     0.075  0.170  0.064  0.040  0.341  0.124  0.187       40
  8:     0.053  0.274  0.079  0.106  0.170  0.118  0.201       19
  9:     0.241  0.326  0.036  0.031  0.256  0.073  0.037        4
 10:     0.033  0.119  0.182  0.217  0.055  0.141  0.254       11
 11:     0.138  0.075  0.593  0.014  0.088  0.073  0.017        8
 12:     0.041  0.042  0.092  0.316  0.093  0.324  0.091       60
 13:     0.045  0.404  0.042  0.023  0.243  0.084  0.159        7
--------------------------------------------

Allele-freq. divergence among pops (Net nucleotide distance),
computed using point estimates of P.

      1       2       3       4       5       6       7      
 1      -    0.0372  0.0445  0.0410  0.0270  0.0309  0.0337  
 2   0.0372     -    0.0326  0.0393  0.0175  0.0287  0.0298  
 3   0.0445  0.0326     -    0.0429  0.0261  0.0299  0.0370  
 4   0.0410  0.0393  0.0429     -    0.0329  0.0324  0.0388  
 5   0.0270  0.0175  0.0261  0.0329     -    0.0206  0.0198  
 6   0.0309  0.0287  0.0299  0.0324  0.0206     -    0.0322  
 7   0.0337  0.0298  0.0370  0.0388  0.0198  0.0322     -    

Average distances (expected heterozygosity) between individuals in same cluster:
cluster  1  : 0.6858 
cluster  2  : 0.6768 
cluster  3  : 0.6492 
cluster  4  : 0.6752 
cluster  5  : 0.6792 
cluster  6  : 0.6734 
cluster  7  : 0.6862 

--------------------------------------------
Estimated Ln Prob of Data   = -9934.9
Mean value of ln likelihood = -9400.9
Variance of ln likelihood   = 1068.0
Mean value of alpha         = 0.0537

Mean value of Fst_1         = 0.0805
Mean value of Fst_2         = 0.0728
Mean value of Fst_3         = 0.1229
Mean value of Fst_4         = 0.0951
Mean value of Fst_5         = 0.0512
Mean value of Fst_6         = 0.0546
Mean value of Fst_7         = 0.0735


Inferred ancestry of individuals:
        Label (%Miss) Pop:  Inferred clusters
  1  BAFF014    (0)    1 :  0.933 0.016 0.009 0.005 0.016 0.011 0.011 
  2  BAFF379    (0)    2 :  0.015 0.079 0.118 0.012 0.472 0.262 0.041 
  3  BAFF212    (0)    3 :  0.024 0.034 0.038 0.063 0.523 0.032 0.285 
  4  BAFF018    (0)    4 :  0.009 0.012 0.227 0.019 0.368 0.344 0.019 
  5  BAFF247    (0)    4 :  0.008 0.018 0.020 0.011 0.456 0.447 0.039 
  6  BAFF024    (0)    5 :  0.023 0.647 0.015 0.044 0.045 0.027 0.200 
  7  BAFF088    (0)    6 :  0.010 0.020 0.038 0.033 0.068 0.038 0.792 
  8  BAFF429    (0)    6 :  0.019 0.449 0.056 0.013 0.166 0.145 0.153 
  9  BAFF087    (7)    7 :  0.008 0.006 0.006 0.007 0.009 0.006 0.958 
 10  BAFF225    (0)    7 :  0.033 0.194 0.011 0.020 0.347 0.021 0.375 
 11  BAFF195    (0)    8 :  0.048 0.110 0.583 0.011 0.069 0.087 0.092 
 12  BAFF238    (0)    9 :  0.099 0.625 0.024 0.044 0.118 0.045 0.045 
 13  BAFF019    (0)   10 :  0.023 0.015 0.036 0.829 0.021 0.020 0.056 
 14  BAFF175    (0)   10 :  0.013 0.204 0.052 0.070 0.088 0.355 0.218 
 15  BAFF156    (0)   11 :  0.005 0.005 0.968 0.006 0.005 0.007 0.005 
 16  BAFF301    (0)   11 :  0.856 0.044 0.013 0.024 0.025 0.018 0.019 
 17  BAFF141    (0)   12 :  0.136 0.006 0.014 0.006 0.127 0.701 0.008 
 18  BAFF302    (0)   12 :  0.028 0.509 0.019 0.049 0.323 0.046 0.026 
 19  BAFF290    (0)    1 :  0.827 0.022 0.008 0.013 0.039 0.074 0.018 
 20  BAFF498    (0)    6 :  0.229 0.124 0.071 0.071 0.423 0.026 0.055 
 21  BAFF455    (0)    7 :  0.024 0.074 0.039 0.029 0.033 0.038 0.764 
 22  BAFF203    (7)    8 :  0.009 0.020 0.014 0.012 0.044 0.044 0.857 
 23  BAFF056    (0)   12 :  0.019 0.016 0.006 0.799 0.135 0.016 0.009 
 24  BAFF327    (0)   12 :  0.061 0.018 0.036 0.137 0.019 0.695 0.034 
 25  BAFF255    (0)    1 :  0.948 0.008 0.006 0.007 0.012 0.010 0.008 
 26  BAFF256    (0)    1 :  0.950 0.007 0.005 0.012 0.007 0.007 0.011 
 27  BAFF257    (0)    1 :  0.963 0.006 0.005 0.005 0.007 0.006 0.007 
 28  BAFF260    (0)    1 :  0.943 0.011 0.005 0.008 0.009 0.007 0.017 
 29  BAFF259    (0)    1 :  0.942 0.009 0.009 0.016 0.007 0.009 0.008 
 30  BAFF261    (0)    1 :  0.943 0.007 0.008 0.008 0.014 0.010 0.009 
 31  BAFF274    (0)    1 :  0.847 0.022 0.012 0.014 0.052 0.021 0.030 
 32  BAFF262    (0)    1 :  0.905 0.009 0.010 0.008 0.009 0.026 0.034 
 33  BAFF294    (0)    1 :  0.930 0.008 0.007 0.008 0.008 0.009 0.030 
 34  BAFF292    (0)    1 :  0.839 0.099 0.013 0.009 0.013 0.019 0.008 
 35  BAFF296    (0)    1 :  0.869 0.062 0.015 0.014 0.020 0.013 0.008 
 36  BAFF295    (0)    1 :  0.878 0.021 0.011 0.011 0.017 0.043 0.020 
 37  BAFF298    (0)    1 :  0.894 0.022 0.011 0.018 0.025 0.017 0.012 
 38  BAFF299    (0)    1 :  0.931 0.007 0.008 0.029 0.006 0.006 0.013 
 39  BAFF375    (0)   13 :  0.023 0.918 0.008 0.010 0.015 0.010 0.016 
 40  BAFF376    (0)   13 :  0.018 0.839 0.010 0.030 0.028 0.017 0.058 
 41  BAFF377    (0)   13 :  0.018 0.934 0.008 0.009 0.012 0.008 0.009 
 42  BAFF022    (0)    5 :  0.147 0.116 0.030 0.012 0.079 0.583 0.033 
 43  BAFF021    (0)    5 :  0.042 0.030 0.010 0.013 0.029 0.835 0.040 
 44  BAFF499    (0)    6 :  0.008 0.053 0.042 0.809 0.031 0.042 0.014 
 45  BAFF204    (0)    8 :  0.010 0.075 0.015 0.039 0.768 0.072 0.022 
 46  BAFF068    (0)   12 :  0.072 0.011 0.010 0.832 0.039 0.027 0.008 
 47  BAFF336    (0)   12 :  0.014 0.018 0.255 0.521 0.102 0.054 0.037 
 48  BAFF447    (0)    7 :  0.008 0.117 0.027 0.013 0.785 0.029 0.021 
 49  BAFF457    (0)    7 :  0.035 0.312 0.044 0.010 0.534 0.052 0.013 
 50  BAFF448    (0)    7 :  0.065 0.029 0.029 0.007 0.447 0.049 0.373 
 51  BAFF465    (0)    7 :  0.016 0.014 0.018 0.011 0.044 0.020 0.878 
 52  BAFF194    (0)    8 :  0.036 0.757 0.025 0.013 0.072 0.040 0.057 
 53  BAFF199    (0)    8 :  0.019 0.100 0.202 0.022 0.503 0.134 0.020 
 54  BAFF500    (0)    6 :  0.197 0.109 0.010 0.075 0.502 0.012 0.096 
 55  BAFF206    (0)    8 :  0.062 0.118 0.016 0.054 0.022 0.626 0.100 
 56  BAFF069    (0)   12 :  0.009 0.014 0.020 0.913 0.013 0.017 0.014 
 57  BAFF330    (0)   12 :  0.017 0.017 0.182 0.027 0.069 0.049 0.640 
 58  BAFF239    (0)   10 :  0.037 0.011 0.290 0.430 0.032 0.177 0.022 
 59  BAFF241    (0)   10 :  0.047 0.012 0.248 0.607 0.038 0.035 0.013 
 60  BAFF157    (0)   11 :  0.005 0.008 0.962 0.006 0.006 0.007 0.006 
 61  BAFF161    (0)   11 :  0.005 0.006 0.967 0.006 0.006 0.005 0.006 
 62  BAFF160    (0)   11 :  0.005 0.008 0.958 0.006 0.007 0.008 0.009 
 63  BAFF008    (0)   12 :  0.043 0.018 0.018 0.168 0.184 0.043 0.526 
 64  BAFF013    (0)   12 :  0.012 0.020 0.027 0.013 0.022 0.060 0.846 
 65  BAFF407    (0)   12 :  0.009 0.011 0.020 0.914 0.013 0.018 0.014 
 66  BAFF503    (0)    6 :  0.006 0.010 0.034 0.864 0.028 0.009 0.050 
 67  BAFF449    (0)    7 :  0.011 0.011 0.012 0.023 0.018 0.541 0.385 
 68  BAFF207    (0)    8 :  0.013 0.121 0.005 0.739 0.036 0.029 0.057 
 69  BAFF070    (0)   12 :  0.010 0.013 0.010 0.910 0.014 0.028 0.015 
 70  BAFF335    (0)   12 :  0.010 0.009 0.015 0.020 0.013 0.921 0.012 
 71  BAFF507    (0)    6 :  0.043 0.835 0.018 0.008 0.071 0.013 0.013 
 72  BAFF450    (0)    7 :  0.243 0.231 0.261 0.047 0.151 0.037 0.029 
 73  BAFF209    (7)    8 :  0.038 0.502 0.056 0.027 0.021 0.151 0.205 
 74  BAFF072    (0)   12 :  0.013 0.012 0.481 0.040 0.053 0.381 0.020 
 75  BAFF339    (0)   12 :  0.016 0.193 0.019 0.435 0.228 0.094 0.014 
 76  BAFF508    (0)    6 :  0.052 0.012 0.790 0.015 0.096 0.024 0.010 
 77  BAFF451    (0)    7 :  0.011 0.307 0.022 0.028 0.341 0.210 0.079 
 78  BAFF210    (0)    8 :  0.087 0.155 0.010 0.464 0.156 0.016 0.112 
 79  BAFF139    (0)   12 :  0.072 0.313 0.041 0.015 0.296 0.229 0.033 
 80  BAFF341    (0)   12 :  0.022 0.079 0.202 0.023 0.528 0.097 0.049 
 81  BAFF509    (0)    6 :  0.060 0.053 0.010 0.044 0.028 0.061 0.744 
 82  BAFF453    (0)    7 :  0.010 0.620 0.018 0.123 0.059 0.073 0.098 
 83  BAFF389    (0)    8 :  0.029 0.816 0.104 0.007 0.008 0.016 0.020 
 84  BAFF163    (0)   12 :  0.004 0.007 0.010 0.959 0.006 0.005 0.009 
 85  BAFF344    (7)   12 :  0.010 0.064 0.047 0.212 0.032 0.599 0.036 
 86  BAFF510    (0)    6 :  0.013 0.387 0.069 0.036 0.125 0.053 0.318 
 87  BAFF456    (0)    7 :  0.023 0.476 0.015 0.046 0.329 0.099 0.013 
 88  BAFF390    (0)    8 :  0.006 0.960 0.008 0.006 0.007 0.006 0.007 
 89  BAFF142    (0)   12 :  0.299 0.009 0.072 0.066 0.100 0.443 0.012 
 90  BAFF363    (7)   12 :  0.007 0.008 0.034 0.912 0.010 0.019 0.011 
 91  BAFF517    (0)    6 :  0.008 0.710 0.014 0.027 0.094 0.128 0.020 
 92  BAFF458    (0)    7 :  0.047 0.032 0.036 0.033 0.709 0.034 0.109 
 93  BAFF391    (0)    8 :  0.222 0.023 0.014 0.281 0.269 0.160 0.031 
 94  BAFF149    (0)   12 :  0.012 0.028 0.035 0.029 0.042 0.843 0.011 
 95  BAFF366    (7)   12 :  0.009 0.062 0.018 0.016 0.025 0.863 0.007 
 96  BAFF512    (0)    6 :  0.156 0.073 0.028 0.038 0.593 0.017 0.094 
 97  BAFF460    (0)    7 :  0.015 0.035 0.018 0.014 0.216 0.691 0.011 
 98  BAFF138    (0)   12 :  0.015 0.012 0.023 0.015 0.014 0.914 0.007 
 99  BAFF374    (0)   12 :  0.038 0.020 0.046 0.295 0.013 0.020 0.568 
100  BAFF015    (0)    1 :  0.931 0.010 0.010 0.012 0.013 0.013 0.012 
101  BAFF380    (0)    2 :  0.013 0.031 0.634 0.040 0.047 0.037 0.197 
102  BAFF216    (0)    3 :  0.043 0.438 0.021 0.030 0.280 0.032 0.157 
103  BAFF017    (0)    4 :  0.013 0.898 0.006 0.023 0.047 0.005 0.008 
104  BAFF245    (0)    4 :  0.136 0.132 0.014 0.036 0.099 0.460 0.123 
105  BAFF378    (7)   13 :  0.186 0.038 0.018 0.011 0.712 0.022 0.013 
106  BAFF023    (0)    5 :  0.020 0.037 0.014 0.026 0.832 0.029 0.042 
107  BAFF079    (0)    6 :  0.036 0.524 0.027 0.046 0.050 0.170 0.147 
108  BAFF435    (0)    6 :  0.008 0.022 0.035 0.019 0.869 0.028 0.019 
109  BAFF174    (7)    7 :  0.008 0.774 0.025 0.044 0.064 0.026 0.060 
110  BAFF226    (0)    7 :  0.015 0.207 0.018 0.008 0.644 0.099 0.009 
111  BAFF190    (0)    8 :  0.017 0.014 0.065 0.094 0.083 0.092 0.636 
112  BAFF243    (0)    9 :  0.057 0.647 0.059 0.007 0.118 0.090 0.023 
113  BAFF177    (0)   10 :  0.032 0.124 0.027 0.009 0.020 0.058 0.729 
114  BAFF364    (7)   11 :  0.012 0.018 0.810 0.016 0.074 0.012 0.057 
115  BAFF305    (0)   12 :  0.023 0.025 0.018 0.018 0.013 0.889 0.014 
116  BAFF513    (0)    6 :  0.066 0.085 0.029 0.020 0.088 0.021 0.691 
117  BAFF462    (0)    7 :  0.473 0.015 0.071 0.075 0.163 0.015 0.190 
118  BAFF143    (0)   12 :  0.007 0.076 0.045 0.069 0.074 0.685 0.045 
119  BAFF403    (0)   12 :  0.007 0.008 0.010 0.948 0.009 0.008 0.009 
120  BAFF514    (0)    6 :  0.008 0.028 0.022 0.238 0.073 0.025 0.607 
121  BAFF463    (0)    7 :  0.006 0.007 0.009 0.005 0.008 0.006 0.960 
122  BAFF137    (0)   12 :  0.010 0.010 0.012 0.008 0.017 0.816 0.127 
123  BAFF404    (0)   12 :  0.013 0.010 0.024 0.920 0.013 0.010 0.009 
124  BAFF515    (0)    6 :  0.023 0.149 0.066 0.031 0.194 0.138 0.399 
125  BAFF144    (0)   12 :  0.013 0.021 0.462 0.056 0.162 0.072 0.215 
126  BAFF405    (7)   12 :  0.034 0.013 0.273 0.020 0.054 0.552 0.053 
127  BAFF518    (0)    6 :  0.012 0.026 0.029 0.477 0.135 0.309 0.011 
128  BAFF467    (0)    7 :  0.022 0.214 0.028 0.039 0.544 0.035 0.117 
129  BAFF145    (0)   12 :  0.068 0.022 0.542 0.012 0.073 0.257 0.027 
130  BAFF406    (0)   12 :  0.009 0.031 0.561 0.279 0.025 0.046 0.049 
131  BAFF519    (0)    6 :  0.016 0.545 0.020 0.015 0.237 0.094 0.073 
132  BAFF471    (0)    7 :  0.095 0.080 0.049 0.031 0.190 0.366 0.189 
133  BAFF136    (0)   12 :  0.006 0.049 0.010 0.715 0.009 0.158 0.052 
134  BAFF520    (7)    6 :  0.031 0.137 0.026 0.062 0.627 0.035 0.082 
135  BAFF472    (0)    7 :  0.037 0.082 0.220 0.028 0.259 0.050 0.325 
136  BAFF165    (0)   12 :  0.045 0.045 0.010 0.044 0.045 0.792 0.019 
137  BAFF408    (0)   12 :  0.035 0.021 0.123 0.084 0.035 0.683 0.018 
138  BAFF522    (0)    6 :  0.025 0.023 0.027 0.034 0.026 0.049 0.817 
139  BAFF475    (0)    7 :  0.010 0.622 0.035 0.048 0.169 0.064 0.053 
140  BAFF140    (0)   12 :  0.023 0.091 0.071 0.026 0.029 0.511 0.248 
141  BAFF409    (0)   12 :  0.095 0.013 0.014 0.781 0.014 0.018 0.064 
142  BAFF523    (0)    6 :  0.016 0.031 0.125 0.009 0.168 0.014 0.637 
143  BAFF476    (0)    7 :  0.009 0.543 0.144 0.034 0.213 0.046 0.011 
144  BAFF147    (0)   12 :  0.015 0.022 0.024 0.164 0.021 0.695 0.058 
145  BAFF410    (0)   12 :  0.019 0.070 0.016 0.651 0.023 0.212 0.010 
146  BAFF477    (0)    7 :  0.078 0.103 0.018 0.007 0.557 0.224 0.014 
147  BAFF411    (0)   12 :  0.610 0.030 0.083 0.108 0.098 0.059 0.013 
148  BAFF486    (7)    7 :  0.007 0.011 0.011 0.006 0.951 0.009 0.005 
149  BAFF412    (7)   12 :  0.044 0.026 0.017 0.777 0.023 0.023 0.089 
150  BAFF258    (0)    1 :  0.275 0.020 0.061 0.028 0.157 0.019 0.440 
151  BAFF392    (0)    2 :  0.006 0.014 0.026 0.006 0.006 0.007 0.935 
152  BAFF217    (0)    3 :  0.012 0.759 0.035 0.018 0.100 0.065 0.012 
153  BAFF016    (0)    4 :  0.005 0.799 0.093 0.035 0.015 0.042 0.011 
154  BAFF246    (0)    4 :  0.010 0.806 0.030 0.026 0.053 0.017 0.057 
155  BAFF381    (0)   13 :  0.012 0.051 0.016 0.032 0.448 0.417 0.024 
156  BAFF078    (0)    6 :  0.007 0.009 0.670 0.052 0.036 0.209 0.018 
157  BAFF481    (0)    6 :  0.024 0.076 0.023 0.041 0.624 0.169 0.042 
158  BAFF436    (0)    7 :  0.100 0.180 0.064 0.046 0.052 0.055 0.503 
159  BAFF191    (0)    8 :  0.011 0.739 0.013 0.020 0.039 0.036 0.142 
160  BAFF382    (0)    9 :  0.008 0.025 0.052 0.062 0.760 0.038 0.056 
161  BAFF178    (0)   10 :  0.010 0.158 0.010 0.061 0.014 0.019 0.728 
162  BAFF159    (7)   11 :  0.015 0.438 0.010 0.035 0.440 0.043 0.018 
163  BAFF365    (7)   11 :  0.204 0.077 0.059 0.017 0.144 0.484 0.016 
164  BAFF007    (0)   12 :  0.089 0.103 0.183 0.029 0.331 0.216 0.049 
165  BAFF304    (7)   12 :  0.012 0.016 0.185 0.082 0.082 0.610 0.013 
166  BAFF487    (0)    7 :  0.022 0.047 0.114 0.038 0.654 0.011 0.114 
167  BAFF415    (0)   12 :  0.079 0.027 0.022 0.527 0.049 0.259 0.036 
168  BAFF488    (0)    7 :  0.676 0.106 0.019 0.015 0.093 0.076 0.015 
169  BAFF417    (0)   12 :  0.017 0.017 0.029 0.346 0.106 0.447 0.038 
170  BAFF489    (0)    7 :  0.009 0.031 0.110 0.037 0.474 0.281 0.057 
171  BAFF426    (0)   12 :  0.017 0.013 0.009 0.910 0.016 0.014 0.021 
172  BAFF490    (7)    7 :  0.027 0.160 0.214 0.012 0.493 0.021 0.074 
173  BAFF491    (0)    7 :  0.044 0.035 0.083 0.009 0.617 0.033 0.179 
174  BAFF492    (0)    7 :  0.008 0.031 0.017 0.015 0.896 0.016 0.017 
175  BAFF493    (0)    7 :  0.537 0.027 0.028 0.042 0.190 0.036 0.140 
176  BAFF506    (0)    7 :  0.105 0.027 0.064 0.017 0.645 0.015 0.126 
177  BAFF393    (0)    2 :  0.027 0.049 0.443 0.010 0.361 0.095 0.014 
178  BAFF218    (0)    3 :  0.052 0.452 0.022 0.024 0.280 0.100 0.069 
179  BAFF254    (0)    4 :  0.042 0.011 0.607 0.011 0.224 0.082 0.023 
180  BAFF385    (0)   13 :  0.034 0.022 0.150 0.048 0.405 0.053 0.288 
181  BAFF076    (0)    6 :  0.011 0.009 0.013 0.012 0.011 0.009 0.935 
182  BAFF482    (0)    6 :  0.008 0.021 0.020 0.051 0.768 0.069 0.062 
183  BAFF437    (0)    7 :  0.022 0.038 0.007 0.011 0.066 0.828 0.029 
184  BAFF192    (0)    8 :  0.021 0.101 0.224 0.014 0.068 0.068 0.505 
185  BAFF383    (0)    9 :  0.801 0.008 0.008 0.010 0.028 0.121 0.024 
186  BAFF180    (0)   10 :  0.009 0.448 0.016 0.148 0.053 0.011 0.315 
187  BAFF048    (7)   12 :  0.056 0.024 0.776 0.012 0.024 0.028 0.081 
188  BAFF306    (0)   12 :  0.012 0.082 0.024 0.030 0.118 0.687 0.048 
189  BAFF394    (0)    2 :  0.053 0.566 0.124 0.023 0.047 0.132 0.054 
190  BAFF219    (0)    3 :  0.008 0.337 0.020 0.013 0.313 0.281 0.027 
191  BAFF388    (0)    4 :  0.168 0.021 0.018 0.403 0.063 0.013 0.314 
192  BAFF386    (7)   13 :  0.022 0.028 0.082 0.020 0.079 0.061 0.708 
193  BAFF084    (0)    6 :  0.011 0.025 0.804 0.008 0.127 0.013 0.012 
194  BAFF483    (0)    6 :  0.035 0.109 0.014 0.132 0.127 0.170 0.414 
195  BAFF438   (15)    7 :  0.021 0.031 0.301 0.045 0.230 0.304 0.069 
196  BAFF193    (0)    8 :  0.334 0.027 0.027 0.021 0.492 0.020 0.080 
197  BAFF183    (0)   10 :  0.131 0.242 0.283 0.071 0.196 0.042 0.036 
198  BAFF153    (0)   12 :  0.008 0.008 0.019 0.014 0.010 0.931 0.011 
199  BAFF307    (0)   12 :  0.013 0.023 0.160 0.023 0.208 0.550 0.023 
200  BAFF397    (0)    2 :  0.010 0.137 0.019 0.010 0.542 0.277 0.005 
201  BAFF220    (0)    3 :  0.008 0.007 0.072 0.010 0.017 0.007 0.880 
202  BAFF095    (0)    6 :  0.042 0.012 0.010 0.014 0.016 0.014 0.891 
203  BAFF494    (0)    6 :  0.006 0.045 0.038 0.029 0.353 0.013 0.516 
204  BAFF439    (0)    7 :  0.010 0.078 0.022 0.431 0.238 0.206 0.015 
205  BAFF182    (0)   10 :  0.027 0.048 0.136 0.111 0.020 0.060 0.598 
206  BAFF054    (0)   12 :  0.007 0.006 0.010 0.939 0.009 0.019 0.009 
207  BAFF308    (0)   12 :  0.015 0.013 0.027 0.015 0.109 0.802 0.019 
208  BAFF266    (0)    1 :  0.122 0.052 0.107 0.042 0.622 0.033 0.022 
209  BAFF398    (7)    2 :  0.012 0.005 0.006 0.005 0.022 0.006 0.943 
210  BAFF221    (0)    3 :  0.437 0.010 0.343 0.058 0.009 0.066 0.077 
211  BAFF090    (0)    6 :  0.020 0.022 0.515 0.158 0.157 0.066 0.062 
212  BAFF495    (0)    6 :  0.009 0.920 0.008 0.009 0.036 0.010 0.009 
213  BAFF459    (0)    7 :  0.008 0.812 0.039 0.014 0.079 0.037 0.012 
214  BAFF197    (0)    8 :  0.017 0.160 0.014 0.072 0.148 0.565 0.023 
215  BAFF188    (0)   10 :  0.018 0.022 0.123 0.039 0.037 0.743 0.018 
216  BAFF051    (0)   12 :  0.025 0.032 0.014 0.392 0.444 0.040 0.052 
217  BAFF309    (0)   12 :  0.011 0.028 0.021 0.013 0.845 0.031 0.050 
218  BAFF269    (0)    1 :  0.142 0.193 0.016 0.012 0.141 0.461 0.035 
219  BAFF077    (0)    6 :  0.013 0.894 0.014 0.013 0.053 0.008 0.006 
220  BAFF496    (0)    6 :  0.014 0.904 0.007 0.010 0.047 0.010 0.009 
221  BAFF443    (0)    7 :  0.092 0.035 0.031 0.104 0.568 0.128 0.044 
222  BAFF198    (0)    8 :  0.012 0.372 0.048 0.070 0.175 0.032 0.292 
223  BAFF053    (0)   12 :  0.020 0.028 0.024 0.037 0.028 0.853 0.010 
224  BAFF310    (0)   12 :  0.008 0.012 0.018 0.862 0.027 0.064 0.008 
225  BAFF282    (0)    1 :  0.856 0.025 0.016 0.014 0.017 0.027 0.044 
226  BAFF497    (0)    6 :  0.010 0.727 0.012 0.015 0.189 0.032 0.014 
227  BAFF466    (0)    7 :  0.014 0.038 0.253 0.033 0.568 0.057 0.037 
228  BAFF200    (7)    8 :  0.011 0.044 0.054 0.054 0.241 0.042 0.553 
229  BAFF240    (0)   10 :  0.015 0.024 0.782 0.010 0.080 0.034 0.055 
230  BAFF055    (0)   12 :  0.022 0.011 0.013 0.728 0.017 0.178 0.030 
231  BAFF311    (7)   12 :  0.026 0.013 0.021 0.007 0.008 0.026 0.898 


Estimated Allele Frequencies in each cluster
First column gives estimated ancestral frequencies


Locus 1 : btern01 
9 alleles
0.0% missing data
   1   (0.140) 0.115 0.191 0.142 0.037 0.127 0.169 0.147 
   2   (0.019) 0.024 0.004 0.004 0.003 0.015 0.004 0.004 
   3   (0.165) 0.073 0.236 0.134 0.091 0.206 0.204 0.129 
   4   (0.215) 0.207 0.216 0.247 0.186 0.232 0.188 0.182 
   5   (0.288) 0.425 0.176 0.373 0.328 0.344 0.345 0.162 
   6   (0.072) 0.034 0.084 0.037 0.327 0.028 0.055 0.048 
   7   (0.050) 0.082 0.013 0.044 0.019 0.017 0.018 0.266 
   8   (0.016) 0.033 0.006 0.003 0.002 0.004 0.008 0.003 
   9   (0.036) 0.007 0.074 0.017 0.006 0.025 0.009 0.058 

Locus 2 : bt28 
5 alleles
0.0% missing data
   1   (0.665) 0.772 0.703 0.651 0.724 0.653 0.740 0.582 
   2   (0.154) 0.161 0.150 0.069 0.102 0.127 0.148 0.179 
   3   (0.143) 0.045 0.073 0.272 0.167 0.181 0.098 0.232 
   4   (0.027) 0.008 0.072 0.006 0.005 0.037 0.011 0.005 
   5   (0.011) 0.014 0.002 0.002 0.002 0.002 0.003 0.002 

Locus 3 : b96 
8 alleles
0.9% missing data
   1   (0.330) 0.351 0.288 0.204 0.323 0.312 0.464 0.356 
   2   (0.481) 0.461 0.631 0.607 0.520 0.594 0.333 0.522 
   3   (0.045) 0.012 0.013 0.085 0.040 0.037 0.056 0.027 
   4   (0.016) 0.004 0.003 0.068 0.003 0.008 0.004 0.003 
   5   (0.051) 0.026 0.030 0.011 0.030 0.028 0.055 0.045 
   6   (0.027) 0.083 0.005 0.007 0.005 0.006 0.013 0.037 
   7   (0.037) 0.060 0.028 0.017 0.007 0.012 0.072 0.008 
   8   (0.013) 0.003 0.002 0.002 0.072 0.003 0.003 0.003 

Locus 4 : bt30 
12 alleles
0.9% missing data
   1   (0.113) 0.249 0.042 0.054 0.111 0.135 0.065 0.180 
   2   (0.285) 0.285 0.310 0.264 0.276 0.360 0.295 0.265 
   3   (0.067) 0.016 0.120 0.072 0.028 0.205 0.038 0.023 
   4   (0.183) 0.124 0.200 0.229 0.244 0.130 0.214 0.223 
   5   (0.015) 0.004 0.003 0.003 0.003 0.008 0.004 0.016 
   6   (0.099) 0.100 0.145 0.036 0.062 0.056 0.071 0.214 
   7   (0.033) 0.023 0.015 0.022 0.021 0.019 0.042 0.010 
   8   (0.053) 0.044 0.016 0.052 0.058 0.028 0.078 0.011 
   9   (0.111) 0.090 0.132 0.261 0.189 0.047 0.157 0.040 
  10   (0.013) 0.061 0.002 0.002 0.002 0.003 0.003 0.002 
  11   (0.018) 0.004 0.004 0.003 0.004 0.005 0.031 0.015 
  12   (0.011) 0.002 0.011 0.002 0.002 0.003 0.003 0.002 

Locus 5 : btms0081 
3 alleles
0.9% missing data
   1   (0.496) 0.584 0.462 0.564 0.306 0.583 0.405 0.632 
   2   (0.351) 0.227 0.384 0.341 0.463 0.331 0.434 0.266 
   3   (0.153) 0.189 0.154 0.095 0.231 0.086 0.160 0.102 

Locus 6 : btms0066 
24 alleles
0.0% missing data
   1   (0.256) 0.384 0.168 0.197 0.367 0.323 0.300 0.340 
   2   (0.011) 0.066 0.004 0.003 0.002 0.003 0.002 0.002 
   3   (0.032) 0.006 0.007 0.015 0.008 0.040 0.110 0.017 
   4   (0.151) 0.060 0.361 0.065 0.132 0.254 0.107 0.196 
   5   (0.094) 0.030 0.099 0.038 0.119 0.139 0.207 0.042 
   6   (0.051) 0.012 0.048 0.098 0.016 0.020 0.045 0.185 
   7   (0.020) 0.016 0.003 0.004 0.003 0.009 0.004 0.045 
   8   (0.054) 0.077 0.089 0.031 0.032 0.037 0.032 0.016 
   9   (0.017) 0.003 0.003 0.258 0.004 0.006 0.011 0.006 
  10   (0.029) 0.133 0.009 0.042 0.005 0.027 0.007 0.006 
  11   (0.021) 0.139 0.005 0.005 0.012 0.005 0.005 0.008 
  12   (0.035) 0.008 0.132 0.010 0.017 0.031 0.032 0.007 
  13   (0.027) 0.006 0.005 0.033 0.016 0.015 0.016 0.021 
  14   (0.023) 0.005 0.004 0.061 0.040 0.006 0.006 0.005 
  15   (0.024) 0.007 0.016 0.004 0.004 0.029 0.027 0.004 
  16   (0.031) 0.007 0.007 0.061 0.096 0.007 0.014 0.024 
  17   (0.026) 0.015 0.005 0.044 0.042 0.014 0.020 0.006 
  18   (0.013) 0.002 0.002 0.002 0.031 0.003 0.003 0.002 
  19   (0.014) 0.002 0.002 0.002 0.003 0.003 0.034 0.003 
  20   (0.021) 0.006 0.021 0.007 0.014 0.007 0.006 0.025 
  21   (0.016) 0.006 0.003 0.010 0.003 0.006 0.004 0.025 
  22   (0.011) 0.002 0.002 0.004 0.002 0.004 0.002 0.009 
  23   (0.013) 0.002 0.002 0.002 0.029 0.003 0.004 0.002 
  24   (0.010) 0.003 0.002 0.003 0.002 0.008 0.002 0.002 

Locus 7 : btms0083 
31 alleles
3.0% missing data
   1   (0.014) 0.203 0.002 0.005 0.002 0.003 0.004 0.003 
   2   (0.025) 0.097 0.005 0.015 0.005 0.012 0.031 0.005 
   3   (0.030) 0.006 0.009 0.094 0.008 0.017 0.011 0.070 
   4   (0.038) 0.053 0.011 0.034 0.011 0.061 0.019 0.033 
   5   (0.193) 0.210 0.149 0.183 0.256 0.227 0.228 0.349 
   6   (0.021) 0.007 0.007 0.022 0.005 0.022 0.005 0.021 
   7   (0.062) 0.022 0.035 0.109 0.155 0.090 0.082 0.021 
   8   (0.033) 0.017 0.013 0.013 0.011 0.036 0.146 0.008 
   9   (0.034) 0.007 0.040 0.008 0.006 0.035 0.035 0.048 
  10   (0.023) 0.007 0.008 0.005 0.021 0.009 0.014 0.114 
  11   (0.052) 0.015 0.135 0.301 0.009 0.065 0.038 0.016 
  12   (0.018) 0.035 0.010 0.004 0.004 0.011 0.004 0.006 
  13   (0.051) 0.011 0.107 0.024 0.079 0.023 0.081 0.022 
  14   (0.034) 0.007 0.064 0.013 0.006 0.127 0.022 0.008 
  15   (0.029) 0.024 0.059 0.009 0.006 0.012 0.012 0.025 
  16   (0.025) 0.036 0.007 0.010 0.005 0.029 0.006 0.075 
  17   (0.033) 0.078 0.183 0.008 0.006 0.010 0.019 0.011 
  18   (0.055) 0.037 0.021 0.023 0.114 0.058 0.039 0.045 
  19   (0.016) 0.010 0.003 0.004 0.107 0.013 0.005 0.003 
  20   (0.028) 0.006 0.006 0.006 0.052 0.013 0.090 0.007 
  21   (0.011) 0.031 0.002 0.002 0.002 0.002 0.002 0.002 
  22   (0.012) 0.028 0.003 0.002 0.002 0.003 0.003 0.002 
  23   (0.018) 0.020 0.008 0.003 0.003 0.008 0.012 0.004 
  24   (0.009) 0.003 0.002 0.002 0.013 0.002 0.002 0.002 
  25   (0.031) 0.006 0.006 0.006 0.006 0.049 0.031 0.071 
  26   (0.016) 0.003 0.065 0.003 0.003 0.007 0.005 0.005 
  27   (0.032) 0.006 0.025 0.009 0.060 0.018 0.027 0.008 
  28   (0.016) 0.005 0.005 0.075 0.003 0.009 0.004 0.006 
  29   (0.013) 0.004 0.003 0.004 0.002 0.019 0.003 0.003 
  30   (0.015) 0.003 0.003 0.002 0.033 0.003 0.011 0.003 
  31   (0.012) 0.004 0.004 0.002 0.002 0.004 0.008 0.002 

Locus 8 : b126 
16 alleles
0.0% missing data
   1   (0.043) 0.041 0.032 0.009 0.012 0.018 0.037 0.062 
   2   (0.049) 0.123 0.064 0.010 0.008 0.032 0.067 0.013 
   3   (0.314) 0.221 0.366 0.556 0.390 0.380 0.342 0.268 
   4   (0.028) 0.007 0.069 0.006 0.006 0.037 0.009 0.011 
   5   (0.071) 0.023 0.049 0.039 0.061 0.144 0.033 0.130 
   6   (0.063) 0.017 0.040 0.019 0.151 0.097 0.150 0.015 
   7   (0.108) 0.022 0.094 0.204 0.132 0.072 0.128 0.181 
   8   (0.030) 0.008 0.043 0.005 0.075 0.013 0.013 0.007 
   9   (0.012) 0.002 0.002 0.002 0.002 0.002 0.003 0.038 
  10   (0.040) 0.025 0.026 0.009 0.056 0.013 0.015 0.106 
  11   (0.092) 0.373 0.059 0.112 0.024 0.106 0.090 0.034 
  12   (0.031) 0.028 0.007 0.005 0.027 0.028 0.032 0.006 
  13   (0.069) 0.100 0.084 0.013 0.046 0.040 0.040 0.085 
  14   (0.021) 0.004 0.057 0.004 0.005 0.008 0.008 0.009 
  15   (0.012) 0.002 0.002 0.002 0.002 0.003 0.028 0.008 
  16   (0.017) 0.003 0.006 0.006 0.003 0.007 0.005 0.027 

Locus 9 : btms0062 
34 alleles
0.0% missing data
   1   (0.036) 0.075 0.009 0.056 0.010 0.037 0.009 0.037 
   2   (0.047) 0.105 0.172 0.021 0.014 0.034 0.020 0.041 
   3   (0.075) 0.100 0.038 0.082 0.055 0.100 0.233 0.030 
   4   (0.102) 0.056 0.070 0.151 0.208 0.148 0.047 0.211 
   5   (0.048) 0.018 0.011 0.096 0.013 0.159 0.069 0.041 
   6   (0.023) 0.006 0.028 0.012 0.004 0.025 0.033 0.009 
   7   (0.012) 0.002 0.002 0.002 0.002 0.017 0.007 0.003 
   8   (0.021) 0.006 0.023 0.004 0.004 0.030 0.061 0.004 
   9   (0.039) 0.020 0.116 0.063 0.016 0.030 0.013 0.028 
  10   (0.054) 0.045 0.045 0.012 0.069 0.066 0.032 0.072 
  11   (0.067) 0.022 0.058 0.209 0.040 0.054 0.050 0.149 
  12   (0.045) 0.010 0.185 0.010 0.032 0.016 0.039 0.082 
  13   (0.044) 0.026 0.024 0.019 0.016 0.019 0.063 0.124 
  14   (0.043) 0.012 0.039 0.011 0.265 0.047 0.038 0.011 
  15   (0.016) 0.003 0.005 0.003 0.004 0.004 0.105 0.004 
  16   (0.020) 0.004 0.004 0.059 0.010 0.006 0.015 0.004 
  17   (0.017) 0.149 0.004 0.003 0.003 0.006 0.004 0.011 
  18   (0.015) 0.003 0.006 0.003 0.003 0.003 0.005 0.031 
  19   (0.047) 0.079 0.053 0.008 0.091 0.037 0.017 0.017 
  20   (0.011) 0.031 0.002 0.002 0.002 0.002 0.002 0.002 
  21   (0.034) 0.058 0.035 0.007 0.006 0.037 0.013 0.018 
  22   (0.017) 0.094 0.003 0.003 0.004 0.005 0.020 0.003 
  23   (0.014) 0.024 0.002 0.002 0.002 0.007 0.003 0.003 
  24   (0.018) 0.004 0.028 0.003 0.008 0.034 0.005 0.004 
  25   (0.013) 0.008 0.003 0.002 0.003 0.016 0.003 0.003 
  26   (0.030) 0.014 0.013 0.072 0.045 0.030 0.011 0.026 
  27   (0.021) 0.004 0.004 0.044 0.007 0.006 0.029 0.013 
  28   (0.009) 0.002 0.001 0.001 0.001 0.002 0.023 0.001 
  29   (0.010) 0.005 0.003 0.024 0.002 0.004 0.002 0.002 
  30   (0.009) 0.002 0.002 0.002 0.030 0.002 0.002 0.002 
  31   (0.012) 0.002 0.002 0.002 0.002 0.009 0.015 0.002 
  32   (0.013) 0.003 0.003 0.005 0.002 0.003 0.003 0.008 
  33   (0.008) 0.003 0.003 0.001 0.001 0.003 0.007 0.002 
  34   (0.011) 0.002 0.002 0.002 0.028 0.003 0.003 0.002 

Locus 10 : btern02 
25 alleles
4.8% missing data
   1   (0.098) 0.129 0.191 0.206 0.048 0.050 0.137 0.081 
   2   (0.009) 0.015 0.002 0.001 0.001 0.002 0.002 0.002 
   3   (0.078) 0.029 0.114 0.058 0.022 0.133 0.089 0.136 
   4   (0.049) 0.015 0.058 0.010 0.097 0.031 0.031 0.153 
   5   (0.029) 0.016 0.008 0.032 0.006 0.043 0.012 0.019 
   6   (0.042) 0.015 0.020 0.133 0.016 0.111 0.020 0.027 
   7   (0.029) 0.006 0.009 0.005 0.134 0.014 0.028 0.030 
   8   (0.038) 0.096 0.021 0.023 0.007 0.036 0.036 0.012 
   9   (0.071) 0.085 0.021 0.064 0.042 0.043 0.188 0.106 
  10   (0.027) 0.006 0.071 0.007 0.005 0.104 0.009 0.009 
  11   (0.058) 0.019 0.083 0.020 0.067 0.062 0.124 0.021 
  12   (0.037) 0.131 0.055 0.016 0.007 0.023 0.020 0.012 
  13   (0.050) 0.051 0.047 0.014 0.055 0.028 0.027 0.073 
  14   (0.054) 0.155 0.055 0.025 0.124 0.019 0.027 0.038 
  15   (0.010) 0.002 0.002 0.121 0.002 0.002 0.002 0.002 
  16   (0.045) 0.047 0.043 0.010 0.048 0.074 0.027 0.013 
  17   (0.026) 0.006 0.012 0.014 0.065 0.043 0.008 0.014 
  18   (0.046) 0.011 0.092 0.012 0.171 0.042 0.024 0.021 
  19   (0.042) 0.009 0.016 0.077 0.011 0.030 0.066 0.083 
  20   (0.045) 0.048 0.029 0.008 0.009 0.042 0.038 0.076 
  21   (0.023) 0.056 0.008 0.006 0.007 0.023 0.014 0.005 
  22   (0.014) 0.021 0.003 0.003 0.006 0.006 0.005 0.003 
  23   (0.033) 0.022 0.028 0.013 0.006 0.012 0.048 0.036 
  24   (0.031) 0.007 0.006 0.118 0.038 0.019 0.015 0.014 
  25   (0.013) 0.003 0.006 0.003 0.005 0.006 0.004 0.014 

Locus 11 : btms0086 
3 alleles
0.0% missing data
   1   (0.844) 0.793 0.853 0.966 0.927 0.795 0.911 0.769 
   2   (0.134) 0.189 0.143 0.030 0.065 0.197 0.050 0.227 
   3   (0.022) 0.019 0.004 0.004 0.008 0.008 0.039 0.004 

Locus 12 : bl13 
3 alleles
0.0% missing data
   1   (0.069) 0.207 0.022 0.025 0.324 0.037 0.027 0.032 
   2   (0.826) 0.771 0.881 0.769 0.619 0.891 0.855 0.850 
   3   (0.105) 0.021 0.097 0.206 0.057 0.072 0.118 0.118 

Locus 13 : btms0059 
9 alleles
0.0% missing data
   1   (0.346) 0.354 0.240 0.475 0.292 0.318 0.529 0.339 
   2   (0.102) 0.126 0.314 0.169 0.018 0.117 0.067 0.035 
   3   (0.066) 0.118 0.028 0.034 0.114 0.028 0.053 0.035 
   4   (0.056) 0.047 0.025 0.015 0.019 0.042 0.040 0.092 
   5   (0.080) 0.037 0.054 0.052 0.042 0.147 0.084 0.034 
   6   (0.300) 0.306 0.285 0.238 0.506 0.308 0.203 0.448 
   7   (0.015) 0.003 0.044 0.004 0.002 0.006 0.004 0.003 
   8   (0.024) 0.006 0.007 0.008 0.004 0.029 0.017 0.012 
   9   (0.011) 0.004 0.005 0.006 0.002 0.004 0.003 0.002 

Values of parameters used in structure:
DATAFILE=/Users/johnmola/Desktop/rpbbfeb27/rpbbstructure/project_data,	OUTFILE=/Users/johnmola/Desktop/rpbbfeb27/rpbbstructure/rpbb20k100k/Results/rpbb20k100k_run_64,	NUMINDS=231,	NUMLOCI=13,	MISSING=-9,	LABEL=1,	POPDATA=1,	POPFLAG=0,	PHENOTYPE=0,	EXTRACOLS=0,	MAXPOPS=7,	BURNIN=20000,	NUMREPS=100000,	USEPOPINFO=0,	INFERALPHA=1,	INFERLAMBDA=0,	POPSPECIFICLAMBDA=0,	POPALPHAS=0,	COMPUTEPROB=1,	NOADMIX=0,	ADMBURNIN=2500,	UPDATEFREQ=1,	PRINTLIKES=0,	INTERMEDSAVE=0,	PRINTKLD=0,	PRINTNET=0,	PRINTLAMBDA=0,	ANCESTDIST=0,	NUMBOXES=1000,	ANCESTPINT=0.90000,	GENSBACK=2,	MIGRPRIOR=0.05000,	PRINTQHAT=0,	PRINTQSUM=0,	ALPHA=1.0000,	FREQSCORR=1,	FPRIORMEAN=0.0100,	FPRIORSD=0.0500,	ONEFST=0,	LAMBDA=1.0000,	UNIFPRIORALPHA=1,	ALPHAMAX=10.0000,	ALPHAPRIORA=1.0000,	ALPHAPRIORB=2.0000,	ALPHAPROPSD=0.0250,	STARTATPOPINFO=0,	RANDOMIZE=1,	LINKAGE=0,	METROFREQ=10,	REPORTHITRATE=0,	MARKOVPHASE=-1,	PHASED=0,	PLOIDY=2,	PHASEINFO=0	LOCPRIOR=0, 	LOCPRIORINIT=1.000000, 	LOCDATA=0, 	LOCISPOP=0, 	LOCPRIORSTEP=0.100000, 	MAXLOCPRIOR=20.000000, 	SEED=1677521060,	
[STRAT parameters]:    NUMSIMSTATS=1000,	PHENOTYPECOL=-9,	POOLFREQ=10,	LOCUSxONLY=0,	EMERROR=0.00100,	MISSINGPHENO=-9,	