

----------------------------------------------------
STRUCTURE by Pritchard, Stephens and Donnelly (2000)
     and Falush, Stephens and Pritchard (2003)
       Code by Pritchard, Falush and Hubisz
             Version 2.3.4 (Jul 2012)
----------------------------------------------------



Command line arguments:   bin/structure -m "/Users/johnmola/Desktop/rpbbfeb27/rpbbstructure/rpbb20k100k/mainparams" -e "/Users/johnmola/Desktop/rpbbfeb27/rpbbstructure/rpbb20k100k/extraparams" 
Input File:    /Users/johnmola/Desktop/rpbbfeb27/rpbbstructure/project_data

Run parameters:
   231 individuals
   13 loci
   5 populations assumed
   20000 Burn-in period
   100000 Reps


--------------------------------------------
Proportion of membership of each pre-defined
 population in each of the 5 clusters

Given    Inferred Clusters                     Number of
 Pop       1      2      3      4      5      Individuals

  1:     0.036  0.015  0.054  0.053  0.842       21
  2:     0.166  0.027  0.336  0.429  0.041        7
  3:     0.364  0.062  0.203  0.263  0.108        7
  4:     0.391  0.089  0.315  0.119  0.086        8
  5:     0.362  0.043  0.415  0.040  0.141        4
  6:     0.313  0.152  0.187  0.291  0.057       35
  7:     0.237  0.063  0.362  0.228  0.110       40
  8:     0.363  0.131  0.216  0.216  0.075       19
  9:     0.361  0.042  0.264  0.061  0.271        4
 10:     0.274  0.367  0.129  0.180  0.050       11
 11:     0.100  0.020  0.135  0.596  0.149        8
 12:     0.064  0.458  0.277  0.144  0.056       60
 13:     0.428  0.059  0.238  0.191  0.083        7
--------------------------------------------

Allele-freq. divergence among pops (Net nucleotide distance),
computed using point estimates of P.

      1       2       3       4       5      
 1      -    0.0243  0.0124  0.0176  0.0260  
 2   0.0243     -    0.0164  0.0239  0.0280  
 3   0.0124  0.0164     -    0.0142  0.0196  
 4   0.0176  0.0239  0.0142     -    0.0244  
 5   0.0260  0.0280  0.0196  0.0244     -    

Average distances (expected heterozygosity) between individuals in same cluster:
cluster  1  : 0.6899 
cluster  2  : 0.6855 
cluster  3  : 0.6842 
cluster  4  : 0.6858 
cluster  5  : 0.6906 

--------------------------------------------
Estimated Ln Prob of Data   = -10086.8
Mean value of ln likelihood = -9684.2
Variance of ln likelihood   = 805.3
Mean value of alpha         = 0.0530

Mean value of Fst_1         = 0.0515
Mean value of Fst_2         = 0.0635
Mean value of Fst_3         = 0.0363
Mean value of Fst_4         = 0.0496
Mean value of Fst_5         = 0.0616


Inferred ancestry of individuals:
        Label (%Miss) Pop:  Inferred clusters
  1  BAFF014    (0)    1 :  0.015 0.006 0.010 0.010 0.959 
  2  BAFF379    (0)    2 :  0.103 0.031 0.744 0.105 0.017 
  3  BAFF212    (0)    3 :  0.206 0.120 0.287 0.333 0.054 
  4  BAFF018    (0)    4 :  0.020 0.100 0.691 0.176 0.013 
  5  BAFF247    (0)    4 :  0.029 0.034 0.908 0.021 0.009 
  6  BAFF024    (0)    5 :  0.853 0.043 0.043 0.042 0.018 
  7  BAFF088    (0)    6 :  0.117 0.122 0.186 0.556 0.019 
  8  BAFF429    (0)    6 :  0.672 0.030 0.111 0.166 0.022 
  9  BAFF087    (7)    7 :  0.014 0.010 0.017 0.941 0.018 
 10  BAFF225    (0)    7 :  0.673 0.031 0.168 0.066 0.063 
 11  BAFF195    (0)    8 :  0.102 0.016 0.109 0.742 0.031 
 12  BAFF238    (0)    9 :  0.724 0.024 0.115 0.027 0.109 
 13  BAFF019    (0)   10 :  0.023 0.876 0.018 0.052 0.031 
 14  BAFF175    (0)   10 :  0.303 0.219 0.371 0.091 0.015 
 15  BAFF156    (0)   11 :  0.006 0.010 0.012 0.966 0.006 
 16  BAFF301    (0)   11 :  0.036 0.021 0.018 0.013 0.912 
 17  BAFF141    (0)   12 :  0.008 0.030 0.589 0.011 0.363 
 18  BAFF302    (0)   12 :  0.550 0.084 0.305 0.029 0.032 
 19  BAFF290    (0)    1 :  0.020 0.014 0.038 0.016 0.911 
 20  BAFF498    (0)    6 :  0.166 0.074 0.177 0.313 0.271 
 21  BAFF455    (0)    7 :  0.302 0.084 0.166 0.408 0.040 
 22  BAFF203    (7)    8 :  0.073 0.017 0.081 0.813 0.016 
 23  BAFF056    (0)   12 :  0.024 0.861 0.078 0.008 0.030 
 24  BAFF327    (0)   12 :  0.035 0.631 0.209 0.030 0.095 
 25  BAFF255    (0)    1 :  0.010 0.007 0.013 0.008 0.962 
 26  BAFF256    (0)    1 :  0.009 0.010 0.007 0.008 0.967 
 27  BAFF257    (0)    1 :  0.007 0.006 0.007 0.006 0.975 
 28  BAFF260    (0)    1 :  0.013 0.008 0.007 0.010 0.961 
 29  BAFF259    (0)    1 :  0.010 0.018 0.008 0.008 0.956 
 30  BAFF261    (0)    1 :  0.008 0.008 0.012 0.008 0.965 
 31  BAFF274    (0)    1 :  0.026 0.015 0.040 0.023 0.896 
 32  BAFF262    (0)    1 :  0.011 0.011 0.013 0.019 0.947 
 33  BAFF294    (0)    1 :  0.008 0.008 0.008 0.022 0.954 
 34  BAFF292    (0)    1 :  0.067 0.012 0.017 0.010 0.894 
 35  BAFF296    (0)    1 :  0.034 0.014 0.020 0.011 0.921 
 36  BAFF295    (0)    1 :  0.024 0.015 0.029 0.016 0.916 
 37  BAFF298    (0)    1 :  0.021 0.016 0.019 0.010 0.934 
 38  BAFF299    (0)    1 :  0.007 0.019 0.006 0.011 0.957 
 39  BAFF375    (0)   13 :  0.934 0.011 0.018 0.012 0.026 
 40  BAFF376    (0)   13 :  0.906 0.026 0.026 0.024 0.018 
 41  BAFF377    (0)   13 :  0.946 0.010 0.014 0.010 0.020 
 42  BAFF022    (0)    5 :  0.273 0.020 0.375 0.031 0.301 
 43  BAFF021    (0)    5 :  0.177 0.074 0.526 0.028 0.195 
 44  BAFF499    (0)    6 :  0.067 0.852 0.057 0.015 0.009 
 45  BAFF204    (0)    8 :  0.205 0.070 0.678 0.035 0.012 
 46  BAFF068    (0)   12 :  0.012 0.864 0.030 0.011 0.082 
 47  BAFF336    (0)   12 :  0.026 0.732 0.110 0.114 0.019 
 48  BAFF447    (0)    7 :  0.225 0.014 0.711 0.040 0.010 
 49  BAFF457    (0)    7 :  0.322 0.009 0.608 0.026 0.034 
 50  BAFF448    (0)    7 :  0.048 0.012 0.316 0.549 0.075 
 51  BAFF465    (0)    7 :  0.023 0.019 0.053 0.887 0.018 
 52  BAFF194    (0)    8 :  0.831 0.014 0.087 0.035 0.033 
 53  BAFF199    (0)    8 :  0.175 0.046 0.700 0.051 0.028 
 54  BAFF500    (0)    6 :  0.193 0.112 0.150 0.083 0.461 
 55  BAFF206    (0)    8 :  0.192 0.220 0.447 0.068 0.073 
 56  BAFF069    (0)   12 :  0.023 0.929 0.017 0.019 0.012 
 57  BAFF330    (0)   12 :  0.042 0.034 0.046 0.858 0.020 
 58  BAFF239    (0)   10 :  0.013 0.813 0.113 0.022 0.039 
 59  BAFF241    (0)   10 :  0.012 0.909 0.019 0.009 0.051 
 60  BAFF157    (0)   11 :  0.016 0.012 0.012 0.954 0.007 
 61  BAFF161    (0)   11 :  0.009 0.008 0.008 0.969 0.006 
 62  BAFF160    (0)   11 :  0.010 0.008 0.011 0.965 0.006 
 63  BAFF008    (0)   12 :  0.049 0.218 0.205 0.444 0.085 
 64  BAFF013    (0)   12 :  0.106 0.038 0.114 0.722 0.020 
 65  BAFF407    (0)   12 :  0.013 0.946 0.015 0.015 0.012 
 66  BAFF503    (0)    6 :  0.015 0.449 0.020 0.509 0.007 
 67  BAFF449    (0)    7 :  0.093 0.276 0.431 0.173 0.028 
 68  BAFF207    (0)    8 :  0.383 0.527 0.054 0.011 0.025 
 69  BAFF070    (0)   12 :  0.017 0.948 0.015 0.010 0.010 
 70  BAFF335    (0)   12 :  0.013 0.430 0.507 0.036 0.014 
 71  BAFF507    (0)    6 :  0.857 0.009 0.077 0.015 0.043 
 72  BAFF450    (0)    7 :  0.271 0.048 0.217 0.186 0.278 
 73  BAFF209    (7)    8 :  0.537 0.043 0.101 0.272 0.047 
 74  BAFF072    (0)   12 :  0.015 0.264 0.530 0.180 0.011 
 75  BAFF339    (0)   12 :  0.365 0.384 0.216 0.017 0.018 
 76  BAFF508    (0)    6 :  0.018 0.020 0.236 0.630 0.097 
 77  BAFF451    (0)    7 :  0.346 0.023 0.564 0.054 0.013 
 78  BAFF210    (0)    8 :  0.263 0.489 0.066 0.033 0.148 
 79  BAFF139    (0)   12 :  0.380 0.019 0.470 0.063 0.069 
 80  BAFF341    (0)   12 :  0.146 0.048 0.645 0.128 0.033 
 81  BAFF509    (0)    6 :  0.550 0.092 0.111 0.180 0.066 
 82  BAFF453    (0)    7 :  0.744 0.118 0.080 0.047 0.012 
 83  BAFF389    (0)    8 :  0.919 0.009 0.014 0.029 0.029 
 84  BAFF163    (0)   12 :  0.021 0.912 0.006 0.056 0.005 
 85  BAFF344    (7)   12 :  0.067 0.670 0.210 0.042 0.010 
 86  BAFF510    (0)    6 :  0.471 0.075 0.157 0.284 0.013 
 87  BAFF456    (0)    7 :  0.479 0.037 0.450 0.013 0.022 
 88  BAFF390    (0)    8 :  0.971 0.007 0.007 0.008 0.007 
 89  BAFF142    (0)   12 :  0.011 0.166 0.402 0.015 0.406 
 90  BAFF363    (7)   12 :  0.009 0.956 0.011 0.017 0.007 
 91  BAFF517    (0)    6 :  0.727 0.038 0.208 0.018 0.009 
 92  BAFF458    (0)    7 :  0.117 0.089 0.405 0.216 0.173 
 93  BAFF391    (0)    8 :  0.023 0.417 0.318 0.014 0.227 
 94  BAFF149    (0)   12 :  0.044 0.288 0.637 0.015 0.016 
 95  BAFF366    (7)   12 :  0.163 0.168 0.644 0.012 0.012 
 96  BAFF512    (0)    6 :  0.127 0.035 0.310 0.297 0.230 
 97  BAFF460    (0)    7 :  0.035 0.069 0.865 0.015 0.016 
 98  BAFF138    (0)   12 :  0.020 0.421 0.507 0.014 0.039 
 99  BAFF374    (0)   12 :  0.071 0.538 0.014 0.330 0.047 
100  BAFF015    (0)    1 :  0.010 0.015 0.010 0.010 0.955 
101  BAFF380    (0)    2 :  0.043 0.067 0.033 0.839 0.018 
102  BAFF216    (0)    3 :  0.654 0.036 0.097 0.147 0.067 
103  BAFF017    (0)    4 :  0.911 0.018 0.037 0.006 0.028 
104  BAFF245    (0)    4 :  0.234 0.053 0.377 0.074 0.262 
105  BAFF378    (7)   13 :  0.067 0.013 0.436 0.118 0.365 
106  BAFF023    (0)    5 :  0.143 0.035 0.716 0.057 0.049 
107  BAFF079    (0)    6 :  0.664 0.049 0.101 0.145 0.041 
108  BAFF435    (0)    6 :  0.126 0.035 0.751 0.073 0.015 
109  BAFF174    (7)    7 :  0.865 0.039 0.026 0.061 0.009 
110  BAFF226    (0)    7 :  0.202 0.011 0.745 0.020 0.022 
111  BAFF190    (0)    8 :  0.048 0.151 0.199 0.575 0.027 
112  BAFF243    (0)    9 :  0.664 0.011 0.242 0.041 0.042 
113  BAFF177    (0)   10 :  0.692 0.027 0.056 0.196 0.028 
114  BAFF364    (7)   11 :  0.021 0.018 0.090 0.859 0.012 
115  BAFF305    (0)   12 :  0.062 0.427 0.433 0.033 0.044 
116  BAFF513    (0)    6 :  0.144 0.030 0.041 0.652 0.133 
117  BAFF462    (0)    7 :  0.024 0.094 0.047 0.130 0.705 
118  BAFF143    (0)   12 :  0.134 0.351 0.439 0.068 0.009 
119  BAFF403    (0)   12 :  0.009 0.965 0.009 0.009 0.008 
120  BAFF514    (0)    6 :  0.105 0.723 0.041 0.115 0.015 
121  BAFF463    (0)    7 :  0.010 0.006 0.009 0.965 0.009 
122  BAFF137    (0)   12 :  0.055 0.248 0.635 0.046 0.016 
123  BAFF404    (0)   12 :  0.010 0.950 0.012 0.014 0.014 
124  BAFF515    (0)    6 :  0.247 0.091 0.188 0.448 0.026 
125  BAFF144    (0)   12 :  0.018 0.081 0.063 0.822 0.015 
126  BAFF405    (7)   12 :  0.038 0.363 0.275 0.272 0.052 
127  BAFF518    (0)    6 :  0.031 0.652 0.286 0.014 0.017 
128  BAFF467    (0)    7 :  0.346 0.056 0.397 0.154 0.046 
129  BAFF145    (0)   12 :  0.044 0.034 0.412 0.433 0.077 
130  BAFF406    (0)   12 :  0.039 0.568 0.064 0.321 0.009 
131  BAFF519    (0)    6 :  0.711 0.019 0.211 0.043 0.015 
132  BAFF471    (0)    7 :  0.132 0.089 0.448 0.234 0.098 
133  BAFF136    (0)   12 :  0.035 0.916 0.026 0.018 0.006 
134  BAFF520    (7)    6 :  0.389 0.139 0.275 0.125 0.072 
135  BAFF472    (0)    7 :  0.131 0.073 0.176 0.563 0.057 
136  BAFF165    (0)   12 :  0.073 0.243 0.618 0.012 0.055 
137  BAFF408    (0)   12 :  0.023 0.340 0.531 0.050 0.057 
138  BAFF522    (0)    6 :  0.075 0.092 0.036 0.751 0.046 
139  BAFF475    (0)    7 :  0.772 0.048 0.152 0.019 0.010 
140  BAFF140    (0)   12 :  0.214 0.250 0.206 0.304 0.026 
141  BAFF409    (0)   12 :  0.014 0.813 0.014 0.040 0.118 
142  BAFF523    (0)    6 :  0.028 0.010 0.047 0.899 0.017 
143  BAFF476    (0)    7 :  0.578 0.029 0.251 0.130 0.012 
144  BAFF147    (0)   12 :  0.027 0.587 0.343 0.027 0.016 
145  BAFF410    (0)   12 :  0.056 0.869 0.052 0.009 0.015 
146  BAFF477    (0)    7 :  0.105 0.010 0.733 0.020 0.132 
147  BAFF411    (0)   12 :  0.027 0.114 0.105 0.048 0.706 
148  BAFF486    (7)    7 :  0.088 0.008 0.878 0.014 0.012 
149  BAFF412    (7)   12 :  0.043 0.729 0.042 0.074 0.112 
150  BAFF258    (0)    1 :  0.020 0.018 0.037 0.679 0.246 
151  BAFF392    (0)    2 :  0.030 0.008 0.007 0.949 0.006 
152  BAFF217    (0)    3 :  0.793 0.022 0.145 0.023 0.017 
153  BAFF016    (0)    4 :  0.904 0.033 0.045 0.013 0.005 
154  BAFF246    (0)    4 :  0.921 0.019 0.031 0.020 0.009 
155  BAFF381    (0)   13 :  0.052 0.070 0.844 0.022 0.012 
156  BAFF078    (0)    6 :  0.016 0.256 0.375 0.346 0.007 
157  BAFF481    (0)    6 :  0.179 0.084 0.626 0.066 0.045 
158  BAFF436    (0)    7 :  0.318 0.102 0.053 0.408 0.119 
159  BAFF191    (0)    8 :  0.897 0.016 0.034 0.041 0.012 
160  BAFF382    (0)    9 :  0.047 0.119 0.662 0.162 0.010 
161  BAFF178    (0)   10 :  0.691 0.180 0.023 0.093 0.013 
162  BAFF159    (7)   11 :  0.581 0.038 0.325 0.021 0.036 
163  BAFF365    (7)   11 :  0.125 0.041 0.603 0.020 0.211 
164  BAFF007    (0)   12 :  0.125 0.068 0.587 0.116 0.104 
165  BAFF304    (7)   12 :  0.021 0.296 0.636 0.034 0.013 
166  BAFF487    (0)    7 :  0.078 0.040 0.140 0.680 0.063 
167  BAFF415    (0)   12 :  0.032 0.736 0.129 0.031 0.072 
168  BAFF488    (0)    7 :  0.085 0.018 0.074 0.018 0.805 
169  BAFF417    (0)   12 :  0.023 0.661 0.269 0.029 0.019 
170  BAFF489    (0)    7 :  0.034 0.060 0.786 0.110 0.009 
171  BAFF426    (0)   12 :  0.017 0.924 0.023 0.013 0.022 
172  BAFF490    (7)    7 :  0.347 0.015 0.317 0.287 0.034 
173  BAFF491    (0)    7 :  0.040 0.008 0.309 0.590 0.053 
174  BAFF492    (0)    7 :  0.183 0.033 0.730 0.041 0.013 
175  BAFF493    (0)    7 :  0.047 0.035 0.103 0.127 0.689 
176  BAFF506    (0)    7 :  0.094 0.039 0.159 0.264 0.443 
177  BAFF393    (0)    2 :  0.114 0.025 0.543 0.274 0.045 
178  BAFF218    (0)    3 :  0.534 0.032 0.227 0.106 0.101 
179  BAFF254    (0)    4 :  0.013 0.031 0.397 0.508 0.051 
180  BAFF385    (0)   13 :  0.058 0.258 0.274 0.295 0.116 
181  BAFF076    (0)    6 :  0.011 0.011 0.012 0.954 0.013 
182  BAFF482    (0)    6 :  0.058 0.158 0.646 0.126 0.013 
183  BAFF437    (0)    7 :  0.098 0.069 0.759 0.018 0.056 
184  BAFF192    (0)    8 :  0.205 0.030 0.136 0.605 0.024 
185  BAFF383    (0)    9 :  0.010 0.016 0.039 0.014 0.921 
186  BAFF180    (0)   10 :  0.784 0.136 0.026 0.044 0.009 
187  BAFF048    (7)   12 :  0.036 0.019 0.023 0.835 0.088 
188  BAFF306    (0)   12 :  0.108 0.206 0.582 0.091 0.013 
189  BAFF394    (0)    2 :  0.790 0.039 0.091 0.043 0.037 
190  BAFF219    (0)    3 :  0.334 0.024 0.611 0.021 0.011 
191  BAFF388    (0)    4 :  0.095 0.427 0.038 0.129 0.311 
192  BAFF386    (7)   13 :  0.035 0.026 0.056 0.859 0.024 
193  BAFF084    (0)    6 :  0.053 0.014 0.235 0.680 0.018 
194  BAFF483    (0)    6 :  0.351 0.296 0.254 0.054 0.045 
195  BAFF438   (15)    7 :  0.060 0.144 0.638 0.139 0.019 
196  BAFF193    (0)    8 :  0.048 0.023 0.214 0.100 0.615 
197  BAFF183    (0)   10 :  0.353 0.173 0.122 0.065 0.287 
198  BAFF153    (0)   12 :  0.014 0.385 0.575 0.018 0.009 
199  BAFF307    (0)   12 :  0.038 0.069 0.576 0.301 0.017 
200  BAFF397    (0)    2 :  0.073 0.012 0.898 0.008 0.009 
201  BAFF220    (0)    3 :  0.012 0.027 0.023 0.925 0.013 
202  BAFF095    (0)    6 :  0.147 0.088 0.039 0.626 0.100 
203  BAFF494    (0)    6 :  0.056 0.025 0.115 0.797 0.008 
204  BAFF439    (0)    7 :  0.185 0.341 0.445 0.015 0.014 
205  BAFF182    (0)   10 :  0.079 0.309 0.036 0.546 0.030 
206  BAFF054    (0)   12 :  0.007 0.965 0.011 0.010 0.007 
207  BAFF308    (0)   12 :  0.014 0.181 0.760 0.027 0.018 
208  BAFF266    (0)    1 :  0.088 0.057 0.347 0.179 0.329 
209  BAFF398    (7)    2 :  0.010 0.009 0.035 0.789 0.158 
210  BAFF221    (0)    3 :  0.015 0.170 0.033 0.287 0.496 
211  BAFF090    (0)    6 :  0.043 0.596 0.125 0.176 0.059 
212  BAFF495    (0)    6 :  0.958 0.008 0.017 0.008 0.009 
213  BAFF459    (0)    7 :  0.830 0.015 0.119 0.028 0.008 
214  BAFF197    (0)    8 :  0.181 0.192 0.592 0.015 0.021 
215  BAFF188    (0)   10 :  0.034 0.384 0.523 0.030 0.029 
216  BAFF051    (0)   12 :  0.075 0.525 0.271 0.077 0.053 
217  BAFF309    (0)   12 :  0.056 0.019 0.568 0.335 0.022 
218  BAFF269    (0)    1 :  0.314 0.020 0.460 0.027 0.179 
219  BAFF077    (0)    6 :  0.887 0.012 0.082 0.009 0.011 
220  BAFF496    (0)    6 :  0.942 0.009 0.024 0.009 0.016 
221  BAFF443    (0)    7 :  0.063 0.190 0.519 0.085 0.144 
222  BAFF198    (0)    8 :  0.642 0.101 0.087 0.153 0.018 
223  BAFF053    (0)   12 :  0.052 0.279 0.628 0.013 0.028 
224  BAFF310    (0)   12 :  0.028 0.814 0.113 0.028 0.017 
225  BAFF282    (0)    1 :  0.026 0.016 0.021 0.028 0.908 
226  BAFF497    (0)    6 :  0.743 0.015 0.208 0.019 0.015 
227  BAFF466    (0)    7 :  0.076 0.103 0.417 0.381 0.023 
228  BAFF200    (7)    8 :  0.198 0.094 0.186 0.498 0.024 
229  BAFF240    (0)   10 :  0.035 0.012 0.113 0.825 0.015 
230  BAFF055    (0)   12 :  0.011 0.907 0.045 0.016 0.020 
231  BAFF311    (7)   12 :  0.062 0.011 0.027 0.863 0.039 


Estimated Allele Frequencies in each cluster
First column gives estimated ancestral frequencies


Locus 1 : btern01 
9 alleles
0.0% missing data
   1   (0.140) 0.203 0.064 0.150 0.123 0.117 
   2   (0.016) 0.004 0.003 0.006 0.004 0.027 
   3   (0.162) 0.203 0.133 0.220 0.130 0.076 
   4   (0.214) 0.216 0.166 0.219 0.213 0.214 
   5   (0.299) 0.209 0.338 0.333 0.255 0.408 
   6   (0.067) 0.081 0.261 0.035 0.021 0.038 
   7   (0.054) 0.018 0.025 0.017 0.196 0.083 
   8   (0.016) 0.005 0.003 0.006 0.003 0.029 
   9   (0.033) 0.060 0.006 0.013 0.054 0.007 

Locus 2 : bt28 
5 alleles
0.0% missing data
   1   (0.668) 0.675 0.703 0.697 0.634 0.746 
   2   (0.148) 0.172 0.118 0.126 0.102 0.171 
   3   (0.145) 0.093 0.172 0.147 0.255 0.059 
   4   (0.028) 0.058 0.005 0.027 0.007 0.010 
   5   (0.011) 0.002 0.002 0.002 0.002 0.013 

Locus 3 : b96 
8 alleles
0.9% missing data
   1   (0.321) 0.321 0.356 0.386 0.254 0.347 
   2   (0.489) 0.595 0.470 0.482 0.578 0.482 
   3   (0.043) 0.015 0.050 0.041 0.055 0.013 
   4   (0.017) 0.003 0.003 0.006 0.033 0.006 
   5   (0.049) 0.029 0.046 0.033 0.036 0.024 
   6   (0.027) 0.006 0.009 0.007 0.029 0.070 
   7   (0.041) 0.028 0.018 0.042 0.012 0.052 
   8   (0.014) 0.003 0.048 0.003 0.003 0.005 

Locus 4 : bt30 
12 alleles
0.9% missing data
   1   (0.114) 0.056 0.115 0.090 0.136 0.239 
   2   (0.277) 0.304 0.294 0.329 0.256 0.293 
   3   (0.071) 0.108 0.025 0.146 0.056 0.025 
   4   (0.182) 0.199 0.222 0.167 0.230 0.138 
   5   (0.014) 0.009 0.004 0.005 0.007 0.004 
   6   (0.098) 0.161 0.051 0.063 0.133 0.095 
   7   (0.033) 0.014 0.032 0.031 0.009 0.021 
   8   (0.051) 0.017 0.061 0.049 0.031 0.039 
   9   (0.120) 0.114 0.181 0.096 0.133 0.091 
  10   (0.012) 0.002 0.002 0.002 0.002 0.050 
  11   (0.017) 0.008 0.012 0.017 0.005 0.004 
  12   (0.011) 0.009 0.002 0.003 0.002 0.002 

Locus 5 : btms0081 
3 alleles
0.9% missing data
   1   (0.505) 0.473 0.333 0.499 0.647 0.587 
   2   (0.351) 0.358 0.460 0.376 0.297 0.241 
   3   (0.144) 0.169 0.207 0.125 0.056 0.172 

Locus 6 : btms0066 
24 alleles
0.0% missing data
   1   (0.257) 0.195 0.361 0.306 0.273 0.389 
   2   (0.017) 0.005 0.003 0.004 0.004 0.056 
   3   (0.036) 0.011 0.034 0.071 0.023 0.008 
   4   (0.149) 0.342 0.144 0.153 0.150 0.082 
   5   (0.090) 0.106 0.104 0.184 0.038 0.048 
   6   (0.058) 0.069 0.036 0.037 0.134 0.014 
   7   (0.020) 0.004 0.003 0.006 0.036 0.015 
   8   (0.051) 0.076 0.030 0.036 0.020 0.067 
   9   (0.028) 0.006 0.014 0.023 0.104 0.006 
  10   (0.032) 0.011 0.006 0.018 0.022 0.119 
  11   (0.022) 0.006 0.011 0.005 0.007 0.117 
  12   (0.034) 0.097 0.016 0.041 0.007 0.010 
  13   (0.024) 0.005 0.016 0.019 0.025 0.006 
  14   (0.020) 0.004 0.031 0.005 0.030 0.004 
  15   (0.017) 0.016 0.004 0.031 0.003 0.006 
  16   (0.026) 0.007 0.061 0.008 0.054 0.007 
  17   (0.023) 0.004 0.050 0.015 0.010 0.016 
  18   (0.012) 0.002 0.022 0.002 0.002 0.002 
  19   (0.014) 0.003 0.013 0.014 0.003 0.003 
  20   (0.022) 0.023 0.015 0.006 0.013 0.008 
  21   (0.014) 0.003 0.003 0.003 0.026 0.005 
  22   (0.011) 0.002 0.002 0.003 0.010 0.002 
  23   (0.014) 0.002 0.022 0.003 0.003 0.003 
  24   (0.011) 0.003 0.002 0.005 0.003 0.006 

Locus 7 : btms0083 
31 alleles
3.0% missing data
   1   (0.013) 0.002 0.003 0.003 0.004 0.170 
   2   (0.024) 0.005 0.007 0.020 0.009 0.090 
   3   (0.028) 0.011 0.012 0.018 0.086 0.007 
   4   (0.039) 0.016 0.013 0.042 0.043 0.051 
   5   (0.199) 0.186 0.268 0.225 0.262 0.223 
   6   (0.023) 0.011 0.007 0.011 0.025 0.011 
   7   (0.062) 0.048 0.145 0.099 0.027 0.028 
   8   (0.034) 0.014 0.035 0.093 0.009 0.021 
   9   (0.035) 0.050 0.011 0.032 0.031 0.009 
  10   (0.033) 0.038 0.044 0.012 0.035 0.013 
  11   (0.061) 0.109 0.013 0.076 0.139 0.020 
  12   (0.019) 0.010 0.004 0.006 0.005 0.036 
  13   (0.046) 0.094 0.070 0.049 0.018 0.011 
  14   (0.035) 0.058 0.008 0.088 0.016 0.011 
  15   (0.026) 0.053 0.008 0.011 0.013 0.022 
  16   (0.025) 0.008 0.005 0.012 0.070 0.034 
  17   (0.032) 0.139 0.008 0.014 0.009 0.070 
  18   (0.053) 0.027 0.091 0.038 0.041 0.050 
  19   (0.021) 0.004 0.076 0.010 0.005 0.013 
  20   (0.024) 0.008 0.073 0.032 0.007 0.006 
  21   (0.010) 0.002 0.002 0.002 0.002 0.026 
  22   (0.011) 0.002 0.002 0.003 0.002 0.024 
  23   (0.016) 0.008 0.003 0.010 0.004 0.018 
  24   (0.011) 0.002 0.010 0.002 0.002 0.003 
  25   (0.028) 0.007 0.012 0.037 0.064 0.007 
  26   (0.015) 0.048 0.003 0.008 0.005 0.003 
  27   (0.028) 0.026 0.033 0.022 0.019 0.006 
  28   (0.017) 0.006 0.003 0.009 0.035 0.007 
  29   (0.013) 0.003 0.002 0.007 0.010 0.007 
  30   (0.012) 0.002 0.029 0.004 0.002 0.002 
  31   (0.008) 0.004 0.001 0.005 0.002 0.004 

Locus 8 : b126 
16 alleles
0.0% missing data
   1   (0.044) 0.037 0.016 0.025 0.038 0.039 
   2   (0.047) 0.058 0.010 0.048 0.016 0.111 
   3   (0.315) 0.353 0.385 0.389 0.368 0.242 
   4   (0.030) 0.055 0.007 0.023 0.015 0.012 
   5   (0.078) 0.089 0.063 0.073 0.089 0.049 
   6   (0.059) 0.040 0.149 0.122 0.018 0.019 
   7   (0.100) 0.100 0.161 0.087 0.184 0.024 
   8   (0.029) 0.036 0.051 0.013 0.009 0.008 
   9   (0.013) 0.003 0.002 0.003 0.027 0.003 
  10   (0.044) 0.032 0.034 0.014 0.078 0.029 
  11   (0.096) 0.065 0.042 0.096 0.067 0.332 
  12   (0.029) 0.007 0.024 0.029 0.008 0.032 
  13   (0.071) 0.072 0.040 0.048 0.055 0.089 
  14   (0.018) 0.047 0.005 0.008 0.004 0.004 
  15   (0.014) 0.005 0.008 0.015 0.004 0.003 
  16   (0.015) 0.005 0.003 0.007 0.020 0.003 

Locus 9 : btms0062 
34 alleles
0.0% missing data
   1   (0.031) 0.011 0.010 0.012 0.058 0.076 
   2   (0.049) 0.145 0.018 0.029 0.022 0.092 
   3   (0.081) 0.055 0.100 0.153 0.052 0.107 
   4   (0.100) 0.082 0.166 0.102 0.203 0.066 
   5   (0.049) 0.020 0.018 0.126 0.086 0.032 
   6   (0.024) 0.025 0.008 0.028 0.016 0.009 
   7   (0.013) 0.003 0.002 0.015 0.003 0.003 
   8   (0.024) 0.020 0.008 0.057 0.005 0.007 
   9   (0.041) 0.101 0.021 0.029 0.031 0.020 
  10   (0.056) 0.061 0.047 0.050 0.047 0.050 
  11   (0.066) 0.068 0.054 0.055 0.174 0.025 
  12   (0.041) 0.159 0.041 0.020 0.043 0.011 
  13   (0.047) 0.035 0.031 0.038 0.079 0.034 
  14   (0.041) 0.036 0.197 0.036 0.014 0.016 
  15   (0.018) 0.008 0.027 0.049 0.004 0.004 
  16   (0.020) 0.004 0.018 0.012 0.022 0.005 
  17   (0.018) 0.004 0.003 0.005 0.009 0.123 
  18   (0.014) 0.007 0.002 0.004 0.022 0.003 
  19   (0.039) 0.049 0.064 0.025 0.011 0.071 
  20   (0.010) 0.002 0.002 0.002 0.002 0.026 
  21   (0.034) 0.029 0.007 0.025 0.021 0.050 
  22   (0.019) 0.004 0.006 0.013 0.003 0.080 
  23   (0.010) 0.002 0.002 0.003 0.002 0.023 
  24   (0.021) 0.025 0.007 0.024 0.004 0.006 
  25   (0.013) 0.004 0.003 0.007 0.004 0.014 
  26   (0.031) 0.020 0.066 0.018 0.020 0.024 
  27   (0.017) 0.004 0.017 0.022 0.017 0.004 
  28   (0.008) 0.001 0.009 0.009 0.002 0.002 
  29   (0.012) 0.004 0.002 0.006 0.009 0.007 
  30   (0.012) 0.002 0.020 0.002 0.003 0.002 
  31   (0.010) 0.002 0.002 0.015 0.002 0.002 
  32   (0.009) 0.003 0.002 0.003 0.007 0.002 
  33   (0.009) 0.004 0.002 0.005 0.002 0.004 
  34   (0.012) 0.002 0.019 0.004 0.002 0.003 

Locus 10 : btern02 
25 alleles
4.8% missing data
   1   (0.102) 0.169 0.104 0.073 0.121 0.120 
   2   (0.011) 0.002 0.002 0.002 0.002 0.014 
   3   (0.078) 0.123 0.038 0.133 0.087 0.030 
   4   (0.056) 0.072 0.077 0.035 0.088 0.021 
   5   (0.026) 0.010 0.007 0.028 0.032 0.016 
   6   (0.051) 0.026 0.030 0.068 0.080 0.037 
   7   (0.028) 0.017 0.104 0.023 0.010 0.006 
   8   (0.037) 0.021 0.012 0.036 0.019 0.084 
   9   (0.072) 0.026 0.098 0.098 0.085 0.090 
  10   (0.033) 0.065 0.007 0.068 0.012 0.009 
  11   (0.054) 0.079 0.071 0.090 0.018 0.024 
  12   (0.037) 0.042 0.008 0.020 0.021 0.110 
  13   (0.049) 0.052 0.042 0.029 0.046 0.049 
  14   (0.050) 0.048 0.103 0.019 0.026 0.135 
  15   (0.012) 0.002 0.002 0.002 0.058 0.002 
  16   (0.045) 0.040 0.040 0.050 0.014 0.057 
  17   (0.026) 0.013 0.034 0.017 0.046 0.008 
  18   (0.040) 0.090 0.124 0.025 0.012 0.013 
  19   (0.038) 0.020 0.024 0.062 0.073 0.009 
  20   (0.043) 0.028 0.011 0.040 0.050 0.060 
  21   (0.023) 0.006 0.009 0.023 0.006 0.048 
  22   (0.014) 0.003 0.006 0.005 0.003 0.018 
  23   (0.032) 0.032 0.007 0.025 0.027 0.029 
  24   (0.029) 0.007 0.035 0.022 0.055 0.008 
  25   (0.015) 0.008 0.006 0.005 0.009 0.004 

Locus 11 : btms0086 
3 alleles
0.0% missing data
   1   (0.830) 0.832 0.918 0.862 0.844 0.782 
   2   (0.147) 0.164 0.069 0.118 0.151 0.193 
   3   (0.023) 0.004 0.013 0.020 0.004 0.025 

Locus 12 : bl13 
3 alleles
0.0% missing data
   1   (0.074) 0.030 0.231 0.032 0.028 0.183 
   2   (0.828) 0.869 0.702 0.872 0.810 0.795 
   3   (0.099) 0.101 0.067 0.096 0.162 0.022 

Locus 13 : btms0059 
9 alleles
0.0% missing data
   1   (0.342) 0.273 0.362 0.405 0.373 0.373 
   2   (0.110) 0.255 0.024 0.097 0.099 0.131 
   3   (0.062) 0.037 0.096 0.043 0.021 0.101 
   4   (0.059) 0.041 0.029 0.043 0.052 0.044 
   5   (0.077) 0.061 0.046 0.125 0.048 0.038 
   6   (0.302) 0.290 0.432 0.254 0.385 0.296 
   7   (0.016) 0.032 0.003 0.007 0.004 0.004 
   8   (0.023) 0.007 0.005 0.024 0.015 0.008 
   9   (0.011) 0.005 0.003 0.003 0.002 0.005 

Values of parameters used in structure:
DATAFILE=/Users/johnmola/Desktop/rpbbfeb27/rpbbstructure/project_data,	OUTFILE=/Users/johnmola/Desktop/rpbbfeb27/rpbbstructure/rpbb20k100k/Results/rpbb20k100k_run_47,	NUMINDS=231,	NUMLOCI=13,	MISSING=-9,	LABEL=1,	POPDATA=1,	POPFLAG=0,	PHENOTYPE=0,	EXTRACOLS=0,	MAXPOPS=5,	BURNIN=20000,	NUMREPS=100000,	USEPOPINFO=0,	INFERALPHA=1,	INFERLAMBDA=0,	POPSPECIFICLAMBDA=0,	POPALPHAS=0,	COMPUTEPROB=1,	NOADMIX=0,	ADMBURNIN=2500,	UPDATEFREQ=1,	PRINTLIKES=0,	INTERMEDSAVE=0,	PRINTKLD=0,	PRINTNET=0,	PRINTLAMBDA=0,	ANCESTDIST=0,	NUMBOXES=1000,	ANCESTPINT=0.90000,	GENSBACK=2,	MIGRPRIOR=0.05000,	PRINTQHAT=0,	PRINTQSUM=0,	ALPHA=1.0000,	FREQSCORR=1,	FPRIORMEAN=0.0100,	FPRIORSD=0.0500,	ONEFST=0,	LAMBDA=1.0000,	UNIFPRIORALPHA=1,	ALPHAMAX=10.0000,	ALPHAPRIORA=1.0000,	ALPHAPRIORB=2.0000,	ALPHAPROPSD=0.0250,	STARTATPOPINFO=0,	RANDOMIZE=1,	LINKAGE=0,	METROFREQ=10,	REPORTHITRATE=0,	MARKOVPHASE=-1,	PHASED=0,	PLOIDY=2,	PHASEINFO=0	LOCPRIOR=0, 	LOCPRIORINIT=1.000000, 	LOCDATA=0, 	LOCISPOP=0, 	LOCPRIORSTEP=0.100000, 	MAXLOCPRIOR=20.000000, 	SEED=1677519790,	
[STRAT parameters]:    NUMSIMSTATS=1000,	PHENOTYPECOL=-9,	POOLFREQ=10,	LOCUSxONLY=0,	EMERROR=0.00100,	MISSINGPHENO=-9,	