

----------------------------------------------------
STRUCTURE by Pritchard, Stephens and Donnelly (2000)
     and Falush, Stephens and Pritchard (2003)
       Code by Pritchard, Falush and Hubisz
             Version 2.3.4 (Jul 2012)
----------------------------------------------------



Command line arguments:   bin/structure -m "/Users/johnmola/Desktop/rpbbfeb27/rpbbstructure/rpbb20k100k/mainparams" -e "/Users/johnmola/Desktop/rpbbfeb27/rpbbstructure/rpbb20k100k/extraparams" 
Input File:    /Users/johnmola/Desktop/rpbbfeb27/rpbbstructure/project_data

Run parameters:
   231 individuals
   13 loci
   6 populations assumed
   20000 Burn-in period
   100000 Reps


--------------------------------------------
Proportion of membership of each pre-defined
 population in each of the 6 clusters

Given    Inferred Clusters                            Number of
 Pop       1      2      3      4      5      6      Individuals

  1:     0.038  0.814  0.060  0.016  0.036  0.036       21
  2:     0.327  0.024  0.234  0.025  0.261  0.129        7
  3:     0.263  0.102  0.171  0.057  0.119  0.288        7
  4:     0.095  0.067  0.226  0.065  0.210  0.336        8
  5:     0.121  0.116  0.382  0.034  0.098  0.249        4
  6:     0.291  0.047  0.126  0.120  0.174  0.242       35
  7:     0.223  0.089  0.259  0.049  0.185  0.195       40
  8:     0.221  0.066  0.172  0.102  0.134  0.304       19
  9:     0.060  0.265  0.204  0.047  0.090  0.333        4
 10:     0.251  0.041  0.121  0.297  0.142  0.148       11
 11:     0.024  0.144  0.115  0.109  0.537  0.071        8
 12:     0.112  0.054  0.268  0.390  0.124  0.053       60
 13:     0.177  0.065  0.179  0.040  0.116  0.423        7
--------------------------------------------

Allele-freq. divergence among pops (Net nucleotide distance),
computed using point estimates of P.

      1       2       3       4       5       6      
 1      -    0.0279  0.0201  0.0288  0.0207  0.0231  
 2   0.0279     -    0.0232  0.0336  0.0285  0.0327  
 3   0.0201  0.0232     -    0.0196  0.0116  0.0175  
 4   0.0288  0.0336  0.0196     -    0.0243  0.0297  
 5   0.0207  0.0285  0.0116  0.0243     -    0.0186  
 6   0.0231  0.0327  0.0175  0.0297  0.0186     -    

Average distances (expected heterozygosity) between individuals in same cluster:
cluster  1  : 0.6913 
cluster  2  : 0.6873 
cluster  3  : 0.6867 
cluster  4  : 0.6822 
cluster  5  : 0.6731 
cluster  6  : 0.6792 

--------------------------------------------
Estimated Ln Prob of Data   = -10469.8
Mean value of ln likelihood = -9549.1
Variance of ln likelihood   = 1841.4
Mean value of alpha         = 0.0582

Mean value of Fst_1         = 0.0599
Mean value of Fst_2         = 0.0722
Mean value of Fst_3         = 0.0415
Mean value of Fst_4         = 0.0779
Mean value of Fst_5         = 0.0769
Mean value of Fst_6         = 0.0688


Inferred ancestry of individuals:
        Label (%Miss) Pop:  Inferred clusters
  1  BAFF014    (0)    1 :  0.013 0.935 0.015 0.007 0.011 0.019 
  2  BAFF379    (0)    2 :  0.072 0.018 0.496 0.027 0.274 0.113 
  3  BAFF212    (0)    3 :  0.488 0.030 0.158 0.075 0.172 0.077 
  4  BAFF018    (0)    4 :  0.041 0.011 0.394 0.047 0.485 0.021 
  5  BAFF247    (0)    4 :  0.048 0.009 0.751 0.018 0.151 0.023 
  6  BAFF024    (0)    5 :  0.235 0.022 0.034 0.046 0.067 0.596 
  7  BAFF088    (0)    6 :  0.792 0.012 0.064 0.044 0.061 0.026 
  8  BAFF429    (0)    6 :  0.244 0.022 0.152 0.027 0.083 0.472 
  9  BAFF087    (7)    7 :  0.958 0.009 0.011 0.007 0.008 0.007 
 10  BAFF225    (0)    7 :  0.420 0.048 0.117 0.019 0.054 0.342 
 11  BAFF195    (0)    8 :  0.103 0.043 0.128 0.038 0.576 0.112 
 12  BAFF238    (0)    9 :  0.047 0.127 0.101 0.032 0.041 0.651 
 13  BAFF019    (0)   10 :  0.078 0.031 0.024 0.814 0.036 0.017 
 14  BAFF175    (0)   10 :  0.204 0.015 0.328 0.133 0.057 0.264 
 15  BAFF156    (0)   11 :  0.007 0.005 0.009 0.183 0.790 0.006 
 16  BAFF301    (0)   11 :  0.021 0.871 0.021 0.022 0.020 0.045 
 17  BAFF141    (0)   12 :  0.012 0.316 0.608 0.011 0.045 0.008 
 18  BAFF302    (0)   12 :  0.035 0.033 0.264 0.083 0.187 0.397 
 19  BAFF290    (0)    1 :  0.018 0.877 0.050 0.014 0.013 0.027 
 20  BAFF498    (0)    6 :  0.096 0.273 0.101 0.077 0.267 0.186 
 21  BAFF455    (0)    7 :  0.708 0.027 0.064 0.042 0.032 0.128 
 22  BAFF203    (7)    8 :  0.867 0.011 0.047 0.015 0.027 0.033 
 23  BAFF056    (0)   12 :  0.014 0.029 0.084 0.789 0.051 0.032 
 24  BAFF327    (0)   12 :  0.041 0.089 0.332 0.437 0.079 0.022 
 25  BAFF255    (0)    1 :  0.009 0.947 0.015 0.007 0.009 0.012 
 26  BAFF256    (0)    1 :  0.011 0.954 0.008 0.012 0.007 0.009 
 27  BAFF257    (0)    1 :  0.008 0.966 0.007 0.006 0.006 0.008 
 28  BAFF260    (0)    1 :  0.017 0.947 0.008 0.008 0.006 0.013 
 29  BAFF259    (0)    1 :  0.009 0.945 0.009 0.018 0.010 0.009 
 30  BAFF261    (0)    1 :  0.010 0.951 0.012 0.009 0.009 0.009 
 31  BAFF274    (0)    1 :  0.029 0.872 0.035 0.016 0.025 0.024 
 32  BAFF262    (0)    1 :  0.032 0.920 0.017 0.010 0.011 0.009 
 33  BAFF294    (0)    1 :  0.032 0.933 0.010 0.008 0.008 0.009 
 34  BAFF292    (0)    1 :  0.010 0.792 0.032 0.013 0.017 0.137 
 35  BAFF296    (0)    1 :  0.009 0.829 0.044 0.015 0.019 0.085 
 36  BAFF295    (0)    1 :  0.021 0.876 0.044 0.015 0.011 0.033 
 37  BAFF298    (0)    1 :  0.013 0.911 0.020 0.016 0.018 0.021 
 38  BAFF299    (0)    1 :  0.014 0.939 0.007 0.023 0.009 0.008 
 39  BAFF375    (0)   13 :  0.013 0.021 0.015 0.011 0.011 0.929 
 40  BAFF376    (0)   13 :  0.069 0.021 0.026 0.033 0.017 0.834 
 41  BAFF377    (0)   13 :  0.009 0.021 0.013 0.009 0.010 0.939 
 42  BAFF022    (0)    5 :  0.036 0.244 0.463 0.017 0.088 0.153 
 43  BAFF021    (0)    5 :  0.073 0.149 0.623 0.038 0.044 0.072 
 44  BAFF499    (0)    6 :  0.015 0.010 0.049 0.837 0.034 0.055 
 45  BAFF204    (0)    8 :  0.034 0.011 0.476 0.052 0.225 0.202 
 46  BAFF068    (0)   12 :  0.011 0.091 0.054 0.808 0.022 0.015 
 47  BAFF336    (0)   12 :  0.043 0.016 0.058 0.602 0.261 0.020 
 48  BAFF447    (0)    7 :  0.034 0.010 0.472 0.015 0.266 0.203 
 49  BAFF457    (0)    7 :  0.013 0.032 0.427 0.011 0.249 0.268 
 50  BAFF448    (0)    7 :  0.533 0.091 0.181 0.011 0.125 0.059 
 51  BAFF465    (0)    7 :  0.902 0.017 0.028 0.013 0.023 0.018 
 52  BAFF194    (0)    8 :  0.081 0.046 0.068 0.015 0.198 0.593 
 53  BAFF199    (0)    8 :  0.022 0.023 0.317 0.034 0.466 0.137 
 54  BAFF500    (0)    6 :  0.162 0.341 0.114 0.104 0.080 0.200 
 55  BAFF206    (0)    8 :  0.184 0.059 0.512 0.081 0.025 0.139 
 56  BAFF069    (0)   12 :  0.022 0.012 0.021 0.902 0.021 0.022 
 57  BAFF330    (0)   12 :  0.714 0.019 0.055 0.031 0.156 0.025 
 58  BAFF239    (0)   10 :  0.021 0.051 0.083 0.703 0.124 0.018 
 59  BAFF241    (0)   10 :  0.012 0.067 0.015 0.775 0.112 0.019 
 60  BAFF157    (0)   11 :  0.009 0.006 0.009 0.178 0.786 0.012 
 61  BAFF161    (0)   11 :  0.008 0.005 0.007 0.180 0.791 0.008 
 62  BAFF160    (0)   11 :  0.012 0.006 0.010 0.178 0.785 0.010 
 63  BAFF008    (0)   12 :  0.662 0.049 0.092 0.126 0.037 0.034 
 64  BAFF013    (0)   12 :  0.829 0.013 0.078 0.022 0.031 0.028 
 65  BAFF407    (0)   12 :  0.019 0.014 0.033 0.899 0.021 0.015 
 66  BAFF503    (0)    6 :  0.265 0.008 0.032 0.543 0.129 0.023 
 67  BAFF449    (0)    7 :  0.587 0.017 0.312 0.051 0.017 0.017 
 68  BAFF207    (0)    8 :  0.074 0.020 0.047 0.498 0.013 0.347 
 69  BAFF070    (0)   12 :  0.016 0.012 0.024 0.921 0.012 0.014 
 70  BAFF335    (0)   12 :  0.029 0.017 0.611 0.277 0.054 0.013 
 71  BAFF507    (0)    6 :  0.019 0.062 0.046 0.010 0.130 0.733 
 72  BAFF450    (0)    7 :  0.039 0.186 0.123 0.047 0.292 0.313 
 73  BAFF209    (7)    8 :  0.215 0.041 0.158 0.042 0.053 0.491 
 74  BAFF072    (0)   12 :  0.034 0.012 0.361 0.222 0.358 0.013 
 75  BAFF339    (0)   12 :  0.018 0.018 0.148 0.374 0.074 0.370 
 76  BAFF508    (0)    6 :  0.026 0.061 0.107 0.042 0.735 0.029 
 77  BAFF451    (0)    7 :  0.082 0.013 0.567 0.029 0.147 0.161 
 78  BAFF210    (0)    8 :  0.166 0.111 0.057 0.379 0.040 0.246 
 79  BAFF139    (0)   12 :  0.037 0.062 0.507 0.018 0.123 0.252 
 80  BAFF341    (0)   12 :  0.076 0.027 0.337 0.040 0.331 0.189 
 81  BAFF509    (0)    6 :  0.741 0.046 0.098 0.038 0.014 0.063 
 82  BAFF453    (0)    7 :  0.076 0.011 0.056 0.122 0.030 0.705 
 83  BAFF389    (0)    8 :  0.022 0.045 0.014 0.010 0.070 0.838 
 84  BAFF163    (0)   12 :  0.024 0.005 0.010 0.921 0.012 0.028 
 85  BAFF344    (7)   12 :  0.035 0.011 0.264 0.567 0.065 0.059 
 86  BAFF510    (0)    6 :  0.312 0.014 0.121 0.056 0.226 0.271 
 87  BAFF456    (0)    7 :  0.015 0.021 0.399 0.038 0.150 0.377 
 88  BAFF390    (0)    8 :  0.008 0.007 0.007 0.007 0.009 0.961 
 89  BAFF142    (0)   12 :  0.015 0.446 0.330 0.121 0.073 0.015 
 90  BAFF363    (7)   12 :  0.013 0.008 0.015 0.931 0.024 0.009 
 91  BAFF517    (0)    6 :  0.027 0.009 0.203 0.042 0.173 0.546 
 92  BAFF458    (0)    7 :  0.278 0.088 0.205 0.063 0.268 0.098 
 93  BAFF391    (0)    8 :  0.037 0.220 0.283 0.375 0.060 0.025 
 94  BAFF149    (0)   12 :  0.013 0.015 0.605 0.204 0.103 0.061 
 95  BAFF366    (7)   12 :  0.008 0.011 0.731 0.097 0.061 0.092 
 96  BAFF512    (0)    6 :  0.172 0.221 0.186 0.038 0.212 0.171 
 97  BAFF460    (0)    7 :  0.012 0.015 0.760 0.040 0.132 0.040 
 98  BAFF138    (0)   12 :  0.011 0.049 0.593 0.272 0.056 0.020 
 99  BAFF374    (0)   12 :  0.602 0.038 0.021 0.279 0.035 0.025 
100  BAFF015    (0)    1 :  0.013 0.942 0.013 0.013 0.010 0.010 
101  BAFF380    (0)    2 :  0.313 0.016 0.043 0.060 0.538 0.031 
102  BAFF216    (0)    3 :  0.242 0.068 0.099 0.043 0.105 0.442 
103  BAFF017    (0)    4 :  0.012 0.025 0.014 0.022 0.025 0.902 
104  BAFF245    (0)    4 :  0.147 0.207 0.365 0.042 0.055 0.184 
105  BAFF378    (7)   13 :  0.040 0.294 0.301 0.015 0.244 0.105 
106  BAFF023    (0)    5 :  0.140 0.048 0.410 0.037 0.191 0.175 
107  BAFF079    (0)    6 :  0.223 0.042 0.182 0.048 0.064 0.441 
108  BAFF435    (0)    6 :  0.064 0.013 0.421 0.034 0.324 0.143 
109  BAFF174    (7)    7 :  0.073 0.009 0.027 0.040 0.032 0.820 
110  BAFF226    (0)    7 :  0.014 0.019 0.531 0.010 0.231 0.195 
111  BAFF190    (0)    8 :  0.661 0.020 0.086 0.095 0.117 0.022 
112  BAFF243    (0)    9 :  0.029 0.053 0.228 0.010 0.100 0.580 
113  BAFF177    (0)   10 :  0.676 0.034 0.054 0.013 0.029 0.195 
114  BAFF364    (7)   11 :  0.091 0.015 0.057 0.060 0.748 0.029 
115  BAFF305    (0)   12 :  0.024 0.039 0.523 0.282 0.090 0.042 
116  BAFF513    (0)    6 :  0.728 0.068 0.035 0.021 0.065 0.084 
117  BAFF462    (0)    7 :  0.181 0.567 0.037 0.079 0.107 0.030 
118  BAFF143    (0)   12 :  0.057 0.009 0.479 0.239 0.114 0.101 
119  BAFF403    (0)   12 :  0.010 0.008 0.010 0.950 0.011 0.010 
120  BAFF514    (0)    6 :  0.570 0.010 0.028 0.320 0.031 0.041 
121  BAFF463    (0)    7 :  0.964 0.007 0.007 0.006 0.008 0.008 
122  BAFF137    (0)   12 :  0.299 0.014 0.602 0.051 0.020 0.014 
123  BAFF404    (0)   12 :  0.010 0.016 0.013 0.927 0.022 0.011 
124  BAFF515    (0)    6 :  0.528 0.029 0.119 0.047 0.136 0.141 
125  BAFF144    (0)   12 :  0.239 0.016 0.090 0.126 0.494 0.035 
126  BAFF405    (7)   12 :  0.090 0.059 0.273 0.152 0.400 0.026 
127  BAFF518    (0)    6 :  0.015 0.017 0.290 0.590 0.051 0.036 
128  BAFF467    (0)    7 :  0.225 0.034 0.246 0.046 0.181 0.269 
129  BAFF145    (0)   12 :  0.036 0.067 0.339 0.032 0.493 0.034 
130  BAFF406    (0)   12 :  0.053 0.008 0.038 0.438 0.432 0.031 
131  BAFF519    (0)    6 :  0.087 0.015 0.141 0.018 0.066 0.674 
132  BAFF471    (0)    7 :  0.249 0.102 0.336 0.056 0.139 0.119 
133  BAFF136    (0)   12 :  0.044 0.006 0.074 0.821 0.014 0.040 
134  BAFF520    (7)    6 :  0.153 0.055 0.189 0.120 0.184 0.299 
135  BAFF472    (0)    7 :  0.260 0.051 0.127 0.050 0.358 0.153 
136  BAFF165    (0)   12 :  0.021 0.068 0.671 0.142 0.053 0.046 
137  BAFF408    (0)   12 :  0.023 0.051 0.546 0.230 0.128 0.022 
138  BAFF522    (0)    6 :  0.812 0.027 0.034 0.051 0.046 0.030 
139  BAFF475    (0)    7 :  0.065 0.011 0.164 0.057 0.118 0.585 
140  BAFF140    (0)   12 :  0.291 0.027 0.260 0.168 0.139 0.114 
141  BAFF409    (0)   12 :  0.059 0.124 0.017 0.769 0.015 0.017 
142  BAFF523    (0)    6 :  0.640 0.020 0.038 0.011 0.256 0.035 
143  BAFF476    (0)    7 :  0.018 0.011 0.088 0.031 0.385 0.467 
144  BAFF147    (0)   12 :  0.082 0.015 0.433 0.420 0.025 0.025 
145  BAFF410    (0)   12 :  0.011 0.018 0.096 0.781 0.025 0.069 
146  BAFF477    (0)    7 :  0.018 0.107 0.596 0.009 0.166 0.103 
147  BAFF411    (0)   12 :  0.018 0.642 0.093 0.120 0.089 0.038 
148  BAFF486    (7)    7 :  0.009 0.011 0.502 0.008 0.303 0.168 
149  BAFF412    (7)   12 :  0.151 0.085 0.054 0.643 0.036 0.033 
150  BAFF258    (0)    1 :  0.418 0.341 0.056 0.025 0.133 0.027 
151  BAFF392    (0)    2 :  0.872 0.006 0.008 0.007 0.087 0.019 
152  BAFF217    (0)    3 :  0.014 0.015 0.112 0.023 0.073 0.761 
153  BAFF016    (0)    4 :  0.016 0.006 0.035 0.049 0.201 0.692 
154  BAFF246    (0)    4 :  0.065 0.011 0.029 0.025 0.048 0.822 
155  BAFF381    (0)   13 :  0.026 0.012 0.733 0.049 0.119 0.061 
156  BAFF078    (0)    6 :  0.037 0.008 0.226 0.252 0.462 0.015 
157  BAFF481    (0)    6 :  0.109 0.044 0.381 0.084 0.169 0.211 
158  BAFF436    (0)    7 :  0.485 0.105 0.065 0.089 0.077 0.179 
159  BAFF191    (0)    8 :  0.136 0.014 0.056 0.019 0.025 0.749 
160  BAFF382    (0)    9 :  0.141 0.010 0.424 0.130 0.203 0.091 
161  BAFF178    (0)   10 :  0.660 0.012 0.022 0.062 0.013 0.230 
162  BAFF159    (7)   11 :  0.025 0.022 0.249 0.042 0.286 0.375 
163  BAFF365    (7)   11 :  0.020 0.224 0.557 0.028 0.087 0.085 
164  BAFF007    (0)   12 :  0.054 0.100 0.312 0.047 0.384 0.103 
165  BAFF304    (7)   12 :  0.014 0.015 0.486 0.277 0.190 0.017 
166  BAFF487    (0)    7 :  0.321 0.042 0.059 0.041 0.400 0.137 
167  BAFF415    (0)   12 :  0.041 0.077 0.190 0.633 0.031 0.027 
168  BAFF488    (0)    7 :  0.020 0.712 0.098 0.016 0.057 0.096 
169  BAFF417    (0)   12 :  0.041 0.019 0.286 0.566 0.066 0.022 
170  BAFF489    (0)    7 :  0.066 0.010 0.552 0.046 0.293 0.033 
171  BAFF426    (0)   12 :  0.035 0.032 0.037 0.865 0.015 0.016 
172  BAFF490    (7)    7 :  0.094 0.027 0.131 0.014 0.582 0.152 
173  BAFF491    (0)    7 :  0.369 0.056 0.233 0.011 0.236 0.094 
174  BAFF492    (0)    7 :  0.055 0.011 0.397 0.027 0.286 0.223 
175  BAFF493    (0)    7 :  0.169 0.622 0.068 0.038 0.056 0.048 
176  BAFF506    (0)    7 :  0.265 0.245 0.111 0.023 0.279 0.078 
177  BAFF393    (0)    2 :  0.022 0.032 0.256 0.020 0.599 0.070 
178  BAFF218    (0)    3 :  0.097 0.069 0.161 0.026 0.114 0.533 
179  BAFF254    (0)    4 :  0.028 0.045 0.184 0.037 0.692 0.015 
180  BAFF385    (0)   13 :  0.356 0.059 0.103 0.139 0.286 0.058 
181  BAFF076    (0)    6 :  0.937 0.012 0.015 0.013 0.014 0.010 
182  BAFF482    (0)    6 :  0.157 0.012 0.423 0.121 0.226 0.061 
183  BAFF437    (0)    7 :  0.033 0.034 0.782 0.023 0.093 0.035 
184  BAFF192    (0)    8 :  0.470 0.020 0.134 0.027 0.228 0.121 
185  BAFF383    (0)    9 :  0.023 0.870 0.063 0.017 0.016 0.011 
186  BAFF180    (0)   10 :  0.330 0.010 0.020 0.119 0.023 0.499 
187  BAFF048    (7)   12 :  0.164 0.077 0.037 0.040 0.648 0.034 
188  BAFF306    (0)   12 :  0.092 0.014 0.545 0.148 0.098 0.104 
189  BAFF394    (0)    2 :  0.065 0.059 0.120 0.037 0.117 0.601 
190  BAFF219    (0)    3 :  0.033 0.010 0.617 0.020 0.138 0.181 
191  BAFF388    (0)    4 :  0.408 0.224 0.035 0.276 0.026 0.031 
192  BAFF386    (7)   13 :  0.729 0.024 0.061 0.026 0.126 0.035 
193  BAFF084    (0)    6 :  0.013 0.012 0.039 0.033 0.877 0.026 
194  BAFF483    (0)    6 :  0.481 0.040 0.199 0.111 0.032 0.138 
195  BAFF438   (15)    7 :  0.100 0.022 0.396 0.135 0.295 0.052 
196  BAFF193    (0)    8 :  0.142 0.520 0.117 0.020 0.125 0.076 
197  BAFF183    (0)   10 :  0.047 0.151 0.108 0.121 0.301 0.271 
198  BAFF153    (0)   12 :  0.020 0.011 0.639 0.246 0.073 0.011 
199  BAFF307    (0)   12 :  0.042 0.015 0.409 0.057 0.429 0.047 
200  BAFF397    (0)    2 :  0.006 0.010 0.704 0.014 0.204 0.062 
201  BAFF220    (0)    3 :  0.877 0.011 0.017 0.016 0.070 0.008 
202  BAFF095    (0)    6 :  0.886 0.047 0.017 0.016 0.014 0.020 
203  BAFF494    (0)    6 :  0.762 0.007 0.056 0.024 0.087 0.064 
204  BAFF439    (0)    7 :  0.022 0.014 0.363 0.344 0.069 0.188 
205  BAFF182    (0)   10 :  0.583 0.028 0.041 0.217 0.083 0.047 
206  BAFF054    (0)   12 :  0.011 0.007 0.033 0.932 0.010 0.008 
207  BAFF308    (0)   12 :  0.024 0.020 0.756 0.089 0.098 0.013 
208  BAFF266    (0)    1 :  0.033 0.228 0.244 0.065 0.355 0.074 
209  BAFF398    (7)    2 :  0.940 0.024 0.010 0.006 0.011 0.008 
210  BAFF221    (0)    3 :  0.089 0.513 0.034 0.192 0.158 0.013 
211  BAFF090    (0)    6 :  0.071 0.030 0.052 0.396 0.410 0.042 
212  BAFF495    (0)    6 :  0.010 0.009 0.018 0.010 0.013 0.939 
213  BAFF459    (0)    7 :  0.019 0.010 0.135 0.019 0.157 0.660 
214  BAFF197    (0)    8 :  0.020 0.016 0.629 0.127 0.077 0.131 
215  BAFF188    (0)   10 :  0.025 0.033 0.555 0.267 0.088 0.033 
216  BAFF051    (0)   12 :  0.105 0.039 0.226 0.430 0.126 0.074 
217  BAFF309    (0)   12 :  0.244 0.019 0.352 0.021 0.246 0.117 
218  BAFF269    (0)    1 :  0.036 0.141 0.573 0.019 0.044 0.188 
219  BAFF077    (0)    6 :  0.007 0.013 0.018 0.012 0.269 0.681 
220  BAFF496    (0)    6 :  0.011 0.014 0.025 0.010 0.015 0.925 
221  BAFF443    (0)    7 :  0.089 0.122 0.377 0.156 0.179 0.078 
222  BAFF198    (0)    8 :  0.278 0.014 0.060 0.067 0.094 0.487 
223  BAFF053    (0)   12 :  0.012 0.028 0.692 0.166 0.051 0.051 
224  BAFF310    (0)   12 :  0.015 0.010 0.099 0.800 0.039 0.035 
225  BAFF282    (0)    1 :  0.044 0.850 0.040 0.017 0.021 0.028 
226  BAFF497    (0)    6 :  0.019 0.013 0.181 0.018 0.132 0.637 
227  BAFF466    (0)    7 :  0.093 0.020 0.193 0.079 0.512 0.102 
228  BAFF200    (7)    8 :  0.680 0.016 0.069 0.044 0.121 0.070 
229  BAFF240    (0)   10 :  0.125 0.015 0.086 0.040 0.695 0.040 
230  BAFF055    (0)   12 :  0.028 0.022 0.111 0.814 0.014 0.012 
231  BAFF311    (7)   12 :  0.899 0.028 0.028 0.008 0.016 0.022 


Estimated Allele Frequencies in each cluster
First column gives estimated ancestral frequencies


Locus 1 : btern01 
9 alleles
0.0% missing data
   1   (0.140) 0.141 0.118 0.152 0.050 0.157 0.188 
   2   (0.017) 0.004 0.027 0.006 0.004 0.006 0.005 
   3   (0.163) 0.130 0.075 0.225 0.125 0.157 0.214 
   4   (0.216) 0.204 0.210 0.198 0.166 0.227 0.239 
   5   (0.288) 0.187 0.417 0.336 0.343 0.367 0.179 
   6   (0.071) 0.049 0.036 0.041 0.282 0.028 0.084 
   7   (0.053) 0.227 0.082 0.019 0.021 0.033 0.015 
   8   (0.016) 0.003 0.029 0.008 0.003 0.003 0.006 
   9   (0.036) 0.054 0.007 0.015 0.007 0.022 0.070 

Locus 2 : bt28 
5 alleles
0.0% missing data
   1   (0.663) 0.593 0.763 0.705 0.712 0.666 0.701 
   2   (0.151) 0.178 0.164 0.135 0.103 0.079 0.154 
   3   (0.147) 0.222 0.051 0.132 0.179 0.218 0.089 
   4   (0.027) 0.005 0.008 0.025 0.005 0.035 0.055 
   5   (0.012) 0.002 0.013 0.003 0.002 0.002 0.002 

Locus 3 : b96 
8 alleles
0.9% missing data
   1   (0.331) 0.347 0.351 0.425 0.332 0.239 0.289 
   2   (0.476) 0.525 0.469 0.423 0.496 0.594 0.636 
   3   (0.046) 0.034 0.013 0.038 0.045 0.078 0.015 
   4   (0.016) 0.003 0.004 0.005 0.009 0.043 0.003 
   5   (0.049) 0.044 0.025 0.040 0.042 0.019 0.024 
   6   (0.027) 0.033 0.076 0.009 0.007 0.006 0.005 
   7   (0.040) 0.010 0.057 0.054 0.014 0.018 0.026 
   8   (0.015) 0.005 0.004 0.004 0.055 0.003 0.003 

Locus 4 : bt30 
12 alleles
0.9% missing data
   1   (0.112) 0.170 0.251 0.079 0.107 0.081 0.049 
   2   (0.282) 0.281 0.289 0.321 0.279 0.290 0.313 
   3   (0.073) 0.036 0.022 0.122 0.027 0.114 0.127 
   4   (0.185) 0.219 0.128 0.180 0.229 0.209 0.189 
   5   (0.014) 0.016 0.003 0.005 0.003 0.004 0.003 
   6   (0.099) 0.189 0.096 0.066 0.047 0.058 0.144 
   7   (0.034) 0.010 0.022 0.037 0.030 0.014 0.015 
   8   (0.050) 0.011 0.041 0.060 0.065 0.042 0.015 
   9   (0.110) 0.043 0.087 0.105 0.205 0.181 0.128 
  10   (0.012) 0.002 0.055 0.003 0.002 0.002 0.002 
  11   (0.017) 0.021 0.004 0.018 0.004 0.003 0.004 
  12   (0.011) 0.002 0.002 0.004 0.002 0.003 0.010 

Locus 5 : btms0081 
3 alleles
0.9% missing data
   1   (0.500) 0.614 0.589 0.469 0.327 0.586 0.460 
   2   (0.348) 0.283 0.226 0.402 0.459 0.337 0.372 
   3   (0.152) 0.102 0.185 0.129 0.214 0.078 0.168 

Locus 6 : btms0066 
24 alleles
0.0% missing data
   1   (0.248) 0.331 0.386 0.291 0.346 0.251 0.188 
   2   (0.017) 0.003 0.058 0.005 0.003 0.005 0.007 
   3   (0.036) 0.021 0.007 0.077 0.027 0.033 0.012 
   4   (0.151) 0.212 0.068 0.136 0.135 0.138 0.360 
   5   (0.089) 0.044 0.044 0.195 0.103 0.081 0.107 
   6   (0.058) 0.161 0.014 0.038 0.030 0.062 0.053 
   7   (0.020) 0.041 0.015 0.006 0.003 0.005 0.004 
   8   (0.053) 0.017 0.073 0.040 0.032 0.040 0.077 
   9   (0.025) 0.009 0.005 0.017 0.028 0.149 0.005 
  10   (0.029) 0.007 0.126 0.013 0.005 0.042 0.009 
  11   (0.020) 0.008 0.128 0.006 0.010 0.004 0.005 
  12   (0.037) 0.008 0.009 0.048 0.016 0.027 0.103 
  13   (0.026) 0.021 0.006 0.016 0.018 0.023 0.006 
  14   (0.020) 0.005 0.004 0.006 0.039 0.038 0.003 
  15   (0.017) 0.003 0.005 0.035 0.003 0.011 0.014 
  16   (0.031) 0.034 0.007 0.012 0.072 0.039 0.007 
  17   (0.023) 0.007 0.017 0.016 0.053 0.017 0.005 
  18   (0.012) 0.002 0.002 0.003 0.025 0.002 0.002 
  19   (0.016) 0.006 0.003 0.020 0.009 0.003 0.003 
  20   (0.021) 0.025 0.007 0.006 0.010 0.006 0.021 
  21   (0.018) 0.022 0.007 0.005 0.004 0.010 0.003 
  22   (0.013) 0.009 0.002 0.003 0.002 0.005 0.002 
  23   (0.012) 0.002 0.002 0.003 0.024 0.002 0.002 
  24   (0.011) 0.002 0.005 0.005 0.002 0.006 0.002 

Locus 7 : btms0083 
31 alleles
3.0% missing data
   1   (0.013) 0.003 0.187 0.003 0.003 0.004 0.002 
   2   (0.022) 0.005 0.095 0.023 0.005 0.014 0.004 
   3   (0.029) 0.060 0.006 0.014 0.016 0.066 0.008 
   4   (0.038) 0.040 0.052 0.031 0.011 0.042 0.019 
   5   (0.198) 0.338 0.219 0.213 0.257 0.201 0.160 
   6   (0.020) 0.025 0.007 0.008 0.005 0.021 0.008 
   7   (0.061) 0.023 0.027 0.088 0.155 0.082 0.046 
   8   (0.036) 0.011 0.019 0.114 0.026 0.024 0.013 
   9   (0.031) 0.054 0.007 0.030 0.007 0.014 0.041 
  10   (0.027) 0.098 0.009 0.012 0.021 0.007 0.013 
  11   (0.056) 0.024 0.017 0.067 0.026 0.207 0.119 
  12   (0.018) 0.006 0.037 0.006 0.004 0.004 0.010 
  13   (0.047) 0.021 0.010 0.060 0.071 0.032 0.103 
  14   (0.032) 0.012 0.008 0.080 0.007 0.055 0.054 
  15   (0.029) 0.022 0.022 0.012 0.007 0.013 0.055 
  16   (0.028) 0.063 0.041 0.011 0.005 0.024 0.010 
  17   (0.033) 0.012 0.069 0.017 0.006 0.008 0.176 
  18   (0.058) 0.048 0.044 0.039 0.100 0.037 0.029 
  19   (0.022) 0.005 0.012 0.010 0.087 0.007 0.005 
  20   (0.031) 0.009 0.007 0.047 0.072 0.013 0.009 
  21   (0.012) 0.002 0.028 0.003 0.002 0.002 0.002 
  22   (0.011) 0.002 0.025 0.003 0.002 0.002 0.003 
  23   (0.015) 0.003 0.018 0.013 0.003 0.004 0.007 
  24   (0.010) 0.002 0.003 0.003 0.011 0.002 0.002 
  25   (0.030) 0.077 0.007 0.036 0.010 0.015 0.009 
  26   (0.016) 0.005 0.003 0.007 0.003 0.022 0.047 
  27   (0.031) 0.014 0.006 0.023 0.040 0.016 0.032 
  28   (0.016) 0.007 0.005 0.006 0.004 0.049 0.007 
  29   (0.013) 0.006 0.006 0.006 0.002 0.010 0.005 
  30   (0.010) 0.002 0.002 0.006 0.031 0.002 0.002 
  31   (0.011) 0.002 0.004 0.007 0.002 0.002 0.004 

Locus 8 : b126 
16 alleles
0.0% missing data
   1   (0.042) 0.060 0.039 0.030 0.013 0.012 0.027 
   2   (0.048) 0.015 0.118 0.060 0.009 0.017 0.061 
   3   (0.318) 0.277 0.232 0.377 0.409 0.451 0.372 
   4   (0.031) 0.017 0.011 0.019 0.007 0.015 0.067 
   5   (0.074) 0.135 0.032 0.054 0.050 0.079 0.080 
   6   (0.058) 0.018 0.017 0.133 0.158 0.052 0.035 
   7   (0.104) 0.171 0.023 0.092 0.147 0.169 0.089 
   8   (0.029) 0.008 0.008 0.013 0.060 0.017 0.038 
   9   (0.013) 0.033 0.002 0.003 0.002 0.002 0.002 
  10   (0.040) 0.097 0.025 0.015 0.035 0.017 0.025 
  11   (0.093) 0.040 0.356 0.089 0.036 0.118 0.061 
  12   (0.030) 0.008 0.034 0.032 0.025 0.011 0.008 
  13   (0.069) 0.072 0.093 0.049 0.040 0.022 0.081 
  14   (0.020) 0.011 0.004 0.010 0.004 0.009 0.047 
  15   (0.015) 0.015 0.003 0.016 0.003 0.003 0.003 
  16   (0.016) 0.023 0.003 0.008 0.003 0.005 0.004 

Locus 9 : btms0062 
34 alleles
0.0% missing data
   1   (0.032) 0.044 0.074 0.013 0.008 0.048 0.010 
   2   (0.050) 0.039 0.097 0.025 0.014 0.024 0.171 
   3   (0.080) 0.039 0.108 0.166 0.087 0.100 0.054 
   4   (0.094) 0.212 0.059 0.087 0.170 0.151 0.063 
   5   (0.046) 0.058 0.026 0.108 0.015 0.111 0.026 
   6   (0.025) 0.012 0.008 0.025 0.006 0.025 0.028 
   7   (0.014) 0.004 0.003 0.014 0.002 0.005 0.004 
   8   (0.023) 0.005 0.007 0.067 0.005 0.015 0.015 
   9   (0.039) 0.026 0.019 0.019 0.017 0.081 0.095 
  10   (0.057) 0.069 0.049 0.052 0.051 0.028 0.053 
  11   (0.071) 0.139 0.026 0.053 0.063 0.136 0.058 
  12   (0.043) 0.065 0.010 0.026 0.038 0.015 0.180 
  13   (0.045) 0.110 0.028 0.044 0.023 0.025 0.022 
  14   (0.039) 0.013 0.013 0.037 0.226 0.023 0.037 
  15   (0.025) 0.008 0.005 0.065 0.019 0.008 0.008 
  16   (0.018) 0.004 0.004 0.011 0.020 0.034 0.003 
  17   (0.017) 0.011 0.134 0.005 0.003 0.004 0.004 
  18   (0.013) 0.027 0.003 0.004 0.002 0.003 0.006 
  19   (0.046) 0.019 0.075 0.027 0.073 0.016 0.053 
  20   (0.012) 0.002 0.029 0.003 0.002 0.002 0.002 
  21   (0.028) 0.022 0.053 0.022 0.005 0.015 0.032 
  22   (0.016) 0.003 0.091 0.013 0.004 0.003 0.003 
  23   (0.013) 0.003 0.024 0.004 0.002 0.003 0.003 
  24   (0.020) 0.005 0.005 0.023 0.007 0.013 0.025 
  25   (0.014) 0.004 0.012 0.006 0.003 0.005 0.005 
  26   (0.028) 0.024 0.017 0.013 0.057 0.046 0.018 
  27   (0.019) 0.012 0.004 0.020 0.018 0.024 0.003 
  28   (0.013) 0.002 0.003 0.014 0.007 0.003 0.002 
  29   (0.011) 0.002 0.005 0.004 0.002 0.016 0.005 
  30   (0.011) 0.002 0.002 0.003 0.024 0.002 0.002 
  31   (0.011) 0.002 0.002 0.016 0.002 0.004 0.002 
  32   (0.008) 0.006 0.002 0.003 0.001 0.004 0.003 
  33   (0.010) 0.002 0.004 0.007 0.002 0.002 0.003 
  34   (0.010) 0.002 0.002 0.004 0.021 0.002 0.002 

Locus 10 : btern02 
25 alleles
4.8% missing data
   1   (0.100) 0.082 0.128 0.086 0.091 0.160 0.169 
   2   (0.011) 0.002 0.014 0.003 0.002 0.002 0.002 
   3   (0.079) 0.121 0.028 0.122 0.031 0.087 0.115 
   4   (0.051) 0.138 0.017 0.036 0.079 0.016 0.057 
   5   (0.028) 0.026 0.016 0.024 0.007 0.031 0.010 
   6   (0.044) 0.038 0.023 0.045 0.024 0.138 0.026 
   7   (0.031) 0.027 0.006 0.028 0.111 0.008 0.012 
   8   (0.038) 0.017 0.090 0.036 0.010 0.028 0.021 
   9   (0.074) 0.104 0.091 0.117 0.081 0.053 0.022 
  10   (0.028) 0.013 0.007 0.054 0.006 0.032 0.080 
  11   (0.058) 0.024 0.022 0.102 0.069 0.041 0.084 
  12   (0.035) 0.011 0.121 0.021 0.007 0.018 0.051 
  13   (0.047) 0.068 0.052 0.034 0.043 0.020 0.037 
  14   (0.054) 0.038 0.144 0.024 0.109 0.019 0.051 
  15   (0.009) 0.002 0.002 0.003 0.015 0.070 0.002 
  16   (0.046) 0.019 0.056 0.046 0.040 0.034 0.041 
  17   (0.028) 0.031 0.007 0.014 0.043 0.033 0.017 
  18   (0.040) 0.020 0.011 0.026 0.140 0.023 0.103 
  19   (0.043) 0.076 0.009 0.054 0.020 0.060 0.020 
  20   (0.041) 0.068 0.053 0.042 0.009 0.017 0.029 
  21   (0.024) 0.006 0.050 0.022 0.009 0.012 0.008 
  22   (0.013) 0.003 0.018 0.006 0.006 0.003 0.003 
  23   (0.032) 0.033 0.025 0.034 0.006 0.014 0.026 
  24   (0.031) 0.019 0.007 0.018 0.038 0.076 0.007 
  25   (0.014) 0.014 0.003 0.004 0.004 0.004 0.007 

Locus 11 : btms0086 
3 alleles
0.0% missing data
   1   (0.839) 0.773 0.785 0.869 0.927 0.923 0.840 
   2   (0.139) 0.223 0.190 0.105 0.062 0.072 0.156 
   3   (0.022) 0.004 0.025 0.026 0.011 0.005 0.004 

Locus 12 : bl13 
3 alleles
0.0% missing data
   1   (0.075) 0.043 0.195 0.034 0.252 0.027 0.031 
   2   (0.823) 0.844 0.784 0.868 0.672 0.799 0.885 
   3   (0.102) 0.114 0.021 0.098 0.076 0.174 0.085 

Locus 13 : btms0059 
9 alleles
0.0% missing data
   1   (0.344) 0.341 0.374 0.434 0.345 0.417 0.239 
   2   (0.106) 0.046 0.124 0.098 0.029 0.170 0.276 
   3   (0.066) 0.035 0.109 0.047 0.099 0.032 0.029 
   4   (0.055) 0.087 0.044 0.041 0.022 0.020 0.028 
   5   (0.078) 0.037 0.035 0.117 0.043 0.091 0.064 
   6   (0.300) 0.435 0.299 0.230 0.453 0.242 0.314 
   7   (0.016) 0.003 0.003 0.006 0.003 0.007 0.038 
   8   (0.023) 0.013 0.007 0.023 0.005 0.016 0.007 
   9   (0.011) 0.002 0.004 0.003 0.003 0.005 0.005 

Values of parameters used in structure:
DATAFILE=/Users/johnmola/Desktop/rpbbfeb27/rpbbstructure/project_data,	OUTFILE=/Users/johnmola/Desktop/rpbbfeb27/rpbbstructure/rpbb20k100k/Results/rpbb20k100k_run_55,	NUMINDS=231,	NUMLOCI=13,	MISSING=-9,	LABEL=1,	POPDATA=1,	POPFLAG=0,	PHENOTYPE=0,	EXTRACOLS=0,	MAXPOPS=6,	BURNIN=20000,	NUMREPS=100000,	USEPOPINFO=0,	INFERALPHA=1,	INFERLAMBDA=0,	POPSPECIFICLAMBDA=0,	POPALPHAS=0,	COMPUTEPROB=1,	NOADMIX=0,	ADMBURNIN=2500,	UPDATEFREQ=1,	PRINTLIKES=0,	INTERMEDSAVE=0,	PRINTKLD=0,	PRINTNET=0,	PRINTLAMBDA=0,	ANCESTDIST=0,	NUMBOXES=1000,	ANCESTPINT=0.90000,	GENSBACK=2,	MIGRPRIOR=0.05000,	PRINTQHAT=0,	PRINTQSUM=0,	ALPHA=1.0000,	FREQSCORR=1,	FPRIORMEAN=0.0100,	FPRIORSD=0.0500,	ONEFST=0,	LAMBDA=1.0000,	UNIFPRIORALPHA=1,	ALPHAMAX=10.0000,	ALPHAPRIORA=1.0000,	ALPHAPRIORB=2.0000,	ALPHAPROPSD=0.0250,	STARTATPOPINFO=0,	RANDOMIZE=1,	LINKAGE=0,	METROFREQ=10,	REPORTHITRATE=0,	MARKOVPHASE=-1,	PHASED=0,	PLOIDY=2,	PHASEINFO=0	LOCPRIOR=0, 	LOCPRIORINIT=1.000000, 	LOCDATA=0, 	LOCISPOP=0, 	LOCPRIORSTEP=0.100000, 	MAXLOCPRIOR=20.000000, 	SEED=1677520355,	
[STRAT parameters]:    NUMSIMSTATS=1000,	PHENOTYPECOL=-9,	POOLFREQ=10,	LOCUSxONLY=0,	EMERROR=0.00100,	MISSINGPHENO=-9,	